date,lat,lon,ind
2019-12-09,40.707165,-73.923711,282843
2019-12-09,40.698617,-73.941342,282843
2019-12-09,40.76360467795863,-73.98917958140373,282844
2019-12-09,40.751873,-73.977706,282844
2019-12-09,40.73624527,-73.98473765,282845
2019-12-09,40.72621788,-73.98379855,282845
2019-12-09,40.695065,-73.987167,282846
2019-12-09,40.763189,-73.978434,282846
2019-12-09,40.7601853,-73.9362726,282847
2019-12-09,40.7596276,-73.9321455,282847
2019-12-09,40.72966729392978,-73.98067966103554,282848
2019-12-09,40.73047747,-73.99906065,282848
2019-12-09,40.72740794,-73.98142006,282849
2019-12-09,40.73223272,-73.98889957,282849
2019-12-09,40.736502,-73.97809472,282850
2019-12-09,40.736502,-73.97809472,282850
2019-12-09,40.75640548,-73.9900262,282851
2019-12-09,40.75001986,-73.96905301,282851
2019-12-09,40.763154,-73.920827,282852
2019-12-09,40.7675487799971,-73.9209334552288,282852
2019-12-09,40.72621788,-73.98379855,282853
2019-12-09,40.720747,-73.986274,282853
2019-12-09,40.74322681432173,-73.97449783980846,282854
2019-12-09,40.74765947,-73.98490707,282854
2019-12-09,40.749156,-73.9916,282855
2019-12-09,40.74290902,-73.97706058,282855
2019-12-09,40.6765198,-73.9596082,282856
2019-12-09,40.6707767,-73.9576801,282856
2019-12-09,40.71816969454208,-73.95520135760307,282857
2019-12-09,40.71929301,-73.94500379,282857
2019-12-09,40.73454567,-73.99074142,282858
2019-12-09,40.74964,-73.98805,282858
2019-12-09,40.71246,-73.91873,282859
2019-12-09,40.704425,-73.92836,282859
2019-12-09,40.665816,-73.956934,282860
2019-12-09,40.672695,-73.954131,282860
2019-12-09,40.7859201,-73.94860294,282861
2019-12-09,40.79329668,-73.9432083,282861
2019-12-09,40.72036775298455,-73.96165072917938,282862
2019-12-09,40.71413311,-73.95234386,282862
2019-12-09,40.70955958,-74.00653609,282863
2019-12-09,40.72019576,-73.98997825,282863
2019-12-09,40.70955958,-74.00653609,282864
2019-12-09,40.72019576,-73.98997825,282864
2019-12-09,40.73232194,-73.9550858,282865
2019-12-09,40.71816969454208,-73.95520135760307,282865
2019-12-09,40.75066386,-74.00176802,282866
2019-12-09,40.7390169121,-74.0026376103,282866
2019-12-09,40.6845683,-73.95881081,282867
2019-12-09,40.68841,-73.979458,282867
2019-12-09,40.71427487,-73.98990025,282868
2019-12-09,40.713126,-73.984844,282868
2019-12-09,40.71745169,-73.95850939,282869
2019-12-09,40.72079821,-73.95484712,282869
2019-12-09,40.73047309,-73.98672378,282870
2019-12-09,40.72307749068673,-73.98583620786667,282870
2019-12-09,40.79329668,-73.9432083,282871
2019-12-09,40.7839636,-73.9471673,282871
2019-12-09,40.746647,-73.993915,282872
2019-12-09,40.738046142482766,-73.99642959237099,282872
2019-12-09,40.699304,-73.923044,282873
2019-12-09,40.71323,-73.93894,282873
2019-12-09,40.69760127,-73.99344559,282874
2019-12-09,40.69102925677968,-73.99183362722397,282874
2019-12-09,40.79406660818552,-73.96286845207214,282875
2019-12-09,40.76590936,-73.97634151,282875
2019-12-09,40.76009437,-73.99461843,282876
2019-12-09,40.751551,-73.993934,282876
2019-12-09,40.79406660818552,-73.96286845207214,282877
2019-12-09,40.76590936,-73.97634151,282877
2019-12-09,40.71605866,-73.99190759,282878
2019-12-09,40.7262807,-73.98978041,282878
2019-12-09,40.73704984,-73.99009296,282879
2019-12-09,40.73381219196632,-73.98054420948029,282879
2019-12-09,40.72779126,-73.98564945,282880
2019-12-09,40.73020660529954,-73.99102628231049,282880
2019-12-09,40.73038599,-74.00214988,282881
2019-12-09,40.73781509,-73.99994661,282881
2019-12-09,40.70140317257725,-73.98672670125961,282882
2019-12-09,40.70255088,-73.98940236,282882
2019-12-09,40.76500525,-73.95818491,282883
2019-12-09,40.76095756,-73.96724467,282883
2019-12-09,40.7689738,-73.95482273,282884
2019-12-09,40.73047309,-73.98672378,282884
2019-12-09,40.74173969,-73.99415556,282885
2019-12-09,40.76341379,-73.99667444,282885
2019-12-09,40.735238,-74.000271,282886
2019-12-09,40.73143724085228,-73.99490341544151,282886
2019-12-09,40.6882,-73.90798,282887
2019-12-09,40.6786,-73.90369,282887
2019-12-09,40.70583339,-73.94644578,282888
2019-12-09,40.71850211,-73.98329859,282888
2019-12-09,40.7919557,-73.968087,282889
2019-12-09,40.7937704,-73.971888,282889
2019-12-09,40.75724567911726,-73.97805914282799,282890
2019-12-09,40.763189,-73.978434,282890
2019-12-09,40.6716493,-73.9631145,282891
2019-12-09,40.6750207,-73.97111473,282891
2019-12-09,40.72066442,-73.98517977,282892
2019-12-09,40.713126,-73.984844,282892
2019-12-09,40.720747,-73.986274,282893
2019-12-09,40.73314259,-73.97573881,282893
2019-12-09,40.76727216,-73.99392888,282894
2019-12-09,40.741459,-73.983293,282894
2019-12-09,40.75594159,-74.0021163,282895
2019-12-09,40.7746671,-73.98470567,282895
2019-12-09,40.72746420692392,-73.97950418293476,282896
2019-12-09,40.72580614,-73.97422494,282896
2019-12-09,40.71926081,-73.98178024,282897
2019-12-09,40.71413089,-73.9970468,282897
2019-12-09,40.72217444,-73.98368779,282898
2019-12-09,40.722103786686034,-73.99724900722504,282898
2019-12-09,40.730563,-73.973984,282899
2019-12-09,40.74475148,-73.99915362,282899
2019-12-09,40.751396,-74.005226,282900
2019-12-09,40.7361967,-74.00859207,282900
2019-12-09,40.713126,-73.984844,282901
2019-12-09,40.71605866,-73.99190759,282901
2019-12-09,40.7575699,-73.99098507,282902
2019-12-09,40.76727216,-73.99392888,282902
2019-12-09,40.718822,-73.99596,282903
2019-12-09,40.71605866,-73.99190759,282903
2019-12-09,40.78720869,-73.98128127,282904
2019-12-09,40.77966809007312,-73.98093044757842,282904
2019-12-09,40.754691750226016,-73.99740189313889,282905
2019-12-09,40.74901271,-73.98848395,282905
2019-12-09,40.75724567911726,-73.97805914282799,282906
2019-12-09,40.763189,-73.978434,282906
2019-12-09,40.744219,-73.97121214,282907
2019-12-09,40.7457121,-73.98194829,282907
2019-12-09,40.75640548,-73.9900262,282908
2019-12-09,40.763189,-73.978434,282908
2019-12-09,40.72740794,-73.98142006,282909
2019-12-09,40.73221853,-73.98165557,282909
2019-12-09,40.739445,-73.976806,282910
2019-12-09,40.74345335,-74.00004031,282910
2019-12-09,40.76019252,-73.9912551,282911
2019-12-09,40.763189,-73.978434,282911
2019-12-09,40.76269882,-73.99301222,282912
2019-12-09,40.74964,-73.98805,282912
2019-12-09,40.71167351,-73.95141312,282913
2019-12-09,40.69573398,-73.97129668,282913
2019-12-09,40.8021174,-73.9681805305,282914
2019-12-09,40.805973,-73.964928,282914
2019-12-09,40.72110063,-73.9919254,282915
2019-12-09,40.741459,-73.983293,282915
2019-12-09,40.70706456,-74.00731853,282916
2019-12-09,40.74177603,-74.00149746,282916
2019-12-09,40.75797322,-73.96603308,282917
2019-12-09,40.76500525,-73.95818491,282917
2019-12-09,40.72307749068673,-73.98583620786667,282918
2019-12-09,40.72706363348306,-73.99662137031554,282918
2019-12-09,40.751396,-74.005226,282919
2019-12-09,40.72917025,-73.99810231,282919
2019-12-09,40.711512,-74.015756,282920
2019-12-09,40.711512,-74.015756,282920
2019-12-09,40.73221853,-73.98165557,282921
2019-12-09,40.7262807,-73.98978041,282921
2019-12-09,40.73221853,-73.98165557,282922
2019-12-09,40.7262807,-73.98978041,282922
2019-12-09,40.76095756,-73.96724467,282923
2019-12-09,40.75724567911726,-73.97805914282799,282923
2019-12-09,40.75797322,-73.96603308,282924
2019-12-09,40.75001986,-73.96905301,282924
2019-12-09,40.736502,-73.97809472,282925
2019-12-09,40.74322681432173,-73.97449783980846,282925
2019-12-09,40.7381765,-73.97738662,282926
2019-12-09,40.75513557,-73.98658032,282926
2019-12-09,40.686203,-73.944694,282927
2019-12-09,40.6845683,-73.95881081,282927
2019-12-09,40.76344058,-73.98268129,282928
2019-12-09,40.7451677,-73.98683077,282928
2019-12-09,40.757186,-73.932719,282929
2019-12-09,40.7485,-73.941275,282929
2019-12-09,40.7981856,-73.9605909006,282930
2019-12-09,40.8120562,-73.9612547,282930
2019-12-09,40.6809833854,-73.9500479759,282931
2019-12-09,40.69072549,-73.95133465,282931
2019-12-09,40.71307916,-73.99851193,282932
2019-12-09,40.73224119,-74.00026394,282932
2019-12-09,40.67890679,-73.94142771,282933
2019-12-09,40.6716493,-73.9631145,282933
2019-12-09,40.73143724085228,-73.99490341544151,282934
2019-12-09,40.7208736,-73.98085795,282934
2019-12-09,40.74691959,-74.00451887,282935
2019-12-09,40.74475148,-73.99915362,282935
2019-12-09,40.72325,-73.94308,282936
2019-12-09,40.707174,-73.93581,282936
2019-12-09,40.736502,-73.97809472,282937
2019-12-09,40.71850211,-73.98329859,282937
2019-12-09,40.734232,-73.986923,282938
2019-12-09,40.73221853,-73.98165557,282938
2019-12-09,40.75019995,-73.99093085,282939
2019-12-09,40.74144387,-73.97536082,282939
2019-12-09,40.75019995,-73.99093085,282940
2019-12-09,40.74144387,-73.97536082,282940
2019-12-09,40.68650065,-73.96563307,282941
2019-12-09,40.72621788,-73.98379855,282941
2019-12-09,40.716887,-73.963198,282942
2019-12-09,40.70924826276157,-73.96063148975372,282942
2019-12-09,40.74487634,-73.99529885,282943
2019-12-09,40.7403432,-73.98955109,282943
2019-12-09,40.734232,-73.986923,282944
2019-12-09,40.7451677,-73.98683077,282944
2019-12-09,40.73266,-73.95826,282945
2019-12-09,40.72706363348306,-73.99662137031554,282945
2019-12-09,40.73224119,-74.00026394,282946
2019-12-09,40.77149671054441,-73.99046033620834,282946
2019-12-09,40.76030096,-73.99884222,282947
2019-12-09,40.7575699,-73.99098507,282947
2019-12-09,40.71907891179564,-73.94223690032959,282948
2019-12-09,40.70076,-73.93641,282948
2019-12-09,40.7919557,-73.968087,282949
2019-12-09,40.8067581,-73.9607082,282949
2019-12-09,40.70853074,-73.96408963,282950
2019-12-09,40.71534825,-73.96024116,282950
2019-12-09,40.72521311,-73.97768752,282951
2019-12-09,40.73143724085228,-73.99490341544151,282951
2019-12-09,40.73047309,-73.98672378,282952
2019-12-09,40.73143724085228,-73.99490341544151,282952
2019-12-09,40.722055,-73.989111,282953
2019-12-09,40.73221853,-73.98165557,282953
2019-12-09,40.75892386377695,-73.96226227283478,282954
2019-12-09,40.76500525,-73.95818491,282954
2019-12-09,40.6758324,-73.9561677,282955
2019-12-09,40.68312489,-73.97895137,282955
2019-12-09,40.73047747,-73.99906065,282956
2019-12-09,40.73624527,-73.98473765,282956
2019-12-09,40.72779126,-73.98564945,282957
2019-12-09,40.724308321602166,-74.00473035871983,282957
2019-12-09,40.7262807,-73.98978041,282958
2019-12-09,40.72621788,-73.98379855,282958
2019-12-09,40.72311651,-73.95212324,282959
2019-12-09,40.72079821,-73.95484712,282959
2019-12-09,40.78145,-73.9183302,282960
2019-12-09,40.7747878,-73.9125551,282960
2019-12-09,40.738046142482766,-73.99642959237099,282961
2019-12-09,40.73143724085228,-73.99490341544151,282961
2019-12-09,40.7961535,-73.94782145,282962
2019-12-09,40.8021174,-73.9681805305,282962
2019-12-09,40.78112229934166,-73.94965589046478,282963
2019-12-09,40.77565541,-73.95068615,282963
2019-12-09,40.72110063,-73.9919254,282964
2019-12-09,40.73047309,-73.98672378,282964
2019-12-09,40.74964,-73.98805,282965
2019-12-09,40.73221853,-73.98165557,282965
2019-12-09,40.73454567,-73.99074142,282966
2019-12-09,40.74937024193277,-73.99923384189606,282966
2019-12-09,40.759125,-73.962658,282967
2019-12-09,40.759107,-73.959223,282967
2019-12-09,40.74901271,-73.98848395,282968
2019-12-09,40.763189,-73.978434,282968
2019-12-09,40.73935542,-73.99931783,282969
2019-12-09,40.734232,-73.986923,282969
2019-12-09,40.70122128,-74.01234218,282970
2019-12-09,40.70122128,-74.01234218,282970
2019-12-09,40.734232,-73.986923,282971
2019-12-09,40.735445,-73.99431,282971
2019-12-09,40.70717936,-74.00887308,282972
2019-12-09,40.707873,-74.00167,282972
2019-12-09,40.752269,-73.982079,282973
2019-12-09,40.7575699,-73.99098507,282973
2019-12-09,40.71850211,-73.98329859,282974
2019-12-09,40.73381219196632,-73.98054420948029,282974
2019-12-09,40.73314259,-73.97573881,282975
2019-12-09,40.73704984,-73.99009296,282975
2019-12-09,40.74238787,-73.99726235,282976
2019-12-09,40.74691959,-74.00451887,282976
2019-12-09,40.6703837,-73.97839676,282977
2019-12-09,40.6610633719006,-73.97945255041122,282977
2019-12-09,40.6703837,-73.97839676,282978
2019-12-09,40.6610633719006,-73.97945255041122,282978
2019-12-09,40.71745169,-73.95850939,282979
2019-12-09,40.72317958,-73.99480012,282979
2019-12-09,40.72110063,-73.9919254,282980
2019-12-09,40.72779126,-73.98564945,282980
2019-12-09,40.76344058,-73.98268129,282981
2019-12-09,40.76727216,-73.99392888,282981
2019-12-09,40.73454567,-73.99074142,282982
2019-12-09,40.73226398,-73.99852205,282982
2019-12-09,40.770513,-73.988038,282983
2019-12-09,40.76269882,-73.99301222,282983
2019-12-09,40.72606,-73.95621,282984
2019-12-09,40.72036775298455,-73.96165072917938,282984
2019-12-09,40.74691959,-74.00451887,282985
2019-12-09,40.73172428,-74.00674436,282985
2019-12-09,40.760339,-73.9222427,282986
2019-12-09,40.7713937,-73.9077436,282986
2019-12-09,40.72966729392978,-73.98067966103554,282987
2019-12-09,40.75323098,-73.97032517,282987
2019-12-09,40.7172274,-73.98802084,282988
2019-12-09,40.72779126,-73.98564945,282988
2019-12-09,40.6851443,-73.95380904,282989
2019-12-09,40.68186,-73.959432,282989
2019-12-09,40.68676793,-73.95928168,282990
2019-12-09,40.69239502,-73.99337909,282990
2019-12-09,40.75455731,-73.96592976,282991
2019-12-09,40.759125,-73.962658,282991
2019-12-09,40.741459,-73.983293,282992
2019-12-09,40.74444921,-73.98303529,282992
2019-12-09,40.71406667,-73.99293911,282993
2019-12-09,40.72917025,-73.99810231,282993
2019-12-09,40.71605866,-73.99190759,282994
2019-12-09,40.7262807,-73.98978041,282994
2019-12-09,40.741459,-73.983293,282995
2019-12-09,40.72740794,-73.98142006,282995
2019-12-09,40.741459,-73.983293,282996
2019-12-09,40.72740794,-73.98142006,282996
2019-12-09,40.72082834,-73.97793172,282997
2019-12-09,40.710451,-73.960876,282997
2019-12-09,40.70684203101325,-73.9544353965357,282998
2019-12-09,40.74096374,-73.98602213,282998
2019-12-09,40.7568001,-73.98291153,282999
2019-12-09,40.75640548,-73.9900262,282999
2019-12-09,40.74395411,-73.99144871,283000
2019-12-09,40.7390169121,-74.0026376103,283000
2019-12-09,40.67890679,-73.94142771,283001
2019-12-09,40.69236178,-73.98631746,283001
2019-12-09,40.74317449,-74.00366443,283002
2019-12-09,40.73935542,-73.99931783,283002
2019-12-09,40.75797322,-73.96603308,283003
2019-12-09,40.7652654,-73.98192338,283003
2019-12-09,40.72903917,-73.99404649,283004
2019-12-09,40.73047747,-73.99906065,283004
2019-12-09,40.734814,-73.992085,283005
2019-12-09,40.738046142482766,-73.99642959237099,283005
2019-12-09,40.69236178,-73.98631746,283006
2019-12-09,40.69327018,-73.97703874,283006
2019-12-09,40.722055,-73.989111,283007
2019-12-09,40.73401143,-74.00293877,283007
2019-12-09,40.7746671,-73.98470567,283008
2019-12-09,40.77748046,-73.98288594,283008
2019-12-09,40.73652889,-74.00618026,283009
2019-12-09,40.73532427,-73.99800419,283009
2019-12-09,40.73223272,-73.98889957,283010
2019-12-09,40.73047747,-73.99906065,283010
2019-12-09,40.735445,-73.99431,283011
2019-12-09,40.74238787,-73.99726235,283011
2019-12-09,40.73172428,-74.00674436,283012
2019-12-09,40.73047747,-73.99906065,283012
2019-12-09,40.75640548,-73.9900262,283013
2019-12-09,40.7597108,-73.97402311,283013
2019-12-09,40.70767788,-73.94016171,283014
2019-12-09,40.704508,-73.9351,283014
2019-12-09,40.75513557,-73.98658032,283015
2019-12-09,40.73781509,-73.99994661,283015
2019-12-09,40.73935542,-73.99931783,283016
2019-12-09,40.74317449,-74.00366443,283016
2019-12-09,40.759125,-73.962658,283017
2019-12-09,40.75992262,-73.97648516,283017
2019-12-09,40.68683208,-73.9796772,283018
2019-12-09,40.6793307,-73.97519523,283018
2019-12-09,40.70924826276157,-73.96063148975372,283019
2019-12-09,40.71907891179564,-73.94223690032959,283019
2019-12-09,40.72740794,-73.98142006,283020
2019-12-09,40.73020660529954,-73.99102628231049,283020
2019-12-09,40.693261,-73.968896,283021
2019-12-09,40.69196566,-73.9813018,283021
2019-12-09,40.72453734,-73.98185424,283022
2019-12-09,40.72966729392978,-73.98067966103554,283022
2019-12-09,40.7612274,-73.96094022,283023
2019-12-09,40.76500525,-73.95818491,283023
2019-12-09,40.72325,-73.94308,283024
2019-12-09,40.705517,-73.93936,283024
2019-12-09,40.7208736,-73.98085795,283025
2019-12-09,40.730563,-73.973984,283025
2019-12-09,40.77112927,-73.95772297,283026
2019-12-09,40.76095756,-73.96724467,283026
2019-12-09,40.75929124,-73.98859651,283027
2019-12-09,40.75299641,-73.98721619,283027
2019-12-09,40.704508,-73.9351,283028
2019-12-09,40.7103685423523,-73.94705951213837,283028
2019-12-09,40.71602118,-73.99974372,283029
2019-12-09,40.71910537,-73.99973337,283029
2019-12-09,40.73047309,-73.98672378,283030
2019-12-09,40.71782143,-73.97628939,283030
2019-12-09,40.6867443,-73.99063168,283031
2019-12-09,40.6812117,-74.00860912,283031
2019-12-09,40.71559509,-73.9870295,283032
2019-12-09,40.71605866,-73.99190759,283032
2019-12-09,40.7839636,-73.9471673,283033
2019-12-09,40.741459,-73.983293,283033
2019-12-09,40.72325,-73.94308,283034
2019-12-09,40.72557,-73.94434,283034
2019-12-09,40.68926942,-73.98912867,283035
2019-12-09,40.68506807308177,-73.97790759801863,283035
2019-12-09,40.71910537,-73.99973337,283036
2019-12-09,40.71273266,-74.0046073,283036
2019-12-09,40.72917025,-73.99810231,283037
2019-12-09,40.74173969,-73.99415556,283037
2019-12-09,40.7643971,-73.97371465,283038
2019-12-09,40.75640548,-73.9900262,283038
2019-12-09,40.704508,-73.9351,283039
2019-12-09,40.6814598,-73.934903,283039
2019-12-09,40.76663814,-73.95348296,283040
2019-12-09,40.77314236,-73.95856158,283040
2019-12-09,40.69327018,-73.97703874,283041
2019-12-09,40.69236178,-73.98631746,283041
2019-12-09,40.76030096,-73.99884222,283042
2019-12-09,40.746745,-74.007756,283042
2019-12-09,40.72299208,-73.97995466,283043
2019-12-09,40.74444921,-73.98303529,283043
2019-12-09,40.72966729392978,-73.98067966103554,283044
2019-12-09,40.72710258,-74.00297088,283044
2019-12-09,40.7557327,-73.9236611,283045
2019-12-09,40.705517,-73.93936,283045
2019-12-09,40.73555,-73.95284,283046
2019-12-09,40.74232744,-73.95411749,283046
2019-12-09,40.795,-73.9645,283047
2019-12-09,40.79406660818552,-73.96286845207214,283047
2019-12-09,40.7519071,-73.9479119,283048
2019-12-09,40.770845,-73.934171,283048
2019-12-09,40.72494672359416,-74.00165855884552,283049
2019-12-09,40.72456089,-73.99565293,283049
2019-12-09,40.72966729392978,-73.98067966103554,283050
2019-12-09,40.73532427,-73.99800419,283050
2019-12-09,40.77801203,-73.95407149,283051
2019-12-09,40.77677702,-73.9590097,283051
2019-12-09,40.75255434,-73.97282625,283052
2019-12-09,40.752269,-73.982079,283052
2019-12-09,40.71622644,-73.98261206,283053
2019-12-09,40.722055,-73.989111,283053
2019-12-09,40.7381765,-73.97738662,283054
2019-12-09,40.751873,-73.977706,283054
2019-12-09,40.72951496224949,-73.99075269699097,283055
2019-12-09,40.73535398,-74.00483091,283055
2019-12-09,40.809725,-73.953149,283056
2019-12-09,40.804213,-73.96699104,283056
2019-12-09,40.7869946,-73.94164802,283057
2019-12-09,40.7839636,-73.9471673,283057
2019-12-09,40.73624527,-73.98473765,283058
2019-12-09,40.73143724085228,-73.99490341544151,283058
2019-12-09,40.73221853,-73.98165557,283059
2019-12-09,40.722055,-73.989111,283059
2019-12-09,40.74232744,-73.95411749,283060
2019-12-09,40.74731,-73.95451,283060
2019-12-09,40.72228087,-73.97668709,283061
2019-12-09,40.728846,-74.008591,283061
2019-12-09,40.76019252,-73.9912551,283062
2019-12-09,40.73935542,-73.99931783,283062
2019-12-09,40.72779126,-73.98564945,283063
2019-12-09,40.74177603,-74.00149746,283063
2019-12-09,40.76360467795863,-73.98917958140373,283064
2019-12-09,40.74177603,-74.00149746,283064
2019-12-09,40.71117416,-74.00016545,283065
2019-12-09,40.71559509,-73.9870295,283065
2019-12-09,40.6610633719006,-73.97945255041122,283066
2019-12-09,40.67759206937376,-73.955637216568,283066
2019-12-09,40.74475148,-73.99915362,283067
2019-12-09,40.746647,-73.993915,283067
2019-12-09,40.76228826,-73.98336183,283068
2019-12-09,40.76095756,-73.96724467,283068
2019-12-09,40.79329668,-73.9432083,283069
2019-12-09,40.7770575,-73.97898475,283069
2019-12-09,40.6767,-73.969024,283070
2019-12-09,40.6793307,-73.97519523,283070
2019-12-09,40.68506807308177,-73.97790759801863,283071
2019-12-09,40.6793307,-73.97519523,283071
2019-12-09,40.7390169121,-74.0026376103,283072
2019-12-09,40.74286877312112,-73.98918628692627,283072
2019-12-09,40.751873,-73.977706,283073
2019-12-09,40.75797322,-73.96603308,283073
2019-12-09,40.71117416,-74.00016545,283074
2019-12-09,40.71307916,-73.99851193,283074
2019-12-09,40.6792788,-73.98154004,283075
2019-12-09,40.6740123,-73.9671457,283075
2019-12-09,40.68900443,-73.96023854,283076
2019-12-09,40.69308257,-73.97178913,283076
2019-12-09,40.72494672359416,-74.00165855884552,283077
2019-12-09,40.722103786686034,-73.99724900722504,283077
2019-12-09,40.75724567911726,-73.97805914282799,283078
2019-12-09,40.77573034,-73.9567526,283078
2019-12-09,40.71782143,-73.97628939,283079
2019-12-09,40.73047309,-73.98672378,283079
2019-12-09,40.7575699,-73.99098507,283080
2019-12-09,40.76727216,-73.99392888,283080
2019-12-09,40.710451,-73.960876,283081
2019-12-09,40.70924826276157,-73.96063148975372,283081
2019-12-09,40.73935542,-73.99931783,283082
2019-12-09,40.75255434,-73.97282625,283082
2019-12-09,40.8082,-73.9641,283083
2019-12-09,40.7475739589548,-73.9788007736206,283083
2019-12-09,40.73704984,-73.99009296,283084
2019-12-09,40.735445,-73.99431,283084
2019-12-09,40.72521311,-73.97768752,283085
2019-12-09,40.720747,-73.986274,283085
2019-12-09,40.77966809007312,-73.98093044757842,283086
2019-12-09,40.7882213,-73.97041561,283086
2019-12-09,40.686203,-73.944694,283087
2019-12-09,40.71413311,-73.95234386,283087
2019-12-09,40.72606,-73.95621,283088
2019-12-09,40.71816969454208,-73.95520135760307,283088
2019-12-09,40.77515953434235,-73.98918695747852,283089
2019-12-09,40.7746671,-73.98470567,283089
2019-12-09,40.7862586,-73.94552579,283090
2019-12-09,40.805726,-73.936322,283090
2019-12-09,40.72966729392978,-73.98067966103554,283091
2019-12-09,40.7390169121,-74.0026376103,283091
2019-12-09,40.68900443,-73.96023854,283092
2019-12-09,40.68323865460341,-73.96599590778351,283092
2019-12-09,40.72079821,-73.95484712,283093
2019-12-09,40.71167351,-73.95141312,283093
2019-12-09,40.72621788,-73.98379855,283094
2019-12-09,40.73143724085228,-73.99490341544151,283094
2019-12-09,40.711863,-73.944024,283095
2019-12-09,40.71247661,-73.94100005,283095
2019-12-09,40.7262807,-73.98978041,283096
2019-12-09,40.70905623,-74.01043382,283096
2019-12-09,40.6750705,-73.98775226,283097
2019-12-09,40.68926942,-73.98912867,283097
2019-12-09,40.72779126,-73.98564945,283098
2019-12-09,40.73020660529954,-73.99102628231049,283098
2019-12-09,40.7647,-73.9240312,283099
2019-12-09,40.76108,-73.930562,283099
2019-12-09,40.78145,-73.9183302,283100
2019-12-09,40.73020660529954,-73.99102628231049,283100
2019-12-09,40.71247661,-73.94100005,283101
2019-12-09,40.70539,-73.92976,283101
2019-12-09,40.76019252,-73.9912551,283102
2019-12-09,40.76019252,-73.9912551,283102
2019-12-09,40.75640548,-73.9900262,283103
2019-12-09,40.75066386,-74.00176802,283103
2019-12-09,40.74395411,-73.99144871,283104
2019-12-09,40.74475148,-73.99915362,283104
2019-12-09,40.73454567,-73.99074142,283105
2019-12-09,40.73143724085228,-73.99490341544151,283105
2019-12-09,40.77163851,-73.98261428,283106
2019-12-09,40.77748046,-73.98288594,283106
2019-12-09,40.71816969454208,-73.95520135760307,283107
2019-12-09,40.72179134,-73.9504154,283107
2019-12-09,40.6737236,-73.9631611,283108
2019-12-09,40.6769694,-73.96579,283108
2019-12-09,40.80756,-73.939182,283109
2019-12-09,40.8114323,-73.9518776,283109
2019-12-09,40.70166,-73.92754,283110
2019-12-09,40.710451,-73.960876,283110
2019-12-09,40.76500525,-73.95818491,283111
2019-12-09,40.7612274,-73.96094022,283111
2019-12-09,40.781410700190015,-73.95595908164978,283112
2019-12-09,40.7839636,-73.9471673,283112
2019-12-09,40.7919557,-73.968087,283113
2019-12-09,40.7969347,-73.9643412291,283113
2019-12-09,40.71605866,-73.99190759,283114
2019-12-09,40.72217444,-73.98368779,283114
2019-12-09,40.74901271,-73.98848395,283115
2019-12-09,40.76019252,-73.9912551,283115
2019-12-09,40.69527008,-73.95238108,283116
2019-12-09,40.6794268,-73.9298911,283116
2019-12-09,40.73047309,-73.98672378,283117
2019-12-09,40.72740794,-73.98142006,283117
2019-12-09,40.73047309,-73.98672378,283118
2019-12-09,40.71782143,-73.97628939,283118
2019-12-09,40.76727216,-73.99392888,283119
2019-12-09,40.76370739,-73.9851615,283119
2019-12-09,40.6795766,-73.97854971,283120
2019-12-09,40.68312489,-73.97895137,283120
2019-12-09,40.75714758,-73.97207836,283121
2019-12-09,40.75510267,-73.97498696,283121
2019-12-09,40.7973721,-73.97041192,283122
2019-12-09,40.78948541553215,-73.95242929458618,283122
2019-12-09,40.74734825,-73.99723551,283123
2019-12-09,40.749717753,-74.002950346,283123
2019-12-09,40.73038599,-74.00214988,283124
2019-12-09,40.7262807,-73.98978041,283124
2019-12-09,40.69425403,-73.94626915,283125
2019-12-09,40.70099,-73.93921,283125
2019-12-09,40.75172632,-73.98753523,283126
2019-12-09,40.76370739,-73.9851615,283126
2019-12-09,40.7284186,-73.98713956,283127
2019-12-09,40.697842,-73.926241,283127
2019-12-09,40.72217444,-73.98368779,283128
2019-12-09,40.72082834,-73.97793172,283128
2019-12-09,40.68652,-73.91321,283129
2019-12-09,40.72456089,-73.99565293,283129
2019-12-09,40.706237,-73.933871,283130
2019-12-09,40.72456089,-73.99565293,283130
2019-12-09,40.71766197083994,-73.94880026578903,283131
2019-12-09,40.703545,-73.917775,283131
2019-12-09,40.72082834,-73.97793172,283132
2019-12-09,40.72217444,-73.98368779,283132
2019-12-09,40.76727216,-73.99392888,283133
2019-12-09,40.77565541,-73.95068615,283133
2019-12-09,40.6883337,-73.950916,283134
2019-12-09,40.69236178,-73.98631746,283134
2019-12-09,40.76727216,-73.99392888,283135
2019-12-09,40.77565541,-73.95068615,283135
2019-12-09,40.71167351,-73.95141312,283136
2019-12-09,40.716657,-73.93637,283136
2019-12-09,40.6705135,-73.98876585,283137
2019-12-09,40.6728155,-73.98352355,283137
2019-12-09,40.72951496224949,-73.99075269699097,283138
2019-12-09,40.73944820130404,-74.00507032871246,283138
2019-12-09,40.72243797,-74.00566443,283139
2019-12-09,40.7390169121,-74.0026376103,283139
2019-12-09,40.702997,-73.92997,283140
2019-12-09,40.70166,-73.92754,283140
2019-12-09,40.700003,-73.92834,283141
2019-12-09,40.702997,-73.92997,283141
2019-12-09,40.71782143,-73.97628939,283142
2019-12-09,40.73047309,-73.98672378,283142
2019-12-09,40.70112,-73.93039,283143
2019-12-09,40.700003,-73.92834,283143
2019-12-09,40.700003,-73.92834,283144
2019-12-09,40.70112,-73.93039,283144
2019-12-09,40.768254,-73.988639,283145
2019-12-09,40.76471851944339,-73.96222069859505,283145
2019-12-09,40.707165,-73.923711,283146
2019-12-09,40.700003,-73.92834,283146
2019-12-09,40.76873687,-73.96119945,283147
2019-12-09,40.7689738,-73.95482273,283147
2019-12-09,40.72746420692392,-73.97950418293476,283148
2019-12-09,40.728846,-74.008591,283148
2019-12-09,40.76068327096592,-73.9845272898674,283149
2019-12-09,40.74734825,-73.99723551,283149
2019-12-09,40.697481,-73.935877,283150
2019-12-09,40.69329,-73.92852,283150
2019-12-09,40.72311651,-73.95212324,283151
2019-12-09,40.71469,-73.95739,283151
2019-12-09,40.72906,-73.95779,283152
2019-12-09,40.71427487,-73.98990025,283152
2019-12-09,40.7597108,-73.97402311,283153
2019-12-09,40.7699426,-73.96060712,283153
2019-12-09,40.73935542,-73.99931783,283154
2019-12-09,40.734232,-73.986923,283154
2019-12-09,40.76030096,-73.99884222,283155
2019-12-09,40.7575699,-73.99098507,283155
2019-12-09,40.689888,-73.981013,283156
2019-12-09,40.689888,-73.981013,283156
2019-12-09,40.69580705,-73.97355569,283157
2019-12-09,40.69760127,-73.99344559,283157
2019-12-09,40.68929,-73.90951,283158
2019-12-09,40.70538,-73.92535,283158
2019-12-09,40.72746420692392,-73.97950418293476,283159
2019-12-09,40.73143724085228,-73.99490341544151,283159
2019-12-09,40.76227205,-73.98788205,283160
2019-12-09,40.7505853470215,-73.9946848154068,283160
2019-12-09,40.71893904,-73.99266288,283161
2019-12-09,40.72228087,-73.97668709,283161
2019-12-09,40.71850211,-73.98329859,283162
2019-12-09,40.72110063,-73.9919254,283162
2019-12-09,40.72453734,-73.98185424,283163
2019-12-09,40.72502876,-73.99069656,283163
2019-12-09,40.75455731,-73.96592976,283164
2019-12-09,40.71167351,-73.95141312,283164
2019-12-09,40.69527008,-73.95238108,283165
2019-12-09,40.697787,-73.973736,283165
2019-12-09,40.69331716,-73.95381995,283166
2019-12-09,40.686203,-73.944694,283166
2019-12-09,40.69839895,-73.98068914,283167
2019-12-09,40.69196566,-73.9813018,283167
2019-12-09,40.75066386,-74.00176802,283168
2019-12-09,40.75097711,-73.98765428,283168
2019-12-09,40.71929301,-73.94500379,283169
2019-12-09,40.71335226222875,-73.9491033554077,283169
2019-12-09,40.6882,-73.90798,283170
2019-12-09,40.68929,-73.90951,283170
2019-12-09,40.69081,-73.90448,283171
2019-12-09,40.6882,-73.90798,283171
2019-12-09,40.768254,-73.988639,283172
2019-12-09,40.76344058,-73.98268129,283172
2019-12-09,40.66514681533792,-73.97637605667114,283173
2019-12-09,40.6630619,-73.9538746,283173
2019-12-09,40.7575699,-73.99098507,283174
2019-12-09,40.7652654,-73.98192338,283174
2019-12-09,40.754120810779256,-73.98025184869766,283175
2019-12-09,40.75992262,-73.97648516,283175
2019-12-09,40.69425403,-73.94626915,283176
2019-12-09,40.69331716,-73.95381995,283176
2019-12-09,40.77565541,-73.95068615,283177
2019-12-09,40.77801203,-73.95407149,283177
2019-12-09,40.74322681432173,-73.97449783980846,283178
2019-12-09,40.74334935,-74.00681753,283178
2019-12-09,40.6705135,-73.98876585,283179
2019-12-09,40.6773429,-74.01275056,283179
2019-12-09,40.69331716,-73.95381995,283180
2019-12-09,40.69425403,-73.94626915,283180
2019-12-09,40.802692,-73.96295,283181
2019-12-09,40.80949534777948,-73.94776493310928,283181
2019-12-09,40.7489006,-73.97604882,283182
2019-12-09,40.7489006,-73.97604882,283182
2019-12-09,40.7739825,-73.9309134,283183
2019-12-09,40.7787185,-73.9145645,283183
2019-12-09,40.69331716,-73.95381995,283184
2019-12-09,40.69425403,-73.94626915,283184
2019-12-09,40.76370739,-73.9851615,283185
2019-12-09,40.76068327096592,-73.9845272898674,283185
2019-12-09,40.7489006,-73.97604882,283186
2019-12-09,40.7489006,-73.97604882,283186
2019-12-09,40.702461,-73.986842,283187
2019-12-09,40.714211,-73.981095,283187
2019-12-09,40.71939226,-74.00247214,283188
2019-12-09,40.71939226,-74.00247214,283188
2019-12-09,40.7568001,-73.98291153,283189
2019-12-09,40.75828065,-73.97069431,283189
2019-12-09,40.69331716,-73.95381995,283190
2019-12-09,40.69527008,-73.95238108,283190
2019-12-09,40.75022392,-73.97121414,283191
2019-12-09,40.752269,-73.982079,283191
2019-12-09,40.78499979,-73.97283406,283192
2019-12-09,40.76095756,-73.96724467,283192
2019-12-09,40.78499979,-73.97283406,283193
2019-12-09,40.76095756,-73.96724467,283193
2019-12-09,40.69331716,-73.95381995,283194
2019-12-09,40.69527008,-73.95238108,283194
2019-12-09,40.72710258,-74.00297088,283195
2019-12-09,40.73221853,-73.98165557,283195
2019-12-09,40.686203,-73.944694,283196
2019-12-09,40.69527008,-73.95238108,283196
2019-12-09,40.76030096,-73.99884222,283197
2019-12-09,40.75929124,-73.98859651,283197
2019-12-09,40.72228087,-73.97668709,283198
2019-12-09,40.722055,-73.989111,283198
2019-12-09,40.76500525,-73.95818491,283199
2019-12-09,40.75001986,-73.96905301,283199
2019-12-09,40.75513557,-73.98658032,283200
2019-12-09,40.7575699,-73.99098507,283200
2019-12-09,40.73935542,-73.99931783,283201
2019-12-09,40.746647,-73.993915,283201
2019-12-09,40.77748046,-73.98288594,283202
2019-12-09,40.770513,-73.988038,283202
2019-12-09,40.705517,-73.93936,283203
2019-12-09,40.7557327,-73.9236611,283203
2019-12-09,40.69196566,-73.9813018,283204
2019-12-09,40.69608941,-73.97803415,283204
2019-12-09,40.797911,-73.9423,283205
2019-12-09,40.75455731,-73.96592976,283205
2019-12-09,40.69196566,-73.9813018,283206
2019-12-09,40.689888,-73.981013,283206
2019-12-09,40.74144387,-73.97536082,283207
2019-12-09,40.75640548,-73.9900262,283207
2019-12-09,40.75510267,-73.97498696,283208
2019-12-09,40.75640548,-73.9900262,283208
2019-12-09,40.75992262,-73.97648516,283209
2019-12-09,40.76360467795863,-73.98917958140373,283209
2019-12-09,40.7149787,-74.013012,283210
2019-12-09,40.711512,-74.015756,283210
2019-12-09,40.7597108,-73.97402311,283211
2019-12-09,40.75022392,-73.97121414,283211
2019-12-09,40.70255088,-73.98940236,283212
2019-12-09,40.711863,-73.944024,283212
2019-12-09,40.701907,-74.013942,283213
2019-12-09,40.71754834,-74.01322069,283213
2019-12-09,40.76727216,-73.99392888,283214
2019-12-09,40.76227205,-73.98788205,283214
2019-12-09,40.7643971,-73.97371465,283215
2019-12-09,40.71291224,-74.01020234,283215
2019-12-09,40.73401143,-74.00293877,283216
2019-12-09,40.74177603,-74.00149746,283216
2019-12-09,40.7747878,-73.9125551,283217
2019-12-09,40.7713937,-73.9077436,283217
2019-12-09,40.76030096,-73.99884222,283218
2019-12-09,40.75513557,-73.98658032,283218
2019-12-09,40.76500525,-73.95818491,283219
2019-12-09,40.763954,-73.9646,283219
2019-12-09,40.72456089,-73.99565293,283220
2019-12-09,40.7208736,-73.98085795,283220
2019-12-09,40.69839895,-73.98068914,283221
2019-12-09,40.70140317257725,-73.98672670125961,283221
2019-12-09,40.7974772,-73.9311847,283222
2019-12-09,40.8013066,-73.9398167,283222
2019-12-09,40.715353,-73.93856,283223
2019-12-09,40.711863,-73.944024,283223
2019-12-09,40.7262807,-73.98978041,283224
2019-12-09,40.71269042,-73.98776323,283224
2019-12-09,40.75510267,-73.97498696,283225
2019-12-09,40.7770575,-73.97898475,283225
2019-12-09,40.6867443,-73.99063168,283226
2019-12-09,40.6859296,-74.00242364,283226
2019-12-09,40.76915505,-73.98191841,283227
2019-12-09,40.795346,-73.96186,283227
2019-12-09,40.746647,-73.993915,283228
2019-12-09,40.74475148,-73.99915362,283228
2019-12-09,40.73454567,-73.99074142,283229
2019-12-09,40.73226398,-73.99852205,283229
2019-12-09,40.72743423,-73.99379025,283230
2019-12-09,40.714211,-73.981095,283230
2019-12-09,40.734814,-73.992085,283231
2019-12-09,40.739323,-74.008119,283231
2019-12-09,40.74232744,-73.95411749,283232
2019-12-09,40.74731,-73.95451,283232
2019-12-09,40.7770575,-73.97898475,283233
2019-12-09,40.78472675,-73.96961715,283233
2019-12-09,40.7451677,-73.98683077,283234
2019-12-09,40.74901271,-73.98848395,283234
2019-12-09,40.76030096,-73.99884222,283235
2019-12-09,40.751551,-73.993934,283235
2019-12-09,40.6902375,-73.99203074,283236
2019-12-09,40.69512845,-73.99595065,283236
2019-12-09,40.73587678,-73.98205027,283237
2019-12-09,40.74173969,-73.99415556,283237
2019-12-09,40.7597108,-73.97402311,283238
2019-12-09,40.75019995,-73.99093085,283238
2019-12-09,40.7597108,-73.97402311,283239
2019-12-09,40.75019995,-73.99093085,283239
2019-12-09,40.74173969,-73.99415556,283240
2019-12-09,40.75066386,-74.00176802,283240
2019-12-09,40.734814,-73.992085,283241
2019-12-09,40.73912601,-73.97973776,283241
2019-12-09,40.76302594280519,-73.97209525108337,283242
2019-12-09,40.74901271,-73.98848395,283242
2019-12-09,40.74469738,-73.93540375,283243
2019-12-09,40.7449067,-73.9534573,283243
2019-12-09,40.74173969,-73.99415556,283244
2019-12-09,40.749156,-73.9916,283244
2019-12-09,40.74096374,-73.98602213,283245
2019-12-09,40.749156,-73.9916,283245
2019-12-09,40.74238787,-73.99726235,283246
2019-12-09,40.7435337324616,-74.00367558002472,283246
2019-12-09,40.74238787,-73.99726235,283247
2019-12-09,40.7435337324616,-74.00367558002472,283247
2019-12-09,40.76068327096592,-73.9845272898674,283248
2019-12-09,40.74394314,-73.97966069,283248
2019-12-09,40.74173969,-73.99415556,283249
2019-12-09,40.73224119,-74.00026394,283249
2019-12-09,40.75510267,-73.97498696,283250
2019-12-09,40.76228826,-73.98336183,283250
2019-12-09,40.739445,-73.976806,283251
2019-12-09,40.749156,-73.9916,283251
2019-12-09,40.72953837,-73.98426726,283252
2019-12-09,40.73269,-73.98974,283252
2019-12-09,40.6765304,-73.97846879,283253
2019-12-09,40.6795766,-73.97854971,283253
2019-12-09,40.76030096,-73.99884222,283254
2019-12-09,40.76727216,-73.99392888,283254
2019-12-09,40.74096374,-73.98602213,283255
2019-12-09,40.749156,-73.9916,283255
2019-12-09,40.746745,-74.007756,283256
2019-12-09,40.7505853470215,-73.9946848154068,283256
2019-12-09,40.761584,-73.925921,283257
2019-12-09,40.7569332,-73.9262231,283257
2019-12-09,40.730563,-73.973984,283258
2019-12-09,40.730563,-73.973984,283258
2019-12-09,40.76095756,-73.96724467,283259
2019-12-09,40.76915505,-73.98191841,283259
2019-12-09,40.72217444,-73.98368779,283260
2019-12-09,40.72502876,-73.99069656,283260
2019-12-09,40.74691959,-74.00451887,283261
2019-12-09,40.74475148,-73.99915362,283261
2019-12-09,40.75640548,-73.9900262,283262
2019-12-09,40.7475739589548,-73.9788007736206,283262
2019-12-09,40.6867443,-73.99063168,283263
2019-12-09,40.6809591,-73.99905709,283263
2019-12-09,40.77492513,-73.98266566,283264
2019-12-09,40.76302594280519,-73.97209525108337,283264
2019-12-09,40.69241829257847,-73.98949474096298,283265
2019-12-09,40.69760127,-73.99344559,283265
2019-12-09,40.69839895,-73.98068914,283266
2019-12-09,40.7747878,-73.9125551,283266
2019-12-09,40.711863,-73.944024,283267
2019-12-09,40.715353,-73.93856,283267
2019-12-09,40.71939226,-74.00247214,283268
2019-12-09,40.71334184275907,-74.00935515761375,283268
2019-12-09,40.72577,-73.94173,283269
2019-12-09,40.70510918,-73.94407279,283269
2019-12-09,40.73454567,-73.99074142,283270
2019-12-09,40.72453734,-73.98185424,283270
2019-12-09,40.7643971,-73.97371465,283271
2019-12-09,40.75455731,-73.96592976,283271
2019-12-09,40.73172428,-74.00674436,283272
2019-12-09,40.76915505,-73.98191841,283272
2019-12-09,40.74322681432173,-73.97449783980846,283273
2019-12-09,40.74901271,-73.98848395,283273
2019-12-09,40.7284186,-73.98713956,283274
2019-12-09,40.72019576,-73.98997825,283274
2019-12-09,40.7779453,-73.946041,283275
2019-12-09,40.7689738,-73.95482273,283275
2019-12-09,40.75510267,-73.97498696,283276
2019-12-09,40.76227205,-73.98788205,283276
2019-12-09,40.746745,-74.007756,283277
2019-12-09,40.7575699,-73.99098507,283277
2019-12-09,40.714211,-73.981095,283278
2019-12-09,40.72217444,-73.98368779,283278
2019-12-09,40.6793307,-73.97519523,283279
2019-12-09,40.6741806,-73.9564947,283279
2019-12-09,40.735445,-73.99431,283280
2019-12-09,40.70870368,-73.9448625,283280
2019-12-09,40.72019521437465,-74.0103006362915,283281
2019-12-09,40.72710258,-74.00297088,283281
2019-12-09,40.735445,-73.99431,283282
2019-12-09,40.73020660529954,-73.99102628231049,283282
2019-12-09,40.72606,-73.95621,283283
2019-12-09,40.69991755,-73.98971773,283283
2019-12-09,40.77163851,-73.98261428,283284
2019-12-09,40.77112927,-73.95772297,283284
2019-12-09,40.680944723477296,-73.97567331790923,283285
2019-12-09,40.68650065,-73.96563307,283285
2019-12-09,40.71273266,-74.0046073,283286
2019-12-09,40.7153379,-74.01658354,283286
2019-12-09,40.75510267,-73.97498696,283287
2019-12-09,40.7575699,-73.99098507,283287
2019-12-09,40.75510267,-73.97498696,283288
2019-12-09,40.7575699,-73.99098507,283288
2019-12-09,40.78112229934166,-73.94965589046478,283289
2019-12-09,40.77565541,-73.95068615,283289
2019-12-09,40.71739973,-73.98016555,283290
2019-12-09,40.7208736,-73.98085795,283290
2019-12-09,40.77966809007312,-73.98093044757842,283291
2019-12-09,40.7770575,-73.97898475,283291
2019-12-09,40.718822,-73.99596,283292
2019-12-09,40.71739973,-73.98016555,283292
2019-12-09,40.72706363348306,-73.99662137031554,283293
2019-12-09,40.73038599,-74.00214988,283293
2019-12-09,40.71911552,-74.00666661,283294
2019-12-09,40.70834698,-74.01713445,283294
2019-12-09,40.72228087,-73.97668709,283295
2019-12-09,40.734814,-73.992085,283295
2019-12-09,40.7921,-73.9739,283296
2019-12-09,40.805973,-73.964928,283296
2019-12-09,40.8143256,-73.9590255,283297
2019-12-09,40.8082,-73.9641,283297
2019-12-09,40.72743423,-73.99379025,283298
2019-12-09,40.72299208,-73.97995466,283298
2019-12-09,40.6750705,-73.98775226,283299
2019-12-09,40.6867443,-73.99063168,283299
2019-12-09,40.751551,-73.993934,283300
2019-12-09,40.75640548,-73.9900262,283300
2019-12-09,40.7817212,-73.94594,283301
2019-12-09,40.78948541553215,-73.95242929458618,283301
2019-12-09,40.7596276,-73.9321455,283302
2019-12-09,40.7633589,-73.9286471,283302
2019-12-09,40.74444921,-73.98303529,283303
2019-12-09,40.7575699,-73.99098507,283303
2019-12-09,40.74475148,-73.99915362,283304
2019-12-09,40.74937024193277,-73.99923384189606,283304
2019-12-09,40.68962188790333,-73.98304268717766,283305
2019-12-09,40.69331716,-73.95381995,283305
2019-12-09,40.718822,-73.99596,283306
2019-12-09,40.7208736,-73.98085795,283306
2019-12-09,40.74780373,-73.9734419,283307
2019-12-09,40.74901271,-73.98848395,283307
2019-12-09,40.68962188790333,-73.98304268717766,283308
2019-12-09,40.69308257,-73.97178913,283308
2019-12-09,40.73624527,-73.98473765,283309
2019-12-09,40.7505853470215,-73.9946848154068,283309
2019-12-09,40.754120810779256,-73.98025184869766,283310
2019-12-09,40.75019995,-73.99093085,283310
2019-12-09,40.7149787,-74.013012,283311
2019-12-09,40.70905623,-74.01043382,283311
2019-12-09,40.6751622,-73.9814832,283312
2019-12-09,40.6729679,-73.97087984,283312
2019-12-09,40.77492513,-73.98266566,283313
2019-12-09,40.7882213,-73.97041561,283313
2019-12-09,40.7577284,-73.9166368,283314
2019-12-09,40.768692,-73.9249574,283314
2019-12-09,40.72521311,-73.97768752,283315
2019-12-09,40.741459,-73.983293,283315
2019-12-09,40.6795766,-73.97854971,283316
2019-12-09,40.6663181,-73.9854617,283316
2019-12-09,40.75510267,-73.97498696,283317
2019-12-09,40.76663814,-73.95348296,283317
2019-12-09,40.7882213,-73.97041561,283318
2019-12-09,40.79017948095081,-73.97288918495178,283318
2019-12-09,40.76228826,-73.98336183,283319
2019-12-09,40.75660359,-73.9979009,283319
2019-12-09,40.74734825,-73.99723551,283320
2019-12-09,40.7403432,-73.98955109,283320
2019-12-09,40.7435337324616,-74.00367558002472,283321
2019-12-09,40.751551,-73.993934,283321
2019-12-09,40.70905623,-74.01043382,283322
2019-12-09,40.7262807,-73.98978041,283322
2019-12-09,40.6851443,-73.95380904,283323
2019-12-09,40.6758324,-73.9561677,283323
2019-12-09,40.746745,-74.007756,283324
2019-12-09,40.75660359,-73.9979009,283324
2019-12-09,40.69196566,-73.9813018,283325
2019-12-09,40.69327018,-73.97703874,283325
2019-12-09,40.7747878,-73.9125551,283326
2019-12-09,40.7787185,-73.9145645,283326
2019-12-09,40.68926942,-73.98912867,283327
2019-12-09,40.6831164,-73.99785267,283327
2019-12-09,40.730563,-73.973984,283328
2019-12-09,40.71739973,-73.98016555,283328
2019-12-09,40.69794,-73.96986848,283329
2019-12-09,40.71766197083994,-73.94880026578903,283329
2019-12-09,40.746745,-74.007756,283330
2019-12-09,40.74734825,-73.99723551,283330
2019-12-09,40.7728384,-73.94989233,283331
2019-12-09,40.782454175279874,-73.9489196240902,283331
2019-12-09,40.78112229934166,-73.94965589046478,283332
2019-12-09,40.79127,-73.964839,283332
2019-12-09,40.71754834,-74.01322069,283333
2019-12-09,40.73381219196632,-73.98054420948029,283333
2019-12-09,40.7457121,-73.98194829,283334
2019-12-09,40.74780373,-73.9734419,283334
2019-12-09,40.7643971,-73.97371465,283335
2019-12-09,40.75640548,-73.9900262,283335
2019-12-09,40.7505853470215,-73.9946848154068,283336
2019-12-09,40.73454567,-73.99074142,283336
2019-12-09,40.73726186,-73.99238967,283337
2019-12-09,40.7454973,-74.00197139,283337
2019-12-09,40.68926942,-73.98912867,283338
2019-12-09,40.6828003,-73.99990419,283338
2019-12-09,40.74173969,-73.99415556,283339
2019-12-09,40.736502,-73.97809472,283339
2019-12-09,40.722103786686034,-73.99724900722504,283340
2019-12-09,40.71850211,-73.98329859,283340
2019-12-09,40.6802133,-73.98432695,283341
2019-12-09,40.6828003,-73.99990419,283341
2019-12-09,40.7903051,-73.94755757,283342
2019-12-09,40.7869946,-73.94164802,283342
2019-12-09,40.74322681432173,-73.97449783980846,283343
2019-12-09,40.75019995,-73.99093085,283343
2019-12-09,40.69196566,-73.9813018,283344
2019-12-09,40.69196566,-73.9813018,283344
2019-12-09,40.75066386,-74.00176802,283345
2019-12-09,40.73401143,-74.00293877,283345
2019-12-09,40.72082834,-73.97793172,283346
2019-12-09,40.714211,-73.981095,283346
2019-12-09,40.746745,-74.007756,283347
2019-12-09,40.74238787,-73.99726235,283347
2019-12-09,40.814394437915816,-73.95324736833572,283348
2019-12-09,40.8013434,-73.9711457439,283348
2019-12-09,40.71939226,-74.00247214,283349
2019-12-09,40.71625008,-74.0091059,283349
2019-12-09,40.7390169121,-74.0026376103,283350
2019-12-09,40.739323,-74.008119,283350
2019-12-09,40.73020660529954,-73.99102628231049,283351
2019-12-09,40.73047747,-73.99906065,283351
2019-12-09,40.73020660529954,-73.99102628231049,283352
2019-12-09,40.73587678,-73.98205027,283352
2019-12-09,40.752165280621966,-73.97992193698882,283353
2019-12-09,40.73291553,-74.00711384,283353
2019-12-09,40.76915505,-73.98191841,283354
2019-12-09,40.75510267,-73.97498696,283354
2019-12-09,40.722055,-73.989111,283355
2019-12-09,40.751396,-74.005226,283355
2019-12-09,40.7172274,-73.98802084,283356
2019-12-09,40.72082834,-73.97793172,283356
2019-12-09,40.74096374,-73.98602213,283357
2019-12-09,40.74475148,-73.99915362,283357
2019-12-09,40.752165280621966,-73.97992193698882,283358
2019-12-09,40.75640548,-73.9900262,283358
2019-12-09,40.74173969,-73.99415556,283359
2019-12-09,40.73587678,-73.98205027,283359
2019-12-09,40.73223272,-73.98889957,283360
2019-12-09,40.749156,-73.9916,283360
2019-12-09,40.7568001,-73.98291153,283361
2019-12-09,40.751551,-73.993934,283361
2019-12-09,40.8013066,-73.9398167,283362
2019-12-09,40.7974772,-73.9311847,283362
2019-12-09,40.6902375,-73.99203074,283363
2019-12-09,40.6849668,-73.98620772,283363
2019-12-09,40.746745,-74.007756,283364
2019-12-09,40.74173969,-73.99415556,283364
2019-12-09,40.74173969,-73.99415556,283365
2019-12-09,40.73381219196632,-73.98054420948029,283365
2019-12-09,40.7390169121,-74.0026376103,283366
2019-12-09,40.74691959,-74.00451887,283366
2019-12-09,40.749156,-73.9916,283367
2019-12-09,40.73912601,-73.97973776,283367
2019-12-09,40.74096374,-73.98602213,283368
2019-12-09,40.74238787,-73.99726235,283368
2019-12-09,40.70255088,-73.98940236,283369
2019-12-09,40.69239502,-73.99337909,283369
2019-12-09,40.73454567,-73.99074142,283370
2019-12-09,40.72082834,-73.97793172,283370
2019-12-09,40.74691959,-74.00451887,283371
2019-12-09,40.74395411,-73.99144871,283371
2019-12-09,40.76068327096592,-73.9845272898674,283372
2019-12-09,40.770513,-73.988038,283372
2019-12-09,40.74238787,-73.99726235,283373
2019-12-09,40.7390169121,-74.0026376103,283373
2019-12-09,40.663779,-73.98396846,283374
2019-12-09,40.6758324,-73.9561677,283374
2019-12-09,40.74173969,-73.99415556,283375
2019-12-09,40.73827428,-73.98751968,283375
2019-12-09,40.7903051,-73.94755757,283376
2019-12-09,40.8038654,-73.9559308,283376
2019-12-09,40.71485150526252,-74.01122331619263,283377
2019-12-09,40.72019521437465,-74.0103006362915,283377
2019-12-09,40.77966809007312,-73.98093044757842,283378
2019-12-09,40.78414472,-73.98362492,283378
2019-12-09,40.70255088,-73.98940236,283379
2019-12-09,40.69512845,-73.99595065,283379
2019-12-09,40.76132983124814,-73.97982001304626,283380
2019-12-09,40.75510267,-73.97498696,283380
2019-12-09,40.744219,-73.97121214,283381
2019-12-09,40.73912601,-73.97973776,283381
2019-12-09,40.734814,-73.992085,283382
2019-12-09,40.73291553,-74.00711384,283382
2019-12-09,40.74096374,-73.98602213,283383
2019-12-09,40.75640548,-73.9900262,283383
2019-12-09,40.75724567911726,-73.97805914282799,283384
2019-12-09,40.76360467795863,-73.98917958140373,283384
2019-12-09,40.735445,-73.99431,283385
2019-12-09,40.73401143,-74.00293877,283385
2019-12-09,40.71816969454208,-73.95520135760307,283386
2019-12-09,40.71335226222875,-73.9491033554077,283386
2019-12-09,40.739445,-73.976806,283387
2019-12-09,40.7770575,-73.97898475,283387
2019-12-09,40.74734825,-73.99723551,283388
2019-12-09,40.746647,-73.993915,283388
2019-12-09,40.7937704,-73.971888,283389
2019-12-09,40.768254,-73.988639,283389
2019-12-09,40.76269882,-73.99301222,283390
2019-12-09,40.72710258,-74.00297088,283390
2019-12-09,40.70255088,-73.98940236,283391
2019-12-09,40.69760127,-73.99344559,283391
2019-12-09,40.722055,-73.989111,283392
2019-12-09,40.72779126,-73.98564945,283392
2019-12-09,40.72521311,-73.97768752,283393
2019-12-09,40.73314259,-73.97573881,283393
2019-12-09,40.711066,-74.009447,283394
2019-12-09,40.71076228,-73.99400398,283394
2019-12-09,40.73223272,-73.98889957,283395
2019-12-09,40.735445,-73.99431,283395
2019-12-09,40.756913,-73.921631,283396
2019-12-09,40.763154,-73.920827,283396
2019-12-09,40.7149787,-74.013012,283397
2019-12-09,40.71748752,-74.0104554,283397
2019-12-09,40.77801203,-73.95407149,283398
2019-12-09,40.76873687,-73.96119945,283398
2019-12-09,40.75019995,-73.99093085,283399
2019-12-09,40.754120810779256,-73.98025184869766,283399
2019-12-09,40.7505853470215,-73.9946848154068,283400
2019-12-09,40.751551,-73.993934,283400
2019-12-09,40.6791944,-73.9587903,283401
2019-12-09,40.6707767,-73.9576801,283401
2019-12-09,40.70569254,-74.01677685,283402
2019-12-09,40.7153379,-74.01658354,283402
2019-12-09,40.716887,-73.963198,283403
2019-12-09,40.72708584,-73.95299117,283403
2019-12-09,40.74322681432173,-73.97449783980846,283404
2019-12-09,40.751873,-73.977706,283404
2019-12-09,40.746745,-74.007756,283405
2019-12-09,40.751396,-74.005226,283405
2019-12-09,40.73269,-73.98974,283406
2019-12-09,40.72746420692392,-73.97950418293476,283406
2019-12-09,40.72743423,-73.99379025,283407
2019-12-09,40.72746420692392,-73.97950418293476,283407
2019-12-09,40.75992262,-73.97648516,283408
2019-12-09,40.76269882,-73.99301222,283408
2019-12-09,40.7667405590595,-73.9790689945221,283409
2019-12-09,40.7734066,-73.97782542,283409
2019-12-09,40.75714758,-73.97207836,283410
2019-12-09,40.75797322,-73.96603308,283410
2019-12-09,40.7835016,-73.955327,283411
2019-12-09,40.78499979,-73.97283406,283411
2019-12-09,40.71413089,-73.9970468,283412
2019-12-09,40.72917025,-73.99810231,283412
2019-12-09,40.751873,-73.977706,283413
2019-12-09,40.75019995,-73.99093085,283413
2019-12-09,40.75466591,-73.99138152,283414
2019-12-09,40.76370739,-73.9851615,283414
2019-12-09,40.76344058,-73.98268129,283415
2019-12-09,40.75724567911726,-73.97805914282799,283415
2019-12-09,40.69957608,-73.94708417,283416
2019-12-09,40.72228087,-73.97668709,283416
2019-12-09,40.7627442,-73.9391141,283417
2019-12-09,40.756913,-73.921631,283417
2019-12-09,40.75038009,-73.98338988,283418
2019-12-09,40.75299641,-73.98721619,283418
2019-12-09,40.6802133,-73.98432695,283419
2019-12-09,40.6867443,-73.99063168,283419
2019-12-09,40.74286877312112,-73.98918628692627,283420
2019-12-09,40.7505853470215,-73.9946848154068,283420
2019-12-09,40.74322681432173,-73.97449783980846,283421
2019-12-09,40.75466591,-73.99138152,283421
2019-12-09,40.70355377,-74.00670227,283422
2019-12-09,40.71622644,-73.98261206,283422
2019-12-09,40.75724567911726,-73.97805914282799,283423
2019-12-09,40.74901271,-73.98848395,283423
2019-12-09,40.73454567,-73.99074142,283424
2019-12-09,40.73971301,-73.99456405,283424
2019-12-09,40.72405549,-74.00965965,283425
2019-12-09,40.73314259,-73.97573881,283425
2019-12-09,40.74394314,-73.97966069,283426
2019-12-09,40.738046142482766,-73.99642959237099,283426
2019-12-09,40.73454567,-73.99074142,283427
2019-12-09,40.72453734,-73.98185424,283427
2019-12-09,40.68312489,-73.97895137,283428
2019-12-09,40.6769694,-73.96579,283428
2019-12-09,40.754691750226016,-73.99740189313889,283429
2019-12-09,40.75898481399634,-73.99379968643188,283429
2019-12-09,40.72229346,-73.99147535,283430
2019-12-09,40.71269042,-73.98776323,283430
2019-12-09,40.689888,-73.981013,283431
2019-12-09,40.6917823,-73.9737299,283431
2019-12-09,40.763189,-73.978434,283432
2019-12-09,40.74901271,-73.98848395,283432
2019-12-09,40.72243797,-74.00566443,283433
2019-12-09,40.75660359,-73.9979009,283433
2019-12-09,40.74322681432173,-73.97449783980846,283434
2019-12-09,40.76108,-73.930562,283434
2019-12-09,40.8025566,-73.9490782,283435
2019-12-09,40.8014866,-73.9442507,283435
2019-12-09,40.76068327096592,-73.9845272898674,283436
2019-12-09,40.76009437,-73.99461843,283436
2019-12-09,40.71413089,-73.9970468,283437
2019-12-09,40.70140317257725,-73.98672670125961,283437
2019-12-09,40.744219,-73.97121214,283438
2019-12-09,40.730563,-73.973984,283438
2019-12-09,40.73269,-73.98974,283439
2019-12-09,40.72966729392978,-73.98067966103554,283439
2019-12-09,40.722103786686034,-73.99724900722504,283440
2019-12-09,40.73314259,-73.97573881,283440
2019-12-09,40.72019521437465,-74.0103006362915,283441
2019-12-09,40.73291553,-74.00711384,283441
2019-12-09,40.74334935,-74.00681753,283442
2019-12-09,40.7475739589548,-73.9788007736206,283442
2019-12-09,40.72917025,-73.99810231,283443
2019-12-09,40.71076228,-73.99400398,283443
2019-12-09,40.74901271,-73.98848395,283444
2019-12-09,40.75019995,-73.99093085,283444
2019-12-09,40.71469,-73.95739,283445
2019-12-09,40.72158,-73.94546,283445
2019-12-09,40.6746957,-73.99785768,283446
2019-12-09,40.6707767,-73.9576801,283446
2019-12-09,40.76370739,-73.9851615,283447
2019-12-09,40.751551,-73.993934,283447
2019-12-09,40.76030096,-73.99884222,283448
2019-12-09,40.751551,-73.993934,283448
2019-12-09,40.76500525,-73.95818491,283449
2019-12-09,40.68764484,-73.96968902,283449
2019-12-09,40.76663814,-73.95348296,283450
2019-12-09,40.76312584,-73.96526895,283450
2019-12-09,40.75640548,-73.9900262,283451
2019-12-09,40.741459,-73.983293,283451
2019-12-09,40.7435337324616,-74.00367558002472,283452
2019-12-09,40.7505853470215,-73.9946848154068,283452
2019-12-09,40.73587678,-73.98205027,283453
2019-12-09,40.74475148,-73.99915362,283453
2019-12-09,40.75929124,-73.98859651,283454
2019-12-09,40.76030096,-73.99884222,283454
2019-12-09,40.68691865,-73.976682,283455
2019-12-09,40.6917823,-73.9737299,283455
2019-12-09,40.76350532,-73.97109243,283456
2019-12-09,40.782593,-73.971211,283456
2019-12-09,40.71273266,-74.0046073,283457
2019-12-09,40.71117444,-73.99682619,283457
2019-12-09,40.74096374,-73.98602213,283458
2019-12-09,40.72521311,-73.97768752,283458
2019-12-09,40.71745169,-73.95850939,283459
2019-12-09,40.71285887,-73.96590294,283459
2019-12-09,40.6851443,-73.95380904,283460
2019-12-09,40.672695,-73.954131,283460
2019-12-09,40.70255088,-73.98940236,283461
2019-12-09,40.68940747,-73.96885458,283461
2019-12-09,40.77515953434235,-73.98918695747852,283462
2019-12-09,40.7785669,-73.97754961,283462
2019-12-09,40.71870987,-74.0090009,283463
2019-12-09,40.71754834,-74.01322069,283463
2019-12-09,40.7381765,-73.97738662,283464
2019-12-09,40.75640548,-73.9900262,283464
2019-12-09,40.74144387,-73.97536082,283465
2019-12-09,40.730563,-73.973984,283465
2019-12-09,40.739323,-74.008119,283466
2019-12-09,40.734814,-73.992085,283466
2019-12-09,40.7153379,-74.01658354,283467
2019-12-09,40.70838,-74.00495,283467
2019-12-09,40.74232744,-73.95411749,283468
2019-12-09,40.74436328706688,-73.9558732509613,283468
2019-12-09,40.73221853,-73.98165557,283469
2019-12-09,40.75513557,-73.98658032,283469
2019-12-09,40.78414472,-73.98362492,283470
2019-12-09,40.77748046,-73.98288594,283470
2019-12-09,40.77632142182271,-73.96427392959595,283471
2019-12-09,40.74901271,-73.98848395,283471
2019-12-09,40.7747878,-73.9125551,283472
2019-12-09,40.7713937,-73.9077436,283472
2019-12-09,40.76068327096592,-73.9845272898674,283473
2019-12-09,40.7575699,-73.99098507,283473
2019-12-09,40.76068327096592,-73.9845272898674,283474
2019-12-09,40.7505853470215,-73.9946848154068,283474
2019-12-09,40.69241829257847,-73.98949474096298,283475
2019-12-09,40.69308257,-73.97178913,283475
2019-12-09,40.72743423,-73.99379025,283476
2019-12-09,40.7284186,-73.98713956,283476
2019-12-09,40.739323,-74.008119,283477
2019-12-09,40.734814,-73.992085,283477
2019-12-09,40.78948541553215,-73.95242929458618,283478
2019-12-09,40.7859201,-73.94860294,283478
2019-12-09,40.7568001,-73.98291153,283479
2019-12-09,40.7505853470215,-73.9946848154068,283479
2019-12-09,40.75828065,-73.97069431,283480
2019-12-09,40.76087502,-74.00277668,283480
2019-12-09,40.7575699,-73.99098507,283481
2019-12-09,40.76727216,-73.99392888,283481
2019-12-09,40.741459,-73.983293,283482
2019-12-09,40.741459,-73.983293,283482
2019-12-09,40.714211,-73.981095,283483
2019-12-09,40.72743423,-73.99379025,283483
2019-12-09,40.7462009,-73.98855723,283484
2019-12-09,40.74487634,-73.99529885,283484
2019-12-09,40.7779453,-73.946041,283485
2019-12-09,40.7728384,-73.94989233,283485
2019-12-09,40.76663814,-73.95348296,283486
2019-12-09,40.78524672,-73.97667321,283486
2019-12-09,40.76663814,-73.95348296,283487
2019-12-09,40.78112229934166,-73.94965589046478,283487
2019-12-09,40.72743423,-73.99379025,283488
2019-12-09,40.72966729392978,-73.98067966103554,283488
2019-12-09,40.77149671054441,-73.99046033620834,283489
2019-12-09,40.789622,-73.97757,283489
2019-12-09,40.71413089,-73.9970468,283490
2019-12-09,40.735238,-74.000271,283490
2019-12-09,40.70569254,-74.01677685,283491
2019-12-09,40.73587678,-73.98205027,283491
2019-12-09,40.770513,-73.988038,283492
2019-12-09,40.7505853470215,-73.9946848154068,283492
2019-12-09,40.75640548,-73.9900262,283493
2019-12-09,40.75038009,-73.98338988,283493
2019-12-09,40.751873,-73.977706,283494
2019-12-09,40.75019995,-73.99093085,283494
2019-12-09,40.75038009,-73.98338988,283495
2019-12-09,40.7505853470215,-73.9946848154068,283495
2019-12-09,40.67890679,-73.94142771,283496
2019-12-09,40.693261,-73.968896,283496
2019-12-09,40.75594159,-74.0021163,283497
2019-12-09,40.751551,-73.993934,283497
2019-12-09,40.74144387,-73.97536082,283498
2019-12-09,40.74311555376486,-73.98215353488922,283498
2019-12-09,40.751551,-73.993934,283499
2019-12-09,40.751873,-73.977706,283499
2019-12-09,40.7262807,-73.98978041,283500
2019-12-09,40.72217444,-73.98368779,283500
2019-12-09,40.751873,-73.977706,283501
2019-12-09,40.74964,-73.98805,283501
2019-12-09,40.76341379,-73.99667444,283502
2019-12-09,40.7505853470215,-73.9946848154068,283502
2019-12-09,40.74290902,-73.97706058,283503
2019-12-09,40.75640548,-73.9900262,283503
2019-12-09,40.7505853470215,-73.9946848154068,283504
2019-12-09,40.74238787,-73.99726235,283504
2019-12-09,40.73726186,-73.99238967,283505
2019-12-09,40.73381219196632,-73.98054420948029,283505
2019-12-09,40.77163851,-73.98261428,283506
2019-12-09,40.754691750226016,-73.99740189313889,283506
2019-12-09,40.78813,-73.95206,283507
2019-12-09,40.80295,-73.942954,283507
2019-12-09,40.7390169121,-74.0026376103,283508
2019-12-09,40.7691572,-73.96703464,283508
2019-12-09,40.6849894,-73.99440329,283509
2019-12-09,40.6881529,-73.99520919,283509
2019-12-09,40.749717753,-74.002950346,283510
2019-12-09,40.7505853470215,-73.9946848154068,283510
2019-12-09,40.75797322,-73.96603308,283511
2019-12-09,40.7612274,-73.96094022,283511
2019-12-09,40.735445,-73.99431,283512
2019-12-09,40.7361967,-74.00859207,283512
2019-12-09,40.7462009,-73.98855723,283513
2019-12-09,40.711512,-74.015756,283513
2019-12-09,40.69072549,-73.95133465,283514
2019-12-09,40.69128258,-73.9452416,283514
2019-12-09,40.735445,-73.99431,283515
2019-12-09,40.73314259,-73.97573881,283515
2019-12-09,40.73381219196632,-73.98054420948029,283516
2019-12-09,40.74290902,-73.97706058,283516
2019-12-09,40.75594159,-74.0021163,283517
2019-12-09,40.7575699,-73.99098507,283517
2019-12-09,40.74173969,-73.99415556,283518
2019-12-09,40.736502,-73.97809472,283518
2019-12-09,40.76302594280519,-73.97209525108337,283519
2019-12-09,40.781410700190015,-73.95595908164978,283519
2019-12-09,40.7505853470215,-73.9946848154068,283520
2019-12-09,40.74901271,-73.98848395,283520
2019-12-09,40.7770575,-73.97898475,283521
2019-12-09,40.78499979,-73.97283406,283521
2019-12-09,40.6662078,-73.98199886,283522
2019-12-09,40.663779,-73.98396846,283522
2019-12-09,40.7687620293096,-73.95840793848038,283523
2019-12-09,40.778301,-73.9488134,283523
2019-12-09,40.72917025,-73.99810231,283524
2019-12-09,40.72453734,-73.98185424,283524
2019-12-09,40.74444921,-73.98303529,283525
2019-12-09,40.75466591,-73.99138152,283525
2019-12-09,40.69957608,-73.94708417,283526
2019-12-09,40.686203,-73.944694,283526
2019-12-09,40.74173969,-73.99415556,283527
2019-12-09,40.73047747,-73.99906065,283527
2019-12-09,40.70706456,-74.00731853,283528
2019-12-09,40.6703837,-73.97839676,283528
2019-12-09,40.74177603,-74.00149746,283529
2019-12-09,40.7505853470215,-73.9946848154068,283529
2019-12-09,40.79329668,-73.9432083,283530
2019-12-09,40.801694,-73.957145,283530
2019-12-09,40.7569332,-73.9262231,283531
2019-12-09,40.761584,-73.925921,283531
2019-12-09,40.72019521437465,-74.0103006362915,283532
2019-12-09,40.71939226,-74.00247214,283532
2019-12-09,40.73587678,-73.98205027,283533
2019-12-09,40.7451677,-73.98683077,283533
2019-12-09,40.722055,-73.989111,283534
2019-12-09,40.72521311,-73.97768752,283534
2019-12-09,40.72740794,-73.98142006,283535
2019-12-09,40.722103786686034,-73.99724900722504,283535
2019-12-09,40.76341379,-73.99667444,283536
2019-12-09,40.7505853470215,-73.9946848154068,283536
2019-12-09,40.7699176,-73.9184057,283537
2019-12-09,40.761584,-73.925921,283537
2019-12-09,40.74144387,-73.97536082,283538
2019-12-09,40.7505853470215,-73.9946848154068,283538
2019-12-09,40.7451677,-73.98683077,283539
2019-12-09,40.75640548,-73.9900262,283539
2019-12-09,40.76228826,-73.98336183,283540
2019-12-09,40.751551,-73.993934,283540
2019-12-09,40.73827428,-73.98751968,283541
2019-12-09,40.73221853,-73.98165557,283541
2019-12-09,40.73587678,-73.98205027,283542
2019-12-09,40.74238787,-73.99726235,283542
2019-12-09,40.77118287540658,-73.96409422159195,283543
2019-12-09,40.7882213,-73.97041561,283543
2019-12-09,40.7451677,-73.98683077,283544
2019-12-09,40.749156,-73.9916,283544
2019-12-09,40.7462009,-73.98855723,283545
2019-12-09,40.751581,-73.97791,283545
2019-12-09,40.6792788,-73.98154004,283546
2019-12-09,40.6729679,-73.97087984,283546
2019-12-09,40.73912601,-73.97973776,283547
2019-12-09,40.734814,-73.992085,283547
2019-12-09,40.72405549,-74.00965965,283548
2019-12-09,40.7454973,-74.00197139,283548
2019-12-09,40.7457121,-73.98194829,283549
2019-12-09,40.75892386377695,-73.96226227283478,283549
2019-12-09,40.75992262,-73.97648516,283550
2019-12-09,40.75640548,-73.9900262,283550
2019-12-09,40.6776147,-73.97324283,283551
2019-12-09,40.6703837,-73.97839676,283551
2019-12-09,40.738046142482766,-73.99642959237099,283552
2019-12-09,40.73224119,-74.00026394,283552
2019-12-09,40.76500525,-73.95818491,283553
2019-12-09,40.77118287540658,-73.96409422159195,283553
2019-12-09,40.69196566,-73.9813018,283554
2019-12-09,40.69573398,-73.97129668,283554
2019-12-09,40.752269,-73.982079,283555
2019-12-09,40.75019995,-73.99093085,283555
2019-12-09,40.75513557,-73.98658032,283556
2019-12-09,40.76019252,-73.9912551,283556
2019-12-09,40.71745169,-73.95850939,283557
2019-12-09,40.71044554,-73.96525063,283557
2019-12-09,40.75742,-73.945133,283558
2019-12-09,40.8120562,-73.9612547,283558
2019-12-09,40.76341379,-73.99667444,283559
2019-12-09,40.7505853470215,-73.9946848154068,283559
2019-12-09,40.75038009,-73.98338988,283560
2019-12-09,40.75255434,-73.97282625,283560
2019-12-09,40.69539817,-73.94954908,283561
2019-12-09,40.69237074,-73.93705428,283561
2019-12-09,40.8021174,-73.9681805305,283562
2019-12-09,40.7973721,-73.97041192,283562
2019-12-09,40.74173969,-73.99415556,283563
2019-12-09,40.735367055605394,-73.98797392845154,283563
2019-12-09,40.734232,-73.986923,283564
2019-12-09,40.74444921,-73.98303529,283564
2019-12-09,40.74096374,-73.98602213,283565
2019-12-09,40.76727216,-73.99392888,283565
2019-12-09,40.74322681432173,-73.97449783980846,283566
2019-12-09,40.74238787,-73.99726235,283566
2019-12-09,40.72079821,-73.95484712,283567
2019-12-09,40.71915571696044,-73.94885390996933,283567
2019-12-09,40.756913,-73.921631,283568
2019-12-09,40.7656251,-73.9136695,283568
2019-12-09,40.73221853,-73.98165557,283569
2019-12-09,40.73314259,-73.97573881,283569
2019-12-09,40.77118287540658,-73.96409422159195,283570
2019-12-09,40.7770575,-73.97898475,283570
2019-12-09,40.751581,-73.97791,283571
2019-12-09,40.75640548,-73.9900262,283571
2019-12-09,40.751551,-73.993934,283572
2019-12-09,40.76019252,-73.9912551,283572
2019-12-09,40.73026,-73.95394,283573
2019-12-09,40.724812564400175,-73.94752621650696,283573
2019-12-09,40.751396,-74.005226,283574
2019-12-09,40.74734825,-73.99723551,283574
2019-12-09,40.73172428,-74.00674436,283575
2019-12-09,40.7361967,-74.00859207,283575
2019-12-09,40.77515953434235,-73.98918695747852,283576
2019-12-09,40.78524672,-73.97667321,283576
2019-12-09,40.74144387,-73.97536082,283577
2019-12-09,40.73381219196632,-73.98054420948029,283577
2019-12-09,40.751873,-73.977706,283578
2019-12-09,40.76360467795863,-73.98917958140373,283578
2019-12-09,40.75594159,-74.0021163,283579
2019-12-09,40.73912601,-73.97973776,283579
2019-12-09,40.759107,-73.959223,283580
2019-12-09,40.7945663,-73.9362541,283580
2019-12-09,40.73172428,-74.00674436,283581
2019-12-09,40.7919557,-73.968087,283581
2019-12-09,40.7037992,-74.00838676,283582
2019-12-09,40.72453734,-73.98185424,283582
2019-12-09,40.7699176,-73.9184057,283583
2019-12-09,40.774645,-73.923706,283583
2019-12-09,40.75019995,-73.99093085,283584
2019-12-09,40.73624527,-73.98473765,283584
2019-12-09,40.75898481399634,-73.99379968643188,283585
2019-12-09,40.73381219196632,-73.98054420948029,283585
2019-12-09,40.73047747,-73.99906065,283586
2019-12-09,40.7505853470215,-73.9946848154068,283586
2019-12-09,40.72966729392978,-73.98067966103554,283587
2019-12-09,40.72453734,-73.98185424,283587
2019-12-09,40.76663814,-73.95348296,283588
2019-12-09,40.74731,-73.95451,283588
2019-12-09,40.71450451,-74.00562789,283589
2019-12-09,40.70355377,-74.00670227,283589
2019-12-09,40.675146838709786,-73.97523209452629,283590
2019-12-09,40.6772744,-73.98282002,283590
2019-12-09,40.75255434,-73.97282625,283591
2019-12-09,40.75206862,-73.96784384,283591
2019-12-09,40.7505853470215,-73.9946848154068,283592
2019-12-09,40.74475148,-73.99915362,283592
2019-12-09,40.7451677,-73.98683077,283593
2019-12-09,40.749156,-73.9916,283593
2019-12-09,40.6828003,-73.99990419,283594
2019-12-09,40.68926942,-73.98912867,283594
2019-12-09,40.74334935,-74.00681753,283595
2019-12-09,40.74734825,-73.99723551,283595
2019-12-09,40.76360467795863,-73.98917958140373,283596
2019-12-09,40.76030096,-73.99884222,283596
2019-12-09,40.76360467795863,-73.98917958140373,283597
2019-12-09,40.7575699,-73.99098507,283597
2019-12-09,40.7381765,-73.97738662,283598
2019-12-09,40.749156,-73.9916,283598
2019-12-09,40.77966809007312,-73.98093044757842,283599
2019-12-09,40.7785669,-73.97754961,283599
2019-12-09,40.734814,-73.992085,283600
2019-12-09,40.7262807,-73.98978041,283600
2019-12-09,40.71269042,-73.98776323,283601
2019-12-09,40.70862144,-74.00722156,283601
2019-12-09,40.688417427540834,-73.98451656103134,283602
2019-12-09,40.6847514,-73.99917254,283602
2019-12-09,40.7037992,-74.00838676,283603
2019-12-09,40.71413089,-73.9970468,283603
2019-12-09,40.74096374,-73.98602213,283604
2019-12-09,40.75466591,-73.99138152,283604
2019-12-09,40.76500525,-73.95818491,283605
2019-12-09,40.8045555,-73.9396861,283605
2019-12-09,40.72453734,-73.98185424,283606
2019-12-09,40.74901271,-73.98848395,283606
2019-12-09,40.71745169,-73.95850939,283607
2019-12-09,40.72036775298455,-73.96165072917938,283607
2019-12-09,40.73564,-73.95866,283608
2019-12-09,40.74232744,-73.95411749,283608
2019-12-09,40.70717936,-74.00887308,283609
2019-12-09,40.70862144,-74.00722156,283609
2019-12-09,40.75929124,-73.98859651,283610
2019-12-09,40.75513557,-73.98658032,283610
2019-12-09,40.76500525,-73.95818491,283611
2019-12-09,40.7643971,-73.97371465,283611
2019-12-09,40.7505853470215,-73.9946848154068,283612
2019-12-09,40.74964,-73.98805,283612
2019-12-09,40.73704984,-73.99009296,283613
2019-12-09,40.799484,-73.955613,283613
2019-12-09,40.734232,-73.986923,283614
2019-12-09,40.73381219196632,-73.98054420948029,283614
2019-12-09,40.71534825,-73.96024116,283615
2019-12-09,40.72179134,-73.9504154,283615
2019-12-09,40.675146838709786,-73.97523209452629,283616
2019-12-09,40.6786115,-73.99037292,283616
2019-12-09,40.8045555,-73.9396861,283617
2019-12-09,40.804038,-73.945925,283617
2019-12-09,40.746745,-74.007756,283618
2019-12-09,40.7505853470215,-73.9946848154068,283618
2019-12-09,40.72019521437465,-74.0103006362915,283619
2019-12-09,40.71939226,-74.00247214,283619
2019-12-09,40.75299641,-73.98721619,283620
2019-12-09,40.74964,-73.98805,283620
2019-12-09,40.70365182,-74.01167797,283621
2019-12-09,40.72521311,-73.97768752,283621
2019-12-09,40.76500525,-73.95818491,283622
2019-12-09,40.72217444,-73.98368779,283622
2019-12-09,40.7652654,-73.98192338,283623
2019-12-09,40.75640548,-73.9900262,283623
2019-12-09,40.75651272984955,-73.92957486212252,283624
2019-12-09,40.7580583,-73.9242751,283624
2019-12-09,40.76370739,-73.9851615,283625
2019-12-09,40.76269882,-73.99301222,283625
2019-12-09,40.75724567911726,-73.97805914282799,283626
2019-12-09,40.76227205,-73.98788205,283626
2019-12-09,40.68323865460341,-73.96599590778351,283627
2019-12-09,40.678045,-73.962408,283627
2019-12-09,40.70924826276157,-73.96063148975372,283628
2019-12-09,40.70684203101325,-73.9544353965357,283628
2019-12-09,40.76068327096592,-73.9845272898674,283629
2019-12-09,40.76360467795863,-73.98917958140373,283629
2019-12-09,40.68323865460341,-73.96599590778351,283630
2019-12-09,40.678045,-73.962408,283630
2019-12-09,40.718822,-73.99596,283631
2019-12-09,40.72746420692392,-73.97950418293476,283631
2019-12-09,40.730563,-73.973984,283632
2019-12-09,40.72066442,-73.98517977,283632
2019-12-09,40.68900443,-73.96023854,283633
2019-12-09,40.68676793,-73.95928168,283633
2019-12-09,40.6849894,-73.99440329,283634
2019-12-09,40.6881529,-73.99520919,283634
2019-12-09,40.70277159,-73.99383605,283635
2019-12-09,40.69512845,-73.99595065,283635
2019-12-09,40.77149671054441,-73.99046033620834,283636
2019-12-09,40.7919557,-73.968087,283636
2019-12-09,40.69544,-73.93223,283637
2019-12-09,40.70510918,-73.94407279,283637
2019-12-09,40.72743423,-73.99379025,283638
2019-12-09,40.73047309,-73.98672378,283638
2019-12-09,40.746745,-74.007756,283639
2019-12-09,40.72740794,-73.98142006,283639
2019-12-09,40.76344058,-73.98268129,283640
2019-12-09,40.76727216,-73.99392888,283640
2019-12-09,40.7047177,-74.00926027,283641
2019-12-09,40.722103786686034,-73.99724900722504,283641
2019-12-09,40.73587678,-73.98205027,283642
2019-12-09,40.74394314,-73.97966069,283642
2019-12-09,40.73020660529954,-73.99102628231049,283643
2019-12-09,40.718822,-73.99596,283643
2019-12-09,40.763154,-73.920827,283644
2019-12-09,40.756913,-73.921631,283644
2019-12-09,40.72079821,-73.95484712,283645
2019-12-09,40.69760127,-73.99344559,283645
2019-12-09,40.74238787,-73.99726235,283646
2019-12-09,40.76030096,-73.99884222,283646
2019-12-09,40.7575699,-73.99098507,283647
2019-12-09,40.751551,-73.993934,283647
2019-12-09,40.7462009,-73.98855723,283648
2019-12-09,40.75466591,-73.99138152,283648
2019-12-09,40.74317449,-74.00366443,283649
2019-12-09,40.75898481399634,-73.99379968643188,283649
2019-12-09,40.6792788,-73.98154004,283650
2019-12-09,40.69196035,-73.96536851,283650
2019-12-09,40.77282817,-73.96685276,283651
2019-12-09,40.7919557,-73.968087,283651
2019-12-09,40.74334935,-74.00681753,283652
2019-12-09,40.74345335,-74.00004031,283652
2019-12-09,40.752269,-73.982079,283653
2019-12-09,40.754691750226016,-73.99740189313889,283653
2019-12-09,40.76030096,-73.99884222,283654
2019-12-09,40.751551,-73.993934,283654
2019-12-09,40.752165280621966,-73.97992193698882,283655
2019-12-09,40.74964,-73.98805,283655
2019-12-09,40.72577,-73.94173,283656
2019-12-09,40.71745169,-73.95850939,283656
2019-12-09,40.7403432,-73.98955109,283657
2019-12-09,40.74487634,-73.99529885,283657
2019-12-09,40.74322681432173,-73.97449783980846,283658
2019-12-09,40.751873,-73.977706,283658
2019-12-09,40.71622644,-73.98261206,283659
2019-12-09,40.73226398,-73.99852205,283659
2019-12-09,40.74322681432173,-73.97449783980846,283660
2019-12-09,40.74765947,-73.98490707,283660
2019-12-09,40.6729679,-73.97087984,283661
2019-12-09,40.6772744,-73.98282002,283661
2019-12-09,40.74780373,-73.9734419,283662
2019-12-09,40.74144387,-73.97536082,283662
2019-12-09,40.77140426,-73.9535166,283663
2019-12-09,40.77677702,-73.9590097,283663
2019-12-09,40.680611,-73.99475825,283664
2019-12-09,40.6859296,-74.00242364,283664
2019-12-09,40.76500525,-73.95818491,283665
2019-12-09,40.77966809007312,-73.98093044757842,283665
2019-12-09,40.77565541,-73.95068615,283666
2019-12-09,40.78112229934166,-73.94965589046478,283666
2019-12-09,40.72229346,-73.99147535,283667
2019-12-09,40.71559509,-73.9870295,283667
2019-12-09,40.746745,-74.007756,283668
2019-12-09,40.77515953434235,-73.98918695747852,283668
2019-12-09,40.7190095,-73.95852515,283669
2019-12-09,40.7103685423523,-73.94705951213837,283669
2019-12-09,40.77163851,-73.98261428,283670
2019-12-09,40.78499979,-73.97283406,283670
2019-12-09,40.74334935,-74.00681753,283671
2019-12-09,40.7361967,-74.00859207,283671
2019-12-09,40.752165280621966,-73.97992193698882,283672
2019-12-09,40.7785669,-73.97754961,283672
2019-12-09,40.77573034,-73.9567526,283673
2019-12-09,40.77112927,-73.95772297,283673
2019-12-09,40.736502,-73.97809472,283674
2019-12-09,40.73454567,-73.99074142,283674
2019-12-09,40.72966729392978,-73.98067966103554,283675
2019-12-09,40.73269,-73.98974,283675
2019-12-09,40.74144387,-73.97536082,283676
2019-12-09,40.73935542,-73.99931783,283676
2019-12-09,40.74144387,-73.97536082,283677
2019-12-09,40.7381765,-73.97738662,283677
2019-12-09,40.8125511,-73.9492286,283678
2019-12-09,40.81,-73.9551508,283678
2019-12-09,40.746745,-74.007756,283679
2019-12-09,40.73291553,-74.00711384,283679
2019-12-09,40.74345335,-74.00004031,283680
2019-12-09,40.738046142482766,-73.99642959237099,283680
2019-12-09,40.73221853,-73.98165557,283681
2019-12-09,40.7262807,-73.98978041,283681
2019-12-09,40.7037992,-74.00838676,283682
2019-12-09,40.71754834,-74.01322069,283682
2019-12-09,40.72580614,-73.97422494,283683
2019-12-09,40.72966729392978,-73.98067966103554,283683
2019-12-09,40.759107,-73.959223,283684
2019-12-09,40.751551,-73.993934,283684
2019-12-09,40.749717753,-74.002950346,283685
2019-12-09,40.74317449,-74.00366443,283685
2019-12-09,40.736502,-73.97809472,283686
2019-12-09,40.74780373,-73.9734419,283686
2019-12-09,40.77862688,-73.95772073,283687
2019-12-09,40.7921,-73.9739,283687
2019-12-09,40.69795031569544,-73.97077560424805,283688
2019-12-09,40.68940747,-73.96885458,283688
2019-12-09,40.69239502,-73.99337909,283689
2019-12-09,40.6847514,-73.99917254,283689
2019-12-09,40.71469,-73.95739,283690
2019-12-09,40.71929301,-73.94500379,283690
2019-12-09,40.70224,-73.982578,283691
2019-12-09,40.69957608,-73.94708417,283691
2019-12-09,40.7770575,-73.97898475,283692
2019-12-09,40.78839,-73.9747,283692
2019-12-09,40.72966729392978,-73.98067966103554,283693
2019-12-09,40.72228087,-73.97668709,283693
2019-12-09,40.72036775298455,-73.96165072917938,283694
2019-12-09,40.72606,-73.95621,283694
2019-12-09,40.7862586,-73.94552579,283695
2019-12-09,40.7892105,-73.94370784,283695
2019-12-09,40.73912601,-73.97973776,283696
2019-12-09,40.7505853470215,-73.9946848154068,283696
2019-12-09,40.7568001,-73.98291153,283697
2019-12-09,40.754120810779256,-73.98025184869766,283697
2019-12-09,40.759107,-73.959223,283698
2019-12-09,40.76269882,-73.99301222,283698
2019-12-09,40.74317449,-74.00366443,283699
2019-12-09,40.768254,-73.988639,283699
2019-12-09,40.7922553,-73.95249933,283700
2019-12-09,40.805973,-73.964928,283700
2019-12-09,40.76095756,-73.96724467,283701
2019-12-09,40.74144387,-73.97536082,283701
2019-12-09,40.79329668,-73.9432083,283702
2019-12-09,40.7859201,-73.94860294,283702
2019-12-09,40.70934,-73.95608,283703
2019-12-09,40.6894932,-73.942061,283703
2019-12-09,40.6831164,-73.99785267,283704
2019-12-09,40.68926942,-73.98912867,283704
2019-12-09,40.734814,-73.992085,283705
2019-12-09,40.73535398,-74.00483091,283705
2019-12-09,40.68841,-73.979458,283706
2019-12-09,40.69573398,-73.97129668,283706
2019-12-09,40.72019521437465,-74.0103006362915,283707
2019-12-09,40.71625008,-74.0091059,283707
2019-12-09,40.7922553,-73.95249933,283708
2019-12-09,40.7987859,-73.9523,283708
2019-12-09,40.73704984,-73.99009296,283709
2019-12-09,40.73454567,-73.99074142,283709
2019-12-09,40.76500525,-73.95818491,283710
2019-12-09,40.759125,-73.962658,283710
2019-12-09,40.74286877312112,-73.98918628692627,283711
2019-12-09,40.734232,-73.986923,283711
2019-12-09,40.6849668,-73.98620772,283712
2019-12-09,40.6902375,-73.99203074,283712
2019-12-09,40.68926942,-73.98912867,283713
2019-12-09,40.68506807308177,-73.97790759801863,283713
2019-12-09,40.711066,-74.009447,283714
2019-12-09,40.6765304,-73.97846879,283714
2019-12-09,40.746745,-74.007756,283715
2019-12-09,40.74734825,-73.99723551,283715
2019-12-09,40.75255434,-73.97282625,283716
2019-12-09,40.76019252,-73.9912551,283716
2019-12-09,40.74275382865903,-74.00747358798981,283717
2019-12-09,40.72299208,-73.97995466,283717
2019-12-09,40.804213,-73.96699104,283718
2019-12-09,40.7937704,-73.971888,283718
2019-12-09,40.74322681432173,-73.97449783980846,283719
2019-12-09,40.74901271,-73.98848395,283719
2019-12-09,40.75038009,-73.98338988,283720
2019-12-09,40.76030096,-73.99884222,283720
2019-12-09,40.716887,-73.963198,283721
2019-12-09,40.71929301,-73.94500379,283721
2019-12-09,40.74238787,-73.99726235,283722
2019-12-09,40.74317449,-74.00366443,283722
2019-12-09,40.77579376683666,-73.9762057363987,283723
2019-12-09,40.7687620293096,-73.95840793848038,283723
2019-12-09,40.70463,-74.01507,283724
2019-12-09,40.7505853470215,-73.9946848154068,283724
2019-12-09,40.73226398,-73.99852205,283725
2019-12-09,40.7208736,-73.98085795,283725
2019-12-09,40.752165280621966,-73.97992193698882,283726
2019-12-09,40.75097711,-73.98765428,283726
2019-12-09,40.746745,-74.007756,283727
2019-12-09,40.73827428,-73.98751968,283727
2019-12-09,40.711512,-74.015756,283728
2019-12-09,40.70834698,-74.01713445,283728
2019-12-09,40.71534825,-73.96024116,283729
2019-12-09,40.715143,-73.944507,283729
2019-12-09,40.730563,-73.973984,283730
2019-12-09,40.72299208,-73.97995466,283730
2019-12-09,40.751396,-74.005226,283731
2019-12-09,40.7568001,-73.98291153,283731
2019-12-09,40.730563,-73.973984,283732
2019-12-09,40.72299208,-73.97995466,283732
2019-12-09,40.746745,-74.007756,283733
2019-12-09,40.73971301,-73.99456405,283733
2019-12-09,40.71910537,-73.99973337,283734
2019-12-09,40.72494672359416,-74.00165855884552,283734
2019-12-09,40.74322681432173,-73.97449783980846,283735
2019-12-09,40.73381219196632,-73.98054420948029,283735
2019-12-09,40.7862586,-73.94552579,283736
2019-12-09,40.7923272,-73.9383,283736
2019-12-09,40.72521311,-73.97768752,283737
2019-12-09,40.73381219196632,-73.98054420948029,283737
2019-12-09,40.74144387,-73.97536082,283738
2019-12-09,40.74444921,-73.98303529,283738
2019-12-09,40.73381219196632,-73.98054420948029,283739
2019-12-09,40.74173969,-73.99415556,283739
2019-12-09,40.736502,-73.97809472,283740
2019-12-09,40.7239567849954,-73.94984364509583,283740
2019-12-09,40.74286877312112,-73.98918628692627,283741
2019-12-09,40.72229346,-73.99147535,283741
2019-12-09,40.71335226222875,-73.9491033554077,283742
2019-12-09,40.71816969454208,-73.95520135760307,283742
2019-12-09,40.76500525,-73.95818491,283743
2019-12-09,40.77477944895728,-73.95427465438843,283743
2019-12-09,40.7601853,-73.9362726,283744
2019-12-09,40.768692,-73.9249574,283744
2019-12-09,40.7734066,-73.97782542,283745
2019-12-09,40.76590936,-73.97634151,283745
2019-12-09,40.7381765,-73.97738662,283746
2019-12-09,40.73221853,-73.98165557,283746
2019-12-09,40.734814,-73.992085,283747
2019-12-09,40.72228087,-73.97668709,283747
2019-12-09,40.74173969,-73.99415556,283748
2019-12-09,40.74691959,-74.00451887,283748
2019-12-09,40.749156,-73.9916,283749
2019-12-09,40.751873,-73.977706,283749
2019-12-09,40.72019576,-73.98997825,283750
2019-12-09,40.73047309,-73.98672378,283750
2019-12-09,40.74096374,-73.98602213,283751
2019-12-09,40.73624527,-73.98473765,283751
2019-12-09,40.734814,-73.992085,283752
2019-12-09,40.735238,-74.000271,283752
2019-12-09,40.70365182,-74.01167797,283753
2019-12-09,40.70706456,-74.00731853,283753
2019-12-09,40.70365182,-74.01167797,283754
2019-12-09,40.70706456,-74.00731853,283754
2019-12-09,40.7675487799971,-73.9209334552288,283755
2019-12-09,40.7774552,-73.9225403,283755
2019-12-09,40.73912601,-73.97973776,283756
2019-12-09,40.74395411,-73.99144871,283756
2019-12-09,40.73020660529954,-73.99102628231049,283757
2019-12-09,40.73331967,-73.99510132,283757
2019-12-09,40.720747,-73.986274,283758
2019-12-09,40.72453734,-73.98185424,283758
2019-12-09,40.809725,-73.953149,283759
2019-12-09,40.8025566,-73.9490782,283759
2019-12-09,40.71911552,-74.00666661,283760
2019-12-09,40.71605866,-73.99190759,283760
2019-12-09,40.6812117,-74.00860912,283761
2019-12-09,40.6763744,-74.00324957,283761
2019-12-09,40.71494807,-74.00234482,283762
2019-12-09,40.72317958,-73.99480012,283762
2019-12-09,40.672695,-73.954131,283763
2019-12-09,40.6851443,-73.95380904,283763
2019-12-09,40.74731,-73.95451,283764
2019-12-09,40.74524768,-73.94733276,283764
2019-12-09,40.72019521437465,-74.0103006362915,283765
2019-12-09,40.71625008,-74.0091059,283765
2019-12-09,40.70255088,-73.98940236,283766
2019-12-09,40.6828003,-73.99990419,283766
2019-12-09,40.751396,-74.005226,283767
2019-12-09,40.7505853470215,-73.9946848154068,283767
2019-12-09,40.69165183,-73.9999786,283768
2019-12-09,40.6794327,-74.00785041,283768
2019-12-09,40.7457121,-73.98194829,283769
2019-12-09,40.736502,-73.97809472,283769
2019-12-09,40.73587678,-73.98205027,283770
2019-12-09,40.7390169121,-74.0026376103,283770
2019-12-09,40.66314,-73.9605695,283771
2019-12-09,40.68652,-73.91321,283771
2019-12-09,40.770513,-73.988038,283772
2019-12-09,40.77966809007312,-73.98093044757842,283772
2019-12-09,40.74232744,-73.95411749,283773
2019-12-09,40.7239567849954,-73.94984364509583,283773
2019-12-09,40.754120810779256,-73.98025184869766,283774
2019-12-09,40.75097711,-73.98765428,283774
2019-12-09,40.68962188790333,-73.98304268717766,283775
2019-12-09,40.68415748,-73.96922273,283775
2019-12-09,40.73181401720966,-73.95995020866394,283776
2019-12-09,40.73564,-73.95866,283776
2019-12-09,40.67759206937376,-73.955637216568,283777
2019-12-09,40.6851443,-73.95380904,283777
2019-12-09,40.71413311,-73.95234386,283778
2019-12-09,40.71260486,-73.96264403,283778
2019-12-09,40.734814,-73.992085,283779
2019-12-09,40.7262807,-73.98978041,283779
2019-12-09,40.72019521437465,-74.0103006362915,283780
2019-12-09,40.71273266,-74.0046073,283780
2019-12-09,40.7505853470215,-73.9946848154068,283781
2019-12-09,40.74286877312112,-73.98918628692627,283781
2019-12-09,40.72521311,-73.97768752,283782
2019-12-09,40.71559509,-73.9870295,283782
2019-12-09,40.71924,-73.95242,283783
2019-12-09,40.71907891179564,-73.94223690032959,283783
2019-12-09,40.75455731,-73.96592976,283784
2019-12-09,40.78145,-73.9183302,283784
2019-12-09,40.72502876,-73.99069656,283785
2019-12-09,40.73226398,-73.99852205,283785
2019-12-09,40.71907891179564,-73.94223690032959,283786
2019-12-09,40.70767788,-73.94016171,283786
2019-12-09,40.7489006,-73.97604882,283787
2019-12-09,40.72740794,-73.98142006,283787
2019-12-09,40.72951496224949,-73.99075269699097,283788
2019-12-09,40.72217444,-73.98368779,283788
2019-12-09,40.722103786686034,-73.99724900722504,283789
2019-12-09,40.71605866,-73.99190759,283789
2019-12-09,40.71334184275907,-74.00935515761375,283790
2019-12-09,40.7153379,-74.01658354,283790
2019-12-09,40.7882213,-73.97041561,283791
2019-12-09,40.7734066,-73.97782542,283791
2019-12-09,40.69991755,-73.98971773,283792
2019-12-09,40.69241829257847,-73.98949474096298,283792
2019-12-09,40.74322681432173,-73.97449783980846,283793
2019-12-09,40.7457121,-73.98194829,283793
2019-12-09,40.7568001,-73.98291153,283794
2019-12-09,40.7575699,-73.99098507,283794
2019-12-09,40.71285887,-73.96590294,283795
2019-12-09,40.724812564400175,-73.94752621650696,283795
2019-12-09,40.751396,-74.005226,283796
2019-12-09,40.7505853470215,-73.9946848154068,283796
2019-12-09,40.734232,-73.986923,283797
2019-12-09,40.72453734,-73.98185424,283797
2019-12-09,40.746745,-74.007756,283798
2019-12-09,40.74475148,-73.99915362,283798
2019-12-09,40.72708584,-73.95299117,283799
2019-12-09,40.7160751,-73.952029,283799
2019-12-09,40.751873,-73.977706,283800
2019-12-09,40.74395411,-73.99144871,283800
2019-12-09,40.73221853,-73.98165557,283801
2019-12-09,40.74317449,-74.00366443,283801
2019-12-09,40.724308321602166,-74.00473035871983,283802
2019-12-09,40.7158155,-73.99422366,283802
2019-12-09,40.75172632,-73.98753523,283803
2019-12-09,40.75513557,-73.98658032,283803
2019-12-09,40.754691750226016,-73.99740189313889,283804
2019-12-09,40.751551,-73.993934,283804
2019-12-09,40.74780373,-73.9734419,283805
2019-12-09,40.76344058,-73.98268129,283805
2019-12-09,40.73971301,-73.99456405,283806
2019-12-09,40.74177603,-74.00149746,283806
2019-12-09,40.722055,-73.989111,283807
2019-12-09,40.7262807,-73.98978041,283807
2019-12-09,40.6740886,-73.9787282,283808
2019-12-09,40.6663181,-73.9854617,283808
2019-12-09,40.751396,-74.005226,283809
2019-12-09,40.74734825,-73.99723551,283809
2019-12-09,40.8045555,-73.9396861,283810
2019-12-09,40.8143256,-73.9590255,283810
2019-12-09,40.680944723477296,-73.97567331790923,283811
2019-12-09,40.6728155,-73.98352355,283811
2019-12-09,40.75992262,-73.97648516,283812
2019-12-09,40.7652654,-73.98192338,283812
2019-12-09,40.736502,-73.97809472,283813
2019-12-09,40.72521311,-73.97768752,283813
2019-12-09,40.77112927,-73.95772297,283814
2019-12-09,40.7903051,-73.94755757,283814
2019-12-09,40.69239502,-73.99337909,283815
2019-12-09,40.69089272,-73.99612349,283815
2019-12-09,40.74286877312112,-73.98918628692627,283816
2019-12-09,40.75660359,-73.9979009,283816
2019-12-09,40.6867443,-73.99063168,283817
2019-12-09,40.6831164,-73.99785267,283817
2019-12-09,40.72706363348306,-73.99662137031554,283818
2019-12-09,40.72710258,-74.00297088,283818
2019-12-09,40.77149671054441,-73.99046033620834,283819
2019-12-09,40.7785669,-73.97754961,283819
2019-12-09,40.73224119,-74.00026394,283820
2019-12-09,40.72966729392978,-73.98067966103554,283820
2019-12-09,40.76095756,-73.96724467,283821
2019-12-09,40.76915505,-73.98191841,283821
2019-12-09,40.71291224,-74.01020234,283822
2019-12-09,40.6728155,-73.98352355,283822
2019-12-09,40.7457121,-73.98194829,283823
2019-12-09,40.74780373,-73.9734419,283823
2019-12-09,40.73224119,-74.00026394,283824
2019-12-09,40.73020660529954,-73.99102628231049,283824
2019-12-09,40.73827428,-73.98751968,283825
2019-12-09,40.73381219196632,-73.98054420948029,283825
2019-12-09,40.76095756,-73.96724467,283826
2019-12-09,40.7817212,-73.94594,283826
2019-12-09,40.728846,-74.008591,283827
2019-12-09,40.73652889,-74.00618026,283827
2019-12-09,40.70255088,-73.98940236,283828
2019-12-09,40.69239502,-73.99337909,283828
2019-12-09,40.7857851,-73.957481,283829
2019-12-09,40.79127,-73.964839,283829
2019-12-09,40.6751622,-73.9814832,283830
2019-12-09,40.680944723477296,-73.97567331790923,283830
2019-12-09,40.749156,-73.9916,283831
2019-12-09,40.68753406,-73.97265183,283831
2019-12-09,40.73827428,-73.98751968,283832
2019-12-09,40.7381765,-73.97738662,283832
2019-12-09,40.77677702,-73.9590097,283833
2019-12-09,40.77536905,-73.94803392,283833
2019-12-09,40.689888,-73.981013,283834
2019-12-09,40.68940747,-73.96885458,283834
2019-12-09,40.6827549,-73.98258555,283835
2019-12-09,40.6867443,-73.99063168,283835
2019-12-09,40.74275382865903,-74.00747358798981,283836
2019-12-09,40.7390169121,-74.0026376103,283836
2019-12-09,40.6707767,-73.9576801,283837
2019-12-09,40.67759206937376,-73.955637216568,283837
2019-12-09,40.7835016,-73.955327,283838
2019-12-09,40.7877214,-73.94728331,283838
2019-12-09,40.72710258,-74.00297088,283839
2019-12-09,40.72405549,-74.00965965,283839
2019-12-09,40.70255065,-74.0127234,283840
2019-12-09,40.70834698,-74.01713445,283840
2019-12-09,40.73020660529954,-73.99102628231049,283841
2019-12-09,40.734814,-73.992085,283841
2019-12-09,40.680944723477296,-73.97567331790923,283842
2019-12-09,40.6794388,-73.9680438,283842
2019-12-09,40.74096374,-73.98602213,283843
2019-12-09,40.73381219196632,-73.98054420948029,283843
2019-12-09,40.7403432,-73.98955109,283844
2019-12-09,40.73221853,-73.98165557,283844
2019-12-09,40.7652654,-73.98192338,283845
2019-12-09,40.75929124,-73.98859651,283845
2019-12-09,40.68312489,-73.97895137,283846
2019-12-09,40.6704836,-73.98208968,283846
2019-12-09,40.787801,-73.953559,283847
2019-12-09,40.78112229934166,-73.94965589046478,283847
2019-12-09,40.73331967,-73.99510132,283848
2019-12-09,40.754120810779256,-73.98025184869766,283848
2019-12-09,40.8011939,-73.9500739,283849
2019-12-09,40.7954121,-73.9441232,283849
2019-12-09,40.78112229934166,-73.94965589046478,283850
2019-12-09,40.73266,-73.95826,283850
2019-12-09,40.7689738,-73.95482273,283851
2019-12-09,40.73026,-73.95394,283851
2019-12-09,40.74322681432173,-73.97449783980846,283852
2019-12-09,40.736502,-73.97809472,283852
2019-12-09,40.76068327096592,-73.9845272898674,283853
2019-12-09,40.76030096,-73.99884222,283853
2019-12-09,40.74780373,-73.9734419,283854
2019-12-09,40.69512845,-73.99595065,283854
2019-12-09,40.7867947,-73.977112,283855
2019-12-09,40.77966809007312,-73.98093044757842,283855
2019-12-09,40.76344058,-73.98268129,283856
2019-12-09,40.75724567911726,-73.97805914282799,283856
2019-12-09,40.74718234,-73.9432635,283857
2019-12-09,40.774591,-73.918544,283857
2019-12-09,40.74765947,-73.98490707,283858
2019-12-09,40.74780373,-73.9734419,283858
2019-12-09,40.68926942,-73.98912867,283859
2019-12-09,40.6849894,-73.99440329,283859
2019-12-09,40.754120810779256,-73.98025184869766,283860
2019-12-09,40.76132983124814,-73.97982001304626,283860
2019-12-09,40.71534825,-73.96024116,283861
2019-12-09,40.71286844,-73.95698119,283861
2019-12-09,40.7869946,-73.94164802,283862
2019-12-09,40.802692,-73.96295,283862
2019-12-09,40.73624527,-73.98473765,283863
2019-12-09,40.73020660529954,-73.99102628231049,283863
2019-12-09,40.69512845,-73.99595065,283864
2019-12-09,40.70255088,-73.98940236,283864
2019-12-09,40.68382604,-73.97632328,283865
2019-12-09,40.678045,-73.962408,283865
2019-12-09,40.76068327096592,-73.9845272898674,283866
2019-12-09,40.70834698,-74.01713445,283866
2019-12-09,40.8013066,-73.9398167,283867
2019-12-09,40.8109494,-73.9634,283867
2019-12-09,40.7489006,-73.97604882,283868
2019-12-09,40.74394314,-73.97966069,283868
2019-12-09,40.73020660529954,-73.99102628231049,283869
2019-12-09,40.72521311,-73.97768752,283869
2019-12-09,40.8029263,-73.9379,283870
2019-12-09,40.8006721,-73.9349,283870
2019-12-09,40.73587678,-73.98205027,283871
2019-12-09,40.74173969,-73.99415556,283871
2019-12-09,40.68506807308177,-73.97790759801863,283872
2019-12-09,40.68764484,-73.96968902,283872
2019-12-09,40.76068327096592,-73.9845272898674,283873
2019-12-09,40.744219,-73.97121214,283873
2019-12-09,40.75510267,-73.97498696,283874
2019-12-09,40.76269882,-73.99301222,283874
2019-12-09,40.70277159,-73.99383605,283875
2019-12-09,40.6794327,-74.00785041,283875
2019-12-09,40.71273266,-74.0046073,283876
2019-12-09,40.71117444,-73.99682619,283876
2019-12-09,40.70255065,-74.0127234,283877
2019-12-09,40.70905623,-74.01043382,283877
2019-12-09,40.75466591,-73.99138152,283878
2019-12-09,40.74144387,-73.97536082,283878
2019-12-09,40.7381765,-73.97738662,283879
2019-12-09,40.72779126,-73.98564945,283879
2019-12-09,40.74290902,-73.97706058,283880
2019-12-09,40.77801203,-73.95407149,283880
2019-12-09,40.6776147,-73.97324283,283881
2019-12-09,40.6711978,-73.97484126,283881
2019-12-09,40.70530954,-74.00612572,283882
2019-12-09,40.7284186,-73.98713956,283882
2019-12-09,40.72706363348306,-73.99662137031554,283883
2019-12-09,40.72966729392978,-73.98067966103554,283883
2019-12-09,40.7568001,-73.98291153,283884
2019-12-09,40.79406660818552,-73.96286845207214,283884
2019-12-09,40.713126,-73.984844,283885
2019-12-09,40.72521311,-73.97768752,283885
2019-12-09,40.754120810779256,-73.98025184869766,283886
2019-12-09,40.744219,-73.97121214,283886
2019-12-09,40.72779126,-73.98564945,283887
2019-12-09,40.77149671054441,-73.99046033620834,283887
2019-12-09,40.69760127,-73.99344559,283888
2019-12-09,40.70255088,-73.98940236,283888
2019-12-09,40.751873,-73.977706,283889
2019-12-09,40.6662078,-73.98199886,283889
2019-12-09,40.78948541553215,-73.95242929458618,283890
2019-12-09,40.8086249,-73.9596214,283890
2019-12-09,40.73314259,-73.97573881,283891
2019-12-09,40.72521311,-73.97768752,283891
2019-12-09,40.711066,-74.009447,283892
2019-12-09,40.717571,-74.005549,283892
2019-12-09,40.72740794,-73.98142006,283893
2019-12-09,40.72307749068673,-73.98583620786667,283893
2019-12-09,40.76227205,-73.98788205,283894
2019-12-09,40.74394314,-73.97966069,283894
2019-12-09,40.73020660529954,-73.99102628231049,283895
2019-12-09,40.735238,-74.000271,283895
2019-12-09,40.74487634,-73.99529885,283896
2019-12-09,40.7457121,-73.98194829,283896
2019-12-09,40.73454567,-73.99074142,283897
2019-12-09,40.72082834,-73.97793172,283897
2019-12-09,40.69539817,-73.94954908,283898
2019-12-09,40.69128258,-73.9452416,283898
2019-12-09,40.71754834,-74.01322069,283899
2019-12-09,40.71870987,-74.0090009,283899
2019-12-09,40.68650065,-73.96563307,283900
2019-12-09,40.6791944,-73.9587903,283900
2019-12-09,40.75255434,-73.97282625,283901
2019-12-09,40.744219,-73.97121214,283901
2019-12-09,40.7580583,-73.9242751,283902
2019-12-09,40.75651272984955,-73.92957486212252,283902
2019-12-09,40.73704984,-73.99009296,283903
2019-12-09,40.73587678,-73.98205027,283903
2019-12-09,40.74238787,-73.99726235,283904
2019-12-09,40.751873,-73.977706,283904
2019-12-09,40.6663181,-73.9854617,283905
2019-12-09,40.6795766,-73.97854971,283905
2019-12-09,40.768254,-73.988639,283906
2019-12-09,40.75510267,-73.97498696,283906
2019-12-09,40.75828065,-73.97069431,283907
2019-12-09,40.75797322,-73.96603308,283907
2019-12-09,40.754120810779256,-73.98025184869766,283908
2019-12-09,40.749156,-73.9916,283908
2019-12-09,40.7652654,-73.98192338,283909
2019-12-09,40.7451677,-73.98683077,283909
2019-12-09,40.74096374,-73.98602213,283910
2019-12-09,40.751581,-73.97791,283910
2019-12-09,40.72606,-73.95621,283911
2019-12-09,40.716887,-73.963198,283911
2019-12-09,40.76350532,-73.97109243,283912
2019-12-09,40.744219,-73.97121214,283912
2019-12-09,40.72082834,-73.97793172,283913
2019-12-09,40.71910537,-73.99973337,283913
2019-12-09,40.68926942,-73.98912867,283914
2019-12-09,40.68683208,-73.9796772,283914
2019-12-09,40.8045555,-73.9396861,283915
2019-12-09,40.8143256,-73.9590255,283915
2019-12-09,40.72521311,-73.97768752,283916
2019-12-09,40.7208736,-73.98085795,283916
2019-12-09,40.689888,-73.981013,283917
2019-12-09,40.69580705,-73.97355569,283917
2019-12-09,40.73704984,-73.99009296,283918
2019-12-09,40.74780373,-73.9734419,283918
2019-12-09,40.70924826276157,-73.96063148975372,283919
2019-12-09,40.71044554,-73.96525063,283919
2019-12-09,40.69239502,-73.99337909,283920
2019-12-09,40.69991755,-73.98971773,283920
2019-12-09,40.68691865,-73.976682,283921
2019-12-09,40.6793307,-73.97519523,283921
2019-12-09,40.751581,-73.97791,283922
2019-12-09,40.76228826,-73.98336183,283922
2019-12-09,40.70838,-74.00495,283923
2019-12-09,40.71559509,-73.9870295,283923
2019-12-09,40.770513,-73.988038,283924
2019-12-09,40.76009437,-73.99461843,283924
2019-12-09,40.73291553,-74.00711384,283925
2019-12-09,40.734814,-73.992085,283925
2019-12-09,40.8045555,-73.9396861,283926
2019-12-09,40.8078316,-73.949373,283926
2019-12-09,40.763189,-73.978434,283927
2019-12-09,40.7575699,-73.99098507,283927
2019-12-09,40.77801203,-73.95407149,283928
2019-12-09,40.7779453,-73.946041,283928
2019-12-09,40.70224,-73.982578,283929
2019-12-09,40.6767,-73.969024,283929
2019-12-09,40.74144387,-73.97536082,283930
2019-12-09,40.751873,-73.977706,283930
2019-12-09,40.75513557,-73.98658032,283931
2019-12-09,40.7505853470215,-73.9946848154068,283931
2019-12-09,40.72228087,-73.97668709,283932
2019-12-09,40.72580614,-73.97422494,283932
2019-12-09,40.6845683,-73.95881081,283933
2019-12-09,40.6737236,-73.9631611,283933
2019-12-09,40.7239567849954,-73.94984364509583,283934
2019-12-09,40.72325,-73.94308,283934
2019-12-09,40.7937704,-73.971888,283935
2019-12-09,40.7859201,-73.94860294,283935
2019-12-09,40.74286877312112,-73.98918628692627,283936
2019-12-09,40.76019252,-73.9912551,283936
2019-12-09,40.7262807,-73.98978041,283937
2019-12-09,40.73047747,-73.99906065,283937
2019-12-09,40.7403432,-73.98955109,283938
2019-12-09,40.73269,-73.98974,283938
2019-12-09,40.74173969,-73.99415556,283939
2019-12-09,40.73726186,-73.99238967,283939
2019-12-09,40.72453734,-73.98185424,283940
2019-12-09,40.73047747,-73.99906065,283940
2019-12-09,40.79127,-73.964839,283941
2019-12-09,40.8021174,-73.9681805305,283941
2019-12-09,40.76500525,-73.95818491,283942
2019-12-09,40.76408932350688,-73.91065120697021,283942
2019-12-09,40.7262807,-73.98978041,283943
2019-12-09,40.72217444,-73.98368779,283943
2019-12-09,40.73224119,-74.00026394,283944
2019-12-09,40.72710258,-74.00297088,283944
2019-12-09,40.76500525,-73.95818491,283945
2019-12-09,40.77140426,-73.9535166,283945
2019-12-09,40.7403432,-73.98955109,283946
2019-12-09,40.73224119,-74.00026394,283946
2019-12-09,40.741459,-73.983293,283947
2019-12-09,40.7505853470215,-73.9946848154068,283947
2019-12-09,40.70834698,-74.01713445,283948
2019-12-09,40.71911552,-74.00666661,283948
2019-12-09,40.751396,-74.005226,283949
2019-12-09,40.746745,-74.007756,283949
2019-12-09,40.6828003,-73.99990419,283950
2019-12-09,40.6802133,-73.98432695,283950
2019-12-09,40.75714758,-73.97207836,283951
2019-12-09,40.74780373,-73.9734419,283951
2019-12-09,40.7160751,-73.952029,283952
2019-12-09,40.70877084,-73.95095259,283952
2019-12-09,40.751873,-73.977706,283953
2019-12-09,40.6783563,-74.00014502,283953
2019-12-09,40.751551,-73.993934,283954
2019-12-09,40.76269882,-73.99301222,283954
2019-12-09,40.72019576,-73.98997825,283955
2019-12-09,40.7284186,-73.98713956,283955
2019-12-09,40.7457121,-73.98194829,283956
2019-12-09,40.74290902,-73.97706058,283956
2019-12-09,40.71406667,-73.99293911,283957
2019-12-09,40.72082834,-73.97793172,283957
2019-12-09,40.74345335,-74.00004031,283958
2019-12-09,40.735238,-74.000271,283958
2019-12-09,40.736502,-73.97809472,283959
2019-12-09,40.74173969,-73.99415556,283959
2019-12-09,40.76712840349542,-73.96224617958069,283960
2019-12-09,40.74691959,-74.00451887,283960
2019-12-09,40.76227205,-73.98788205,283961
2019-12-09,40.77966809007312,-73.98093044757842,283961
2019-12-09,40.69308257,-73.97178913,283962
2019-12-09,40.68683208,-73.9796772,283962
2019-12-09,40.71816969454208,-73.95520135760307,283963
2019-12-09,40.73266,-73.95826,283963
2019-12-09,40.7262807,-73.98978041,283964
2019-12-09,40.72066442,-73.98517977,283964
2019-12-09,40.7867947,-73.977112,283965
2019-12-09,40.778301,-73.9488134,283965
2019-12-09,40.751396,-74.005226,283966
2019-12-09,40.7568001,-73.98291153,283966
2019-12-09,40.72966729392978,-73.98067966103554,283967
2019-12-09,40.73269,-73.98974,283967
2019-12-09,40.7457121,-73.98194829,283968
2019-12-09,40.76030096,-73.99884222,283968
2019-12-09,40.752165280621966,-73.97992193698882,283969
2019-12-09,40.74487634,-73.99529885,283969
2019-12-09,40.75510267,-73.97498696,283970
2019-12-09,40.73381219196632,-73.98054420948029,283970
2019-12-09,40.73038599,-74.00214988,283971
2019-12-09,40.72743423,-73.99379025,283971
2019-12-09,40.759107,-73.959223,283972
2019-12-09,40.75797322,-73.96603308,283972
2019-12-09,40.7575699,-73.99098507,283973
2019-12-09,40.751551,-73.993934,283973
2019-12-09,40.6686627,-73.97988067,283974
2019-12-09,40.6776147,-73.97324283,283974
2019-12-09,40.76030096,-73.99884222,283975
2019-12-09,40.7505853470215,-73.9946848154068,283975
2019-12-09,40.74322681432173,-73.97449783980846,283976
2019-12-09,40.777507027547976,-73.98888587951659,283976
2019-12-09,40.7403432,-73.98955109,283977
2019-12-09,40.72966729392978,-73.98067966103554,283977
2019-12-09,40.77140426,-73.9535166,283978
2019-12-09,40.7835016,-73.955327,283978
2019-12-09,40.728846,-74.008591,283979
2019-12-09,40.75898481399634,-73.99379968643188,283979
2019-12-09,40.74487634,-73.99529885,283980
2019-12-09,40.72951496224949,-73.99075269699097,283980
2019-12-09,40.72743423,-73.99379025,283981
2019-12-09,40.72217444,-73.98368779,283981
2019-12-09,40.7489006,-73.97604882,283982
2019-12-09,40.74173969,-73.99415556,283982
2019-12-09,40.70355377,-74.00670227,283983
2019-12-09,40.71219906,-73.97948148,283983
2019-12-09,40.69239502,-73.99337909,283984
2019-12-09,40.6847514,-73.99917254,283984
2019-12-09,40.74780373,-73.9734419,283985
2019-12-09,40.736502,-73.97809472,283985
2019-12-09,40.6917823,-73.9737299,283986
2019-12-09,40.68691865,-73.976682,283986
2019-12-09,40.72502876,-73.99069656,283987
2019-12-09,40.72502876,-73.99069656,283987
2019-12-09,40.68506807308177,-73.97790759801863,283988
2019-12-09,40.6804836,-73.9646795,283988
2019-12-09,40.738046142482766,-73.99642959237099,283989
2019-12-09,40.74238787,-73.99726235,283989
2019-12-09,40.770513,-73.988038,283990
2019-12-09,40.7489006,-73.97604882,283990
2019-12-09,40.72299208,-73.97995466,283991
2019-12-09,40.744219,-73.97121214,283991
2019-12-09,40.8045555,-73.9396861,283992
2019-12-09,40.8013434,-73.9711457439,283992
2019-12-09,40.746647,-73.993915,283993
2019-12-09,40.74394314,-73.97966069,283993
2019-12-09,40.71745169,-73.95850939,283994
2019-12-09,40.71285887,-73.96590294,283994
2019-12-09,40.7262807,-73.98978041,283995
2019-12-09,40.72966729392978,-73.98067966103554,283995
2019-12-09,40.73624527,-73.98473765,283996
2019-12-09,40.744219,-73.97121214,283996
2019-12-09,40.68506807308177,-73.97790759801863,283997
2019-12-09,40.710451,-73.960876,283997
2019-12-09,40.751873,-73.977706,283998
2019-12-09,40.7575699,-73.99098507,283998
2019-12-09,40.789622,-73.97757,283999
2019-12-09,40.77149671054441,-73.99046033620834,283999
2019-12-09,40.7652654,-73.98192338,284000
2019-12-09,40.77966809007312,-73.98093044757842,284000
2019-12-09,40.7785669,-73.97754961,284001
2019-12-09,40.78524672,-73.97667321,284001
2019-12-09,40.738046142482766,-73.99642959237099,284002
2019-12-09,40.72706363348306,-73.99662137031554,284002
2019-12-09,40.77677702,-73.9590097,284003
2019-12-09,40.77140426,-73.9535166,284003
2019-12-09,40.748,-73.9460927,284004
2019-12-09,40.74232744,-73.95411749,284004
2019-12-09,40.7667405590595,-73.9790689945221,284005
2019-12-09,40.768254,-73.988639,284005
2019-12-09,40.71850211,-73.98329859,284006
2019-12-09,40.73587678,-73.98205027,284006
2019-12-09,40.72706363348306,-73.99662137031554,284007
2019-12-09,40.71260486,-73.96264403,284007
2019-12-09,40.722055,-73.989111,284008
2019-12-09,40.71559509,-73.9870295,284008
2019-12-09,40.68962188790333,-73.98304268717766,284009
2019-12-09,40.69196566,-73.9813018,284009
2019-12-09,40.68650065,-73.96563307,284010
2019-12-09,40.68676793,-73.95928168,284010
2019-12-09,40.69236178,-73.98631746,284011
2019-12-09,40.71269042,-73.98776323,284011
2019-12-09,40.774645,-73.923706,284012
2019-12-09,40.7699176,-73.9184057,284012
2019-12-09,40.69221589,-73.9842844,284013
2019-12-09,40.6758324,-73.9561677,284013
2019-12-09,40.73020660529954,-73.99102628231049,284014
2019-12-09,40.72740794,-73.98142006,284014
2019-12-09,40.7647,-73.9240312,284015
2019-12-09,40.7699176,-73.9184057,284015
2019-12-09,40.75510267,-73.97498696,284016
2019-12-09,40.77149671054441,-73.99046033620834,284016
2019-12-09,40.7153379,-74.01658354,284017
2019-12-09,40.78720869,-73.98128127,284017
2019-12-09,40.77536905,-73.94803392,284018
2019-12-09,40.77536905,-73.94803392,284018
2019-12-09,40.76370739,-73.9851615,284019
2019-12-09,40.751551,-73.993934,284019
2019-12-09,40.751873,-73.977706,284020
2019-12-09,40.74144387,-73.97536082,284020
2019-12-09,40.76302594280519,-73.97209525108337,284021
2019-12-09,40.77492513,-73.98266566,284021
2019-12-09,40.70122128,-74.01234218,284022
2019-12-09,40.71622644,-73.98261206,284022
2019-12-09,40.73026,-73.95394,284023
2019-12-09,40.72577,-73.94173,284023
2019-12-09,40.7921,-73.9739,284024
2019-12-09,40.77966809007312,-73.98093044757842,284024
2019-12-09,40.697787,-73.973736,284025
2019-12-09,40.689888,-73.981013,284025
2019-12-09,40.746745,-74.007756,284026
2019-12-09,40.73652889,-74.00618026,284026
2019-12-09,40.75455731,-73.96592976,284027
2019-12-09,40.7612274,-73.96094022,284027
2019-12-09,40.7153379,-74.01658354,284028
2019-12-09,40.70569254,-74.01677685,284028
2019-12-09,40.70365182,-74.01167797,284029
2019-12-09,40.71219906,-73.97948148,284029
2019-12-09,40.71754834,-74.01322069,284030
2019-12-09,40.711512,-74.015756,284030
2019-12-09,40.7403432,-73.98955109,284031
2019-12-09,40.74096374,-73.98602213,284031
2019-12-09,40.68199044270703,-73.99079024791718,284032
2019-12-09,40.6847514,-73.99917254,284032
2019-12-09,40.749717753,-74.002950346,284033
2019-12-09,40.751873,-73.977706,284033
2019-12-09,40.754120810779256,-73.98025184869766,284034
2019-12-09,40.73624527,-73.98473765,284034
2019-12-09,40.70905623,-74.01043382,284035
2019-12-09,40.70355377,-74.00670227,284035
2019-12-09,40.75052534,-73.94594845,284036
2019-12-09,40.74731,-73.95451,284036
2019-12-09,40.770513,-73.988038,284037
2019-12-09,40.7919557,-73.968087,284037
2019-12-09,40.72708584,-73.95299117,284038
2019-12-09,40.73555,-73.95284,284038
2019-12-09,40.749156,-73.9916,284039
2019-12-09,40.751873,-73.977706,284039
2019-12-09,40.72036775298455,-73.96165072917938,284040
2019-12-09,40.693261,-73.968896,284040
2019-12-09,40.72743423,-73.99379025,284041
2019-12-09,40.6861758,-73.99645295,284041
2019-12-09,40.74232744,-73.95411749,284042
2019-12-09,40.7614376,-73.9411265,284042
2019-12-09,40.69047,-73.923511,284043
2019-12-09,40.705614,-73.92153,284043
2019-12-09,40.72706363348306,-73.99662137031554,284044
2019-12-09,40.71146364,-74.00552427,284044
2019-12-09,40.73314259,-73.97573881,284045
2019-12-09,40.73221853,-73.98165557,284045
2019-12-09,40.680944723477296,-73.97567331790923,284046
2019-12-09,40.678045,-73.962408,284046
2019-12-09,40.74286877312112,-73.98918628692627,284047
2019-12-09,40.752165280621966,-73.97992193698882,284047
2019-12-09,40.69241829257847,-73.98949474096298,284048
2019-12-09,40.677236,-74.015665,284048
2019-12-09,40.74691959,-74.00451887,284049
2019-12-09,40.7390169121,-74.0026376103,284049
2019-12-09,40.70463,-74.01507,284050
2019-12-09,40.7153379,-74.01658354,284050
2019-12-09,40.74238787,-73.99726235,284051
2019-12-09,40.730563,-73.973984,284051
2019-12-09,40.749156,-73.9916,284052
2019-12-09,40.7612274,-73.96094022,284052
2019-12-09,40.75255434,-73.97282625,284053
2019-12-09,40.75455731,-73.96592976,284053
2019-12-09,40.71450451,-74.00562789,284054
2019-12-09,40.71602118,-73.99974372,284054
2019-12-09,40.74708586,-73.94977234,284055
2019-12-09,40.76315481910373,-73.93985509872437,284055
2019-12-09,40.78414472,-73.98362492,284056
2019-12-09,40.77314236,-73.95856158,284056
2019-12-09,40.71816969454208,-73.95520135760307,284057
2019-12-09,40.71247661,-73.94100005,284057
2019-12-09,40.6740886,-73.9787282,284058
2019-12-09,40.68186,-73.959432,284058
2019-12-09,40.74096374,-73.98602213,284059
2019-12-09,40.72317958,-73.99480012,284059
2019-12-09,40.77966809007312,-73.98093044757842,284060
2019-12-09,40.76227205,-73.98788205,284060
2019-12-09,40.75455731,-73.96592976,284061
2019-12-09,40.74322681432173,-73.97449783980846,284061
2019-12-09,40.6728155,-73.98352355,284062
2019-12-09,40.69196566,-73.9813018,284062
2019-12-09,40.7381765,-73.97738662,284063
2019-12-09,40.730563,-73.973984,284063
2019-12-09,40.72903917,-73.99404649,284064
2019-12-09,40.7462009,-73.98855723,284064
2019-12-09,40.78720869,-73.98128127,284065
2019-12-09,40.78414472,-73.98362492,284065
2019-12-09,40.72580614,-73.97422494,284066
2019-12-09,40.72966729392978,-73.98067966103554,284066
2019-12-09,40.72019521437465,-74.0103006362915,284067
2019-12-09,40.71939226,-74.00247214,284067
2019-12-09,40.68841,-73.979458,284068
2019-12-09,40.68415748,-73.96922273,284068
2019-12-09,40.72307749068673,-73.98583620786667,284069
2019-12-09,40.71622644,-73.98261206,284069
2019-12-09,40.754120810779256,-73.98025184869766,284070
2019-12-09,40.7403432,-73.98955109,284070
2019-12-09,40.7892529,-73.93956237,284071
2019-12-09,40.7903051,-73.94755757,284071
2019-12-09,40.78948541553215,-73.95242929458618,284072
2019-12-09,40.7839636,-73.9471673,284072
2019-12-09,40.7284186,-73.98713956,284073
2019-12-09,40.72066442,-73.98517977,284073
2019-12-09,40.73971301,-73.99456405,284074
2019-12-09,40.7390169121,-74.0026376103,284074
2019-12-09,40.75510267,-73.97498696,284075
2019-12-09,40.7149787,-74.013012,284075
2019-12-09,40.7903051,-73.94755757,284076
2019-12-09,40.7839636,-73.9471673,284076
2019-12-09,40.73020660529954,-73.99102628231049,284077
2019-12-09,40.734814,-73.992085,284077
2019-12-09,40.72019521437465,-74.0103006362915,284078
2019-12-09,40.7153379,-74.01658354,284078
2019-12-09,40.74475148,-73.99915362,284079
2019-12-09,40.74691959,-74.00451887,284079
2019-12-09,40.70277159,-73.99383605,284080
2019-12-09,40.68763155,-74.0016256,284080
2019-12-09,40.73532427,-73.99800419,284081
2019-12-09,40.72779126,-73.98564945,284081
2019-12-09,40.770513,-73.988038,284082
2019-12-09,40.76344058,-73.98268129,284082
2019-12-09,40.71413311,-73.95234386,284083
2019-12-09,40.70684203101325,-73.9544353965357,284083
2019-12-09,40.7462009,-73.98855723,284084
2019-12-09,40.74144387,-73.97536082,284084
2019-12-09,40.689888,-73.981013,284085
2019-12-09,40.68981035,-73.97493121,284085
2019-12-09,40.697787,-73.973736,284086
2019-12-09,40.697787,-73.973736,284086
2019-12-09,40.710451,-73.960876,284087
2019-12-09,40.70870368,-73.9448625,284087
2019-12-09,40.72019521437465,-74.0103006362915,284088
2019-12-09,40.77149671054441,-73.99046033620834,284088
2019-12-09,40.74487634,-73.99529885,284089
2019-12-09,40.734232,-73.986923,284089
2019-12-09,40.71117444,-73.99682619,284090
2019-12-09,40.71559509,-73.9870295,284090
2019-12-09,40.78524672,-73.97667321,284091
2019-12-09,40.77515953434235,-73.98918695747852,284091
2019-12-09,40.7671863,-73.9373554,284092
2019-12-09,40.7969347,-73.9643412291,284092
2019-12-09,40.76227205,-73.98788205,284093
2019-12-09,40.76019252,-73.9912551,284093
2019-12-09,40.718822,-73.99596,284094
2019-12-09,40.73020660529954,-73.99102628231049,284094
2019-12-09,40.74765947,-73.98490707,284095
2019-12-09,40.75299641,-73.98721619,284095
2019-12-09,40.74964,-73.98805,284096
2019-12-09,40.710451,-73.960876,284096
2019-12-09,40.7652654,-73.98192338,284097
2019-12-09,40.75724567911726,-73.97805914282799,284097
2019-12-09,40.76370739,-73.9851615,284098
2019-12-09,40.75466591,-73.99138152,284098
2019-12-09,40.748,-73.9460927,284099
2019-12-09,40.74232744,-73.95411749,284099
2019-12-09,40.751873,-73.977706,284100
2019-12-09,40.78414472,-73.98362492,284100
2019-12-09,40.72743423,-73.99379025,284101
2019-12-09,40.72082834,-73.97793172,284101
2019-12-09,40.7475739589548,-73.9788007736206,284102
2019-12-09,40.739445,-73.976806,284102
2019-12-09,40.6750207,-73.97111473,284103
2019-12-09,40.6729679,-73.97087984,284103
2019-12-09,40.72903917,-73.99404649,284104
2019-12-09,40.75513557,-73.98658032,284104
2019-12-09,40.68539567,-73.97431458,284105
2019-12-09,40.693261,-73.968896,284105
2019-12-09,40.6881529,-73.99520919,284106
2019-12-09,40.6849894,-73.99440329,284106
2019-12-09,40.70955958,-74.00653609,284107
2019-12-09,40.71117416,-74.00016545,284107
2019-12-09,40.749156,-73.9916,284108
2019-12-09,40.7457121,-73.98194829,284108
2019-12-09,40.73827428,-73.98751968,284109
2019-12-09,40.74322681432173,-73.97449783980846,284109
2019-12-09,40.72494672359416,-74.00165855884552,284110
2019-12-09,40.7158155,-73.99422366,284110
2019-12-09,40.74173969,-73.99415556,284111
2019-12-09,40.7361967,-74.00859207,284111
2019-12-09,40.71291224,-74.01020234,284112
2019-12-09,40.71559509,-73.9870295,284112
2019-12-09,40.74487634,-73.99529885,284113
2019-12-09,40.73827428,-73.98751968,284113
2019-12-09,40.72217444,-73.98368779,284114
2019-12-09,40.7262807,-73.98978041,284114
2019-12-09,40.74937024193277,-73.99923384189606,284115
2019-12-09,40.7505853470215,-73.9946848154068,284115
2019-12-09,40.72903917,-73.99404649,284116
2019-12-09,40.741459,-73.983293,284116
2019-12-09,40.718822,-73.99596,284117
2019-12-09,40.713126,-73.984844,284117
2019-12-09,40.76302594280519,-73.97209525108337,284118
2019-12-09,40.7770575,-73.97898475,284118
2019-12-09,40.73232194,-73.9550858,284119
2019-12-09,40.72577,-73.94173,284119
2019-12-09,40.70838,-74.00495,284120
2019-12-09,40.70140317257725,-73.98672670125961,284120
2019-12-09,40.7462009,-73.98855723,284121
2019-12-09,40.73912601,-73.97973776,284121
2019-12-09,40.735445,-73.99431,284122
2019-12-09,40.73047309,-73.98672378,284122
2019-12-09,40.7728384,-73.94989233,284123
2019-12-09,40.7779453,-73.946041,284123
2019-12-09,40.770513,-73.988038,284124
2019-12-09,40.7575699,-73.99098507,284124
2019-12-09,40.6772744,-73.98282002,284125
2019-12-09,40.68199044270703,-73.99079024791718,284125
2019-12-09,40.72951496224949,-73.99075269699097,284126
2019-12-09,40.72453734,-73.98185424,284126
2019-12-09,40.71485150526252,-74.01122331619263,284127
2019-12-09,40.76087502,-74.00277668,284127
2019-12-09,40.72710258,-74.00297088,284128
2019-12-09,40.72362738,-73.99949601,284128
2019-12-09,40.804372,-73.951475,284129
2019-12-09,40.7987859,-73.9523,284129
2019-12-09,40.73223272,-73.98889957,284130
2019-12-09,40.71559509,-73.9870295,284130
2019-12-09,40.77492513,-73.98266566,284131
2019-12-09,40.78499979,-73.97283406,284131
2019-12-09,40.768254,-73.988639,284132
2019-12-09,40.75898481399634,-73.99379968643188,284132
2019-12-09,40.72317958,-73.99480012,284133
2019-12-09,40.73221853,-73.98165557,284133
2019-12-09,40.7724607,-73.9468208,284134
2019-12-09,40.7687620293096,-73.95840793848038,284134
2019-12-09,40.68415748,-73.96922273,284135
2019-12-09,40.69474881,-73.98362464,284135
2019-12-09,40.7612274,-73.96094022,284136
2019-12-09,40.76500525,-73.95818491,284136
2019-12-09,40.744219,-73.97121214,284137
2019-12-09,40.710451,-73.960876,284137
2019-12-09,40.73454567,-73.99074142,284138
2019-12-09,40.73221853,-73.98165557,284138
2019-12-09,40.72746420692392,-73.97950418293476,284139
2019-12-09,40.73269,-73.98974,284139
2019-12-09,40.74734825,-73.99723551,284140
2019-12-09,40.73935542,-73.99931783,284140
2019-12-09,40.71939226,-74.00247214,284141
2019-12-09,40.72405549,-74.00965965,284141
2019-12-09,40.6809833854,-73.9500479759,284142
2019-12-09,40.686203,-73.944694,284142
2019-12-09,40.71605866,-73.99190759,284143
2019-12-09,40.71173107,-73.99193043,284143
2019-12-09,40.72743423,-73.99379025,284144
2019-12-09,40.734232,-73.986923,284144
2019-12-09,40.74173969,-73.99415556,284145
2019-12-09,40.74173969,-73.99415556,284145
2019-12-09,40.73269,-73.98974,284146
2019-12-09,40.72953837,-73.98426726,284146
2019-12-09,40.7190095,-73.95852515,284147
2019-12-09,40.72966729392978,-73.98067966103554,284147
2019-12-09,40.70255065,-74.0127234,284148
2019-12-09,40.711066,-74.009447,284148
2019-12-09,40.680944723477296,-73.97567331790923,284149
2019-12-09,40.6794388,-73.9680438,284149
2019-12-09,40.73971301,-73.99456405,284150
2019-12-09,40.7454973,-74.00197139,284150
2019-12-09,40.71870987,-74.0090009,284151
2019-12-09,40.71450451,-74.00562789,284151
2019-12-09,40.69331716,-73.95381995,284152
2019-12-09,40.68851534,-73.9647628,284152
2019-12-09,40.75500254,-73.98014437,284153
2019-12-09,40.7457121,-73.98194829,284153
2019-12-09,40.75929124,-73.98859651,284154
2019-12-09,40.75206862,-73.96784384,284154
2019-12-09,40.7462009,-73.98855723,284155
2019-12-09,40.73912601,-73.97973776,284155
2019-12-09,40.751551,-73.993934,284156
2019-12-09,40.75660359,-73.9979009,284156
2019-12-09,40.68323865460341,-73.96599590778351,284157
2019-12-09,40.68650065,-73.96563307,284157
2019-12-09,40.715143,-73.944507,284158
2019-12-09,40.724055,-73.955736,284158
2019-12-09,40.7505853470215,-73.9946848154068,284159
2019-12-09,40.74311555376486,-73.98215353488922,284159
2019-12-09,40.7505853470215,-73.9946848154068,284160
2019-12-09,40.739323,-74.008119,284160
2019-12-09,40.69221589,-73.9842844,284161
2019-12-09,40.69474881,-73.98362464,284161
2019-12-09,40.751581,-73.97791,284162
2019-12-09,40.751581,-73.97791,284162
2019-12-09,40.69239502,-73.99337909,284163
2019-12-09,40.69089272,-73.99612349,284163
2019-12-09,40.74173969,-73.99415556,284164
2019-12-09,40.751873,-73.977706,284164
2019-12-09,40.69239502,-73.99337909,284165
2019-12-09,40.69089272,-73.99612349,284165
2019-12-09,40.7457121,-73.98194829,284166
2019-12-09,40.72621788,-73.98379855,284166
2019-12-09,40.72743423,-73.99379025,284167
2019-12-09,40.710451,-73.960876,284167
2019-12-09,40.78948541553215,-73.95242929458618,284168
2019-12-09,40.7817212,-73.94594,284168
2019-12-09,40.7785669,-73.97754961,284169
2019-12-09,40.77515953434235,-73.98918695747852,284169
2019-12-09,40.72082834,-73.97793172,284170
2019-12-09,40.7457121,-73.98194829,284170
2019-12-09,40.72951496224949,-73.99075269699097,284171
2019-12-09,40.72228087,-73.97668709,284171
2019-12-09,40.7361967,-74.00859207,284172
2019-12-09,40.73172428,-74.00674436,284172
2019-12-09,40.7462009,-73.98855723,284173
2019-12-09,40.768254,-73.988639,284173
2019-12-09,40.72577,-73.94173,284174
2019-12-09,40.71745169,-73.95850939,284174
2019-12-09,40.6776147,-73.97324283,284175
2019-12-09,40.675146838709786,-73.97523209452629,284175
2019-12-09,40.751581,-73.97791,284176
2019-12-09,40.75640548,-73.9900262,284176
2019-12-09,40.73291553,-74.00711384,284177
2019-12-09,40.734814,-73.992085,284177
2019-12-09,40.77149671054441,-73.99046033620834,284178
2019-12-09,40.76228826,-73.98336183,284178
2019-12-09,40.6861758,-73.99645295,284179
2019-12-09,40.6847514,-73.99917254,284179
2019-12-09,40.717571,-74.005549,284180
2019-12-09,40.711512,-74.015756,284180
2019-12-09,40.68650065,-73.96563307,284181
2019-12-09,40.6794388,-73.9680438,284181
2019-12-09,40.72228087,-73.97668709,284182
2019-12-09,40.7172274,-73.98802084,284182
2019-12-09,40.68962188790333,-73.98304268717766,284183
2019-12-09,40.6917823,-73.9737299,284183
2019-12-09,40.76227205,-73.98788205,284184
2019-12-09,40.75510267,-73.97498696,284184
2019-12-09,40.7037992,-74.00838676,284185
2019-12-09,40.70862144,-74.00722156,284185
2019-12-09,40.751396,-74.005226,284186
2019-12-09,40.74901271,-73.98848395,284186
2019-12-09,40.70530954,-74.00612572,284187
2019-12-09,40.72229346,-73.99147535,284187
2019-12-09,40.6772744,-73.98282002,284188
2019-12-09,40.6829151,-73.99318208,284188
2019-12-09,40.761573,-73.972628,284189
2019-12-09,40.768254,-73.988639,284189
2019-12-09,40.75206862,-73.96784384,284190
2019-12-09,40.74780373,-73.9734419,284190
2019-12-09,40.75510267,-73.97498696,284191
2019-12-09,40.75455731,-73.96592976,284191
2019-12-09,40.6703837,-73.97839676,284192
2019-12-09,40.686203,-73.944694,284192
2019-12-09,40.7770575,-73.97898475,284193
2019-12-09,40.799139,-73.9389152,284193
2019-12-09,40.7689738,-73.95482273,284194
2019-12-09,40.75510267,-73.97498696,284194
2019-12-09,40.7153379,-74.01658354,284195
2019-12-09,40.70905623,-74.01043382,284195
2019-12-09,40.76068327096592,-73.9845272898674,284196
2019-12-09,40.75510267,-73.97498696,284196
2019-12-09,40.73291553,-74.00711384,284197
2019-12-09,40.73944820130404,-74.00507032871246,284197
2019-12-09,40.7153379,-74.01658354,284198
2019-12-09,40.69239502,-73.99337909,284198
2019-12-09,40.75724567911726,-73.97805914282799,284199
2019-12-09,40.76370739,-73.9851615,284199
2019-12-09,40.754120810779256,-73.98025184869766,284200
2019-12-09,40.72019576,-73.98997825,284200
2019-12-09,40.71334184275907,-74.00935515761375,284201
2019-12-09,40.7153379,-74.01658354,284201
2019-12-09,40.76727216,-73.99392888,284202
2019-12-09,40.8013434,-73.9711457439,284202
2019-12-09,40.74317449,-74.00366443,284203
2019-12-09,40.734232,-73.986923,284203
2019-12-09,40.71910537,-73.99973337,284204
2019-12-09,40.76087502,-74.00277668,284204
2019-12-09,40.7546011026,-73.971878855,284205
2019-12-09,40.74901271,-73.98848395,284205
2019-12-09,40.73944820130404,-74.00507032871246,284206
2019-12-09,40.72368361,-73.97574813,284206
2019-12-09,40.75640548,-73.9900262,284207
2019-12-09,40.75022392,-73.97121414,284207
2019-12-09,40.71146364,-74.00552427,284208
2019-12-09,40.71173107,-73.99193043,284208
2019-12-09,40.73971301,-73.99456405,284209
2019-12-09,40.72966729392978,-73.98067966103554,284209
2019-12-09,40.751551,-73.993934,284210
2019-12-09,40.7934337,-73.94945003,284210
2019-12-09,40.76227205,-73.98788205,284211
2019-12-09,40.75510267,-73.97498696,284211
2019-12-09,40.69236178,-73.98631746,284212
2019-12-09,40.68506807308177,-73.97790759801863,284212
2019-12-09,40.71754834,-74.01322069,284213
2019-12-09,40.69239502,-73.99337909,284213
2019-12-09,40.7149787,-74.013012,284214
2019-12-09,40.70870368,-73.9448625,284214
2019-12-09,40.808442,-73.9452087,284215
2019-12-09,40.804038,-73.945925,284215
2019-12-09,40.7381765,-73.97738662,284216
2019-12-09,40.7505853470215,-73.9946848154068,284216
2019-12-09,40.7208736,-73.98085795,284217
2019-12-09,40.736502,-73.97809472,284217
2019-12-09,40.71485150526252,-74.01122331619263,284218
2019-12-09,40.714211,-73.981095,284218
2019-12-09,40.69839895,-73.98068914,284219
2019-12-09,40.68506807308177,-73.97790759801863,284219
2019-12-09,40.7941654,-73.974124,284220
2019-12-09,40.7882213,-73.97041561,284220
2019-12-09,40.75594159,-74.0021163,284221
2019-12-09,40.751551,-73.993934,284221
2019-12-09,40.71173107,-73.99193043,284222
2019-12-09,40.72368361,-73.97574813,284222
2019-12-09,40.74334935,-74.00681753,284223
2019-12-09,40.74345335,-74.00004031,284223
2019-12-09,40.686371,-73.99383324,284224
2019-12-09,40.6802133,-73.98432695,284224
2019-12-09,40.76087502,-74.00277668,284225
2019-12-09,40.7882213,-73.97041561,284225
2019-12-09,40.751873,-73.977706,284226
2019-12-09,40.736502,-73.97809472,284226
2019-12-09,40.7277140777778,-74.01129573583603,284227
2019-12-09,40.722103786686034,-73.99724900722504,284227
2019-12-09,40.73331967,-73.99510132,284228
2019-12-09,40.72779126,-73.98564945,284228
2019-12-09,40.69196566,-73.9813018,284229
2019-12-09,40.693261,-73.968896,284229
2019-12-09,40.76500525,-73.95818491,284230
2019-12-09,40.8045555,-73.9396861,284230
2019-12-09,40.72317958,-73.99480012,284231
2019-12-09,40.71494807,-74.00234482,284231
2019-12-09,40.76227205,-73.98788205,284232
2019-12-09,40.751551,-73.993934,284232
2019-12-09,40.69766564,-73.98476437,284233
2019-12-09,40.68506807308177,-73.97790759801863,284233
2019-12-09,40.70122128,-74.01234218,284234
2019-12-09,40.71269042,-73.98776323,284234
2019-12-09,40.73912601,-73.97973776,284235
2019-12-09,40.7403432,-73.98955109,284235
2019-12-09,40.74096374,-73.98602213,284236
2019-12-09,40.7505853470215,-73.9946848154068,284236
2019-12-09,40.6776147,-73.97324283,284237
2019-12-09,40.668132,-73.97363831,284237
2019-12-09,40.78414472,-73.98362492,284238
2019-12-09,40.7770575,-73.97898475,284238
2019-12-09,40.7462009,-73.98855723,284239
2019-12-09,40.759125,-73.962658,284239
2019-12-09,40.76350532,-73.97109243,284240
2019-12-09,40.75510267,-73.97498696,284240
2019-12-09,40.74144387,-73.97536082,284241
2019-12-09,40.7462009,-73.98855723,284241
2019-12-09,40.73143724085228,-73.99490341544151,284242
2019-12-09,40.734814,-73.992085,284242
2019-12-09,40.77118287540658,-73.96409422159195,284243
2019-12-09,40.78499979,-73.97283406,284243
2019-12-09,40.73726186,-73.99238967,284244
2019-12-09,40.73726186,-73.99238967,284244
2019-12-09,40.75066386,-74.00176802,284245
2019-12-09,40.7505853470215,-73.9946848154068,284245
2019-12-09,40.74780373,-73.9734419,284246
2019-12-09,40.75513557,-73.98658032,284246
2019-12-09,40.7922553,-73.95249933,284247
2019-12-09,40.804038,-73.945925,284247
2019-12-09,40.76068327096592,-73.9845272898674,284248
2019-12-09,40.74734825,-73.99723551,284248
2019-12-09,40.75992262,-73.97648516,284249
2019-12-09,40.74901271,-73.98848395,284249
2019-12-09,40.75510267,-73.97498696,284250
2019-12-09,40.72456089,-73.99565293,284250
2019-12-09,40.73726186,-73.99238967,284251
2019-12-09,40.73587678,-73.98205027,284251
2019-12-09,40.76500525,-73.95818491,284252
2019-12-09,40.74780373,-73.9734419,284252
2019-12-09,40.741459,-73.983293,284253
2019-12-09,40.74394314,-73.97966069,284253
2019-12-09,40.75066386,-74.00176802,284254
2019-12-09,40.7505853470215,-73.9946848154068,284254
2019-12-09,40.76009437,-73.99461843,284255
2019-12-09,40.76227205,-73.98788205,284255
2019-12-09,40.724812564400175,-73.94752621650696,284256
2019-12-09,40.73026,-73.95394,284256
2019-12-09,40.72903917,-73.99404649,284257
2019-12-09,40.75019995,-73.99093085,284257
2019-12-09,40.7505853470215,-73.9946848154068,284258
2019-12-09,40.7390169121,-74.0026376103,284258
2019-12-09,40.76302594280519,-73.97209525108337,284259
2019-12-09,40.7734066,-73.97782542,284259
2019-12-09,40.74238787,-73.99726235,284260
2019-12-09,40.75066386,-74.00176802,284260
2019-12-09,40.75466591,-73.99138152,284261
2019-12-09,40.75929124,-73.98859651,284261
2019-12-09,40.7689738,-73.95482273,284262
2019-12-09,40.76370739,-73.9851615,284262
2019-12-09,40.749156,-73.9916,284263
2019-12-09,40.74394314,-73.97966069,284263
2019-12-09,40.67759206937376,-73.955637216568,284264
2019-12-09,40.6737236,-73.9631611,284264
2019-12-09,40.76228826,-73.98336183,284265
2019-12-09,40.7652654,-73.98192338,284265
2019-12-09,40.718822,-73.99596,284266
2019-12-09,40.72229346,-73.99147535,284266
2019-12-09,40.71754834,-74.01322069,284267
2019-12-09,40.7454973,-74.00197139,284267
2019-12-09,40.763189,-73.978434,284268
2019-12-09,40.75640548,-73.9900262,284268
2019-12-09,40.75594159,-74.0021163,284269
2019-12-09,40.77748046,-73.98288594,284269
2019-12-09,40.76227205,-73.98788205,284270
2019-12-09,40.75510267,-73.97498696,284270
2019-12-09,40.7284186,-73.98713956,284271
2019-12-09,40.72456089,-73.99565293,284271
2019-12-09,40.68539567,-73.97431458,284272
2019-12-09,40.6705135,-73.98876585,284272
2019-12-09,40.7505853470215,-73.9946848154068,284273
2019-12-09,40.75066386,-74.00176802,284273
2019-12-09,40.76095756,-73.96724467,284274
2019-12-09,40.75510267,-73.97498696,284274
2019-12-09,40.799139,-73.9389152,284275
2019-12-09,40.781410700190015,-73.95595908164978,284275
2019-12-09,40.70955958,-74.00653609,284276
2019-12-09,40.707873,-74.00167,284276
2019-12-09,40.68691865,-73.976682,284277
2019-12-09,40.6751622,-73.9814832,284277
2019-12-09,40.73143724085228,-73.99490341544151,284278
2019-12-09,40.73624527,-73.98473765,284278
2019-12-09,40.74144387,-73.97536082,284279
2019-12-09,40.751873,-73.977706,284279
2019-12-09,40.72217444,-73.98368779,284280
2019-12-09,40.72502876,-73.99069656,284280
2019-12-09,40.68506807308177,-73.97790759801863,284281
2019-12-09,40.68676793,-73.95928168,284281
2019-12-09,40.694546087246025,-73.95801365375519,284282
2019-12-09,40.672695,-73.954131,284282
2019-12-09,40.69795031569544,-73.97077560424805,284283
2019-12-09,40.693261,-73.968896,284283
2019-12-09,40.73143724085228,-73.99490341544151,284284
2019-12-09,40.76087502,-74.00277668,284284
2019-12-09,40.7835016,-73.955327,284285
2019-12-09,40.77677702,-73.9590097,284285
2019-12-09,40.77748046,-73.98288594,284286
2019-12-09,40.78499979,-73.97283406,284286
2019-12-09,40.70122128,-74.01234218,284287
2019-12-09,40.71117444,-73.99682619,284287
2019-12-09,40.704508,-73.9351,284288
2019-12-09,40.69055,-73.91181,284288
2019-12-09,40.804038,-73.945925,284289
2019-12-09,40.7877214,-73.94728331,284289
2019-12-09,40.73020660529954,-73.99102628231049,284290
2019-12-09,40.7505853470215,-73.9946848154068,284290
2019-12-09,40.75797322,-73.96603308,284291
2019-12-09,40.74334935,-74.00681753,284291
2019-12-09,40.74765947,-73.98490707,284292
2019-12-09,40.73624527,-73.98473765,284292
2019-12-09,40.69196566,-73.9813018,284293
2019-12-09,40.69580705,-73.97355569,284293
2019-12-09,40.76087502,-74.00277668,284294
2019-12-09,40.7921,-73.9739,284294
2019-12-09,40.67267243410948,-74.0087952464819,284295
2019-12-09,40.68506807308177,-73.97790759801863,284295
2019-12-09,40.814394437915816,-73.95324736833572,284296
2019-12-09,40.80698,-73.941747,284296
2019-12-09,40.74734825,-73.99723551,284297
2019-12-09,40.74334935,-74.00681753,284297
2019-12-09,40.72746420692392,-73.97950418293476,284298
2019-12-09,40.720747,-73.986274,284298
2019-12-09,40.78948541553215,-73.95242929458618,284299
2019-12-09,40.7785669,-73.97754961,284299
2019-12-09,40.69236178,-73.98631746,284300
2019-12-09,40.6917823,-73.9737299,284300
2019-12-09,40.7208736,-73.98085795,284301
2019-12-09,40.720747,-73.986274,284301
2019-12-09,40.7770575,-73.97898475,284302
2019-12-09,40.78057799010334,-73.98562431335449,284302
2019-12-09,40.73912601,-73.97973776,284303
2019-12-09,40.751873,-73.977706,284303
2019-12-09,40.739445,-73.976806,284304
2019-12-09,40.759125,-73.962658,284304
2019-12-09,40.7652654,-73.98192338,284305
2019-12-09,40.7153379,-74.01658354,284305
2019-12-09,40.7882213,-73.97041561,284306
2019-12-09,40.77118287540658,-73.96409422159195,284306
2019-12-09,40.72521311,-73.97768752,284307
2019-12-09,40.73226398,-73.99852205,284307
2019-12-09,40.73935542,-73.99931783,284308
2019-12-09,40.74317449,-74.00366443,284308
2019-12-09,40.75255434,-73.97282625,284309
2019-12-09,40.7489006,-73.97604882,284309
2019-12-09,40.78948541553215,-73.95242929458618,284310
2019-12-09,40.7839636,-73.9471673,284310
2019-12-09,40.8120562,-73.9612547,284311
2019-12-09,40.76087502,-74.00277668,284311
2019-12-09,40.711512,-74.015756,284312
2019-12-09,40.70255065,-74.0127234,284312
2019-12-09,40.7882213,-73.97041561,284313
2019-12-09,40.8014866,-73.9442507,284313
2019-12-09,40.72243797,-74.00566443,284314
2019-12-09,40.73532427,-73.99800419,284314
2019-12-09,40.76068327096592,-73.9845272898674,284315
2019-12-09,40.7882213,-73.97041561,284315
2019-12-09,40.8114323,-73.9518776,284316
2019-12-09,40.808442,-73.9452087,284316
2019-12-09,40.746647,-73.993915,284317
2019-12-09,40.74901271,-73.98848395,284317
2019-12-09,40.72019521437465,-74.0103006362915,284318
2019-12-09,40.72621788,-73.98379855,284318
2019-12-09,40.74144387,-73.97536082,284319
2019-12-09,40.74901271,-73.98848395,284319
2019-12-09,40.71739973,-73.98016555,284320
2019-12-09,40.71739973,-73.98016555,284320
2019-12-09,40.81,-73.9551508,284321
2019-12-09,40.8025566,-73.9490782,284321
2019-12-09,40.689888,-73.981013,284322
2019-12-09,40.69308257,-73.97178913,284322
2019-12-09,40.74966,-73.9521,284323
2019-12-09,40.751873,-73.977706,284323
2019-12-09,40.70365182,-74.01167797,284324
2019-12-09,40.6849894,-73.99440329,284324
2019-12-09,40.81,-73.9551508,284325
2019-12-09,40.8025566,-73.9490782,284325
2019-12-09,40.738046142482766,-73.99642959237099,284326
2019-12-09,40.73314259,-73.97573881,284326
2019-12-09,40.76341379,-73.99667444,284327
2019-12-09,40.777507027547976,-73.98888587951659,284327
2019-12-09,40.7656251,-73.9136695,284328
2019-12-09,40.7729,-73.916142,284328
2019-12-09,40.76227205,-73.98788205,284329
2019-12-09,40.7505853470215,-73.9946848154068,284329
2019-12-09,40.74901271,-73.98848395,284330
2019-12-09,40.751873,-73.977706,284330
2019-12-09,40.78813,-73.95206,284331
2019-12-09,40.8045555,-73.9396861,284331
2019-12-09,40.74232744,-73.95411749,284332
2019-12-09,40.74336608027021,-73.95960688591003,284332
2019-12-09,40.72307749068673,-73.98583620786667,284333
2019-12-09,40.71893904,-73.99266288,284333
2019-12-09,40.73971301,-73.99456405,284334
2019-12-09,40.73401143,-74.00293877,284334
2019-12-09,40.72307749068673,-73.98583620786667,284335
2019-12-09,40.72228087,-73.97668709,284335
2019-12-09,40.75019995,-73.99093085,284336
2019-12-09,40.73912601,-73.97973776,284336
2019-12-09,40.75255434,-73.97282625,284337
2019-12-09,40.75038009,-73.98338988,284337
2019-12-09,40.75724567911726,-73.97805914282799,284338
2019-12-09,40.73401143,-74.00293877,284338
2019-12-09,40.73331967,-73.99510132,284339
2019-12-09,40.72521311,-73.97768752,284339
2019-12-09,40.746745,-74.007756,284340
2019-12-09,40.74096374,-73.98602213,284340
2019-12-09,40.74345335,-74.00004031,284341
2019-12-09,40.74691959,-74.00451887,284341
2019-12-09,40.76312584,-73.96526895,284342
2019-12-09,40.7829391,-73.9786517,284342
2019-12-09,40.73143724085228,-73.99490341544151,284343
2019-12-09,40.72521311,-73.97768752,284343
2019-12-09,40.71335226222875,-73.9491033554077,284344
2019-12-09,40.70870368,-73.9448625,284344
2019-12-09,40.68962188790333,-73.98304268717766,284345
2019-12-09,40.6786115,-73.99037292,284345
2019-12-09,40.754120810779256,-73.98025184869766,284346
2019-12-09,40.73971301,-73.99456405,284346
2019-12-09,40.781410700190015,-73.95595908164978,284347
2019-12-09,40.7689738,-73.95482273,284347
2019-12-09,40.75500254,-73.98014437,284348
2019-12-09,40.76228826,-73.98336183,284348
2019-12-09,40.74290902,-73.97706058,284349
2019-12-09,40.751873,-73.977706,284349
2019-12-09,40.7597108,-73.97402311,284350
2019-12-09,40.759107,-73.959223,284350
2019-12-09,40.74144387,-73.97536082,284351
2019-12-09,40.72621788,-73.98379855,284351
2019-12-09,40.74966,-73.9521,284352
2019-12-09,40.74232744,-73.95411749,284352
2019-12-09,40.746745,-74.007756,284353
2019-12-09,40.74177603,-74.00149746,284353
2019-12-09,40.73532427,-73.99800419,284354
2019-12-09,40.72710258,-74.00297088,284354
2019-12-09,40.7922553,-73.95249933,284355
2019-12-09,40.80698,-73.941747,284355
2019-12-09,40.741459,-73.983293,284356
2019-12-09,40.749156,-73.9916,284356
2019-12-09,40.751873,-73.977706,284357
2019-12-09,40.73381219196632,-73.98054420948029,284357
2019-12-09,40.7781314,-73.96069399,284358
2019-12-09,40.7973721,-73.97041192,284358
2019-12-09,40.73020660529954,-73.99102628231049,284359
2019-12-09,40.72453734,-73.98185424,284359
2019-12-09,40.8143256,-73.9590255,284360
2019-12-09,40.8143256,-73.9590255,284360
2019-12-09,40.71427487,-73.98990025,284361
2019-12-09,40.71406667,-73.99293911,284361
2019-12-09,40.73587678,-73.98205027,284362
2019-12-09,40.7505853470215,-73.9946848154068,284362
2019-12-09,40.77140426,-73.9535166,284363
2019-12-09,40.77477944895728,-73.95427465438843,284363
2019-12-09,40.7489006,-73.97604882,284364
2019-12-09,40.72621788,-73.98379855,284364
2019-12-09,40.735367055605394,-73.98797392845154,284365
2019-12-09,40.72621788,-73.98379855,284365
2019-12-09,40.7882213,-73.97041561,284366
2019-12-09,40.7921,-73.9739,284366
2019-12-09,40.6847514,-73.99917254,284367
2019-12-09,40.688417427540834,-73.98451656103134,284367
2019-12-09,40.7892529,-73.93956237,284368
2019-12-09,40.7997568,-73.9621128676,284368
2019-12-09,40.70862144,-74.00722156,284369
2019-12-09,40.71413089,-73.9970468,284369
2019-12-09,40.72710258,-74.00297088,284370
2019-12-09,40.72019576,-73.98997825,284370
2019-12-09,40.6999974843885,-73.97440128028393,284371
2019-12-09,40.69196566,-73.9813018,284371
2019-12-09,40.76302594280519,-73.97209525108337,284372
2019-12-09,40.78839,-73.9747,284372
2019-12-09,40.7505853470215,-73.9946848154068,284373
2019-12-09,40.7462009,-73.98855723,284373
2019-12-09,40.6792788,-73.98154004,284374
2019-12-09,40.6776147,-73.97324283,284374
2019-12-09,40.75019995,-73.99093085,284375
2019-12-09,40.7381765,-73.97738662,284375
2019-12-09,40.7546011026,-73.971878855,284376
2019-12-09,40.76227205,-73.98788205,284376
2019-12-09,40.68926942,-73.98912867,284377
2019-12-09,40.6831164,-73.99785267,284377
2019-12-09,40.73781509,-73.99994661,284378
2019-12-09,40.73726186,-73.99238967,284378
2019-12-09,40.7747878,-73.9125551,284379
2019-12-09,40.7787185,-73.9145645,284379
2019-12-09,40.738046142482766,-73.99642959237099,284380
2019-12-09,40.74096374,-73.98602213,284380
2019-12-09,40.70531194,-73.97100056,284381
2019-12-09,40.68506807308177,-73.97790759801863,284381
2019-12-09,40.70530954,-74.00612572,284382
2019-12-09,40.72066442,-73.98517977,284382
2019-12-09,40.751873,-73.977706,284383
2019-12-09,40.74780373,-73.9734419,284383
2019-12-09,40.74177603,-74.00149746,284384
2019-12-09,40.716887,-73.963198,284384
2019-12-09,40.751396,-74.005226,284385
2019-12-09,40.7505853470215,-73.9946848154068,284385
2019-12-09,40.68323865460341,-73.96599590778351,284386
2019-12-09,40.6737236,-73.9631611,284386
2019-12-09,40.70255065,-74.0127234,284387
2019-12-09,40.70862144,-74.00722156,284387
2019-12-09,40.73172428,-74.00674436,284388
2019-12-09,40.73143724085228,-73.99490341544151,284388
2019-12-09,40.71782143,-73.97628939,284389
2019-12-09,40.751581,-73.97791,284389
2019-12-09,40.75001986,-73.96905301,284390
2019-12-09,40.75640548,-73.9900262,284390
2019-12-09,40.73726186,-73.99238967,284391
2019-12-09,40.73221853,-73.98165557,284391
2019-12-09,40.754120810779256,-73.98025184869766,284392
2019-12-09,40.74780373,-73.9734419,284392
2019-12-09,40.8045555,-73.9396861,284393
2019-12-09,40.8025566,-73.9490782,284393
2019-12-09,40.75001986,-73.96905301,284394
2019-12-09,40.73587678,-73.98205027,284394
2019-12-09,40.768254,-73.988639,284395
2019-12-09,40.763189,-73.978434,284395
2019-12-09,40.702461,-73.986842,284396
2019-12-09,40.71559509,-73.9870295,284396
2019-12-09,40.72456089,-73.99565293,284397
2019-12-09,40.72019576,-73.98997825,284397
2019-12-09,40.70767788,-73.94016171,284398
2019-12-09,40.69064807082943,-73.95746178925037,284398
2019-12-09,40.72746420692392,-73.97950418293476,284399
2019-12-09,40.72229346,-73.99147535,284399
2019-12-09,40.73026,-73.95394,284400
2019-12-09,40.74232744,-73.95411749,284400
2019-12-09,40.734814,-73.992085,284401
2019-12-09,40.7505853470215,-73.9946848154068,284401
2019-12-09,40.72706363348306,-73.99662137031554,284402
2019-12-09,40.76019252,-73.9912551,284402
2019-12-09,40.689888,-73.981013,284403
2019-12-09,40.68981035,-73.97493121,284403
2019-12-09,40.686371,-73.99383324,284404
2019-12-09,40.6861758,-73.99645295,284404
2019-12-09,40.6830456,-74.00348559,284405
2019-12-09,40.67909799721684,-73.98765474557877,284405
2019-12-09,40.7659,-73.930819,284406
2019-12-09,40.7675487799971,-73.9209334552288,284406
2019-12-09,40.76500525,-73.95818491,284407
2019-12-09,40.74252,-73.948852,284407
2019-12-09,40.799484,-73.955613,284408
2019-12-09,40.791976,-73.945993,284408
2019-12-09,40.74144387,-73.97536082,284409
2019-12-09,40.73331967,-73.99510132,284409
2019-12-09,40.76068327096592,-73.9845272898674,284410
2019-12-09,40.77149671054441,-73.99046033620834,284410
2019-12-09,40.70717936,-74.00887308,284411
2019-12-09,40.72325,-73.94308,284411
2019-12-09,40.6703837,-73.97839676,284412
2019-12-09,40.6729679,-73.97087984,284412
2019-12-09,40.71559509,-73.9870295,284413
2019-12-09,40.71893904,-73.99266288,284413
2019-12-09,40.72019521437465,-74.0103006362915,284414
2019-12-09,40.7149787,-74.013012,284414
2019-12-09,40.8045555,-73.9396861,284415
2019-12-09,40.797911,-73.9423,284415
2019-12-09,40.7675487799971,-73.9209334552288,284416
2019-12-09,40.7767,-73.927631,284416
2019-12-09,40.77966809007312,-73.98093044757842,284417
2019-12-09,40.7785669,-73.97754961,284417
2019-12-09,40.74966,-73.9521,284418
2019-12-09,40.74252,-73.948852,284418
2019-12-09,40.751873,-73.977706,284419
2019-12-09,40.7575699,-73.99098507,284419
2019-12-09,40.72079821,-73.95484712,284420
2019-12-09,40.71286844,-73.95698119,284420
2019-12-09,40.74096374,-73.98602213,284421
2019-12-09,40.74765947,-73.98490707,284421
2019-12-09,40.73971301,-73.99456405,284422
2019-12-09,40.73624527,-73.98473765,284422
2019-12-09,40.736502,-73.97809472,284423
2019-12-09,40.734232,-73.986923,284423
2019-12-09,40.73827428,-73.98751968,284424
2019-12-09,40.751581,-73.97791,284424
2019-12-09,40.736502,-73.97809472,284425
2019-12-09,40.734232,-73.986923,284425
2019-12-09,40.75992262,-73.97648516,284426
2019-12-09,40.7652654,-73.98192338,284426
2019-12-09,40.74290902,-73.97706058,284427
2019-12-09,40.7457121,-73.98194829,284427
2019-12-09,40.71754834,-74.01322069,284428
2019-12-09,40.72405549,-74.00965965,284428
2019-12-09,40.68312489,-73.97895137,284429
2019-12-09,40.6881529,-73.99520919,284429
2019-12-09,40.752957,-74.00264,284430
2019-12-09,40.74901271,-73.98848395,284430
2019-12-09,40.74173969,-73.99415556,284431
2019-12-09,40.73381219196632,-73.98054420948029,284431
2019-12-09,40.663779,-73.98396846,284432
2019-12-09,40.6750207,-73.97111473,284432
2019-12-09,40.757186,-73.932719,284433
2019-12-09,40.7485,-73.941275,284433
2019-12-09,40.6794388,-73.9680438,284434
2019-12-09,40.6795766,-73.97854971,284434
2019-12-09,40.717571,-74.005549,284435
2019-12-09,40.72243797,-74.00566443,284435
2019-12-09,40.71739973,-73.98016555,284436
2019-12-09,40.71893904,-73.99266288,284436
2019-12-09,40.7643971,-73.97371465,284437
2019-12-09,40.7734066,-73.97782542,284437
2019-12-09,40.72743423,-73.99379025,284438
2019-12-09,40.71173107,-73.99193043,284438
2019-12-09,40.754691750226016,-73.99740189313889,284439
2019-12-09,40.76227205,-73.98788205,284439
2019-12-09,40.72019521437465,-74.0103006362915,284440
2019-12-09,40.71291224,-74.01020234,284440
2019-12-09,40.76227205,-73.98788205,284441
2019-12-09,40.75640548,-73.9900262,284441
2019-12-09,40.75714758,-73.97207836,284442
2019-12-09,40.770513,-73.988038,284442
2019-12-09,40.768254,-73.988639,284443
2019-12-09,40.7575699,-73.99098507,284443
2019-12-09,40.722055,-73.989111,284444
2019-12-09,40.72299208,-73.97995466,284444
2019-12-09,40.71117416,-74.00016545,284445
2019-12-09,40.707873,-74.00167,284445
2019-12-09,40.751396,-74.005226,284446
2019-12-09,40.7505853470215,-73.9946848154068,284446
2019-12-09,40.6881529,-73.99520919,284447
2019-12-09,40.6786115,-73.99037292,284447
2019-12-09,40.73704984,-73.99009296,284448
2019-12-09,40.73401143,-74.00293877,284448
2019-12-09,40.770845,-73.934171,284449
2019-12-09,40.7747878,-73.9125551,284449
2019-12-09,40.7597108,-73.97402311,284450
2019-12-09,40.75714758,-73.97207836,284450
2019-12-09,40.73587678,-73.98205027,284451
2019-12-09,40.74322681432173,-73.97449783980846,284451
2019-12-09,40.73454567,-73.99074142,284452
2019-12-09,40.72521311,-73.97768752,284452
2019-12-09,40.73587678,-73.98205027,284453
2019-12-09,40.751873,-73.977706,284453
2019-12-09,40.72903917,-73.99404649,284454
2019-12-09,40.73223272,-73.98889957,284454
2019-12-09,40.72299208,-73.97995466,284455
2019-12-09,40.72966729392978,-73.98067966103554,284455
2019-12-09,40.76471851944339,-73.96222069859505,284456
2019-12-09,40.75510267,-73.97498696,284456
2019-12-09,40.7919557,-73.968087,284457
2019-12-09,40.8008363,-73.9664492472,284457
2019-12-09,40.7675487799971,-73.9209334552288,284458
2019-12-09,40.774645,-73.923706,284458
2019-12-09,40.74322681432173,-73.97449783980846,284459
2019-12-09,40.73381219196632,-73.98054420948029,284459
2019-12-09,40.751551,-73.993934,284460
2019-12-09,40.76360467795863,-73.98917958140373,284460
2019-12-09,40.71745169,-73.95850939,284461
2019-12-09,40.716887,-73.963198,284461
2019-12-09,40.734814,-73.992085,284462
2019-12-09,40.73143724085228,-73.99490341544151,284462
2019-12-09,40.77677702,-73.9590097,284463
2019-12-09,40.782593,-73.971211,284463
2019-12-09,40.7381765,-73.97738662,284464
2019-12-09,40.74311555376486,-73.98215353488922,284464
2019-12-09,40.8120562,-73.9612547,284465
2019-12-09,40.8013434,-73.9711457439,284465
2019-12-09,40.72325,-73.94308,284466
2019-12-09,40.70510918,-73.94407279,284466
2019-12-09,40.77140426,-73.9535166,284467
2019-12-09,40.778301,-73.9488134,284467
2019-12-09,40.72405549,-74.00965965,284468
2019-12-09,40.7153379,-74.01658354,284468
2019-12-09,40.751873,-73.977706,284469
2019-12-09,40.76370739,-73.9851615,284469
2019-12-09,40.73331967,-73.99510132,284470
2019-12-09,40.7262807,-73.98978041,284470
2019-12-09,40.75066386,-74.00176802,284471
2019-12-09,40.7462009,-73.98855723,284471
2019-12-09,40.74691959,-74.00451887,284472
2019-12-09,40.74173969,-73.99415556,284472
2019-12-09,40.74395411,-73.99144871,284473
2019-12-09,40.74238787,-73.99726235,284473
2019-12-09,40.78472675,-73.96961715,284474
2019-12-09,40.7867947,-73.977112,284474
2019-12-09,40.76302594280519,-73.97209525108337,284475
2019-12-09,40.77477944895728,-73.95427465438843,284475
2019-12-09,40.759107,-73.959223,284476
2019-12-09,40.75898481399634,-73.99379968643188,284476
2019-12-09,40.74901271,-73.98848395,284477
2019-12-09,40.76095756,-73.96724467,284477
2019-12-09,40.76370739,-73.9851615,284478
2019-12-09,40.75510267,-73.97498696,284478
2019-12-09,40.71850211,-73.98329859,284479
2019-12-09,40.71782143,-73.97628939,284479
2019-12-09,40.73020660529954,-73.99102628231049,284480
2019-12-09,40.713126,-73.984844,284480
2019-12-09,40.749156,-73.9916,284481
2019-12-09,40.7921,-73.9739,284481
2019-12-09,40.68650065,-73.96563307,284482
2019-12-09,40.69331716,-73.95381995,284482
2019-12-09,40.71926081,-73.98178024,284483
2019-12-09,40.71893904,-73.99266288,284483
2019-12-09,40.707873,-74.00167,284484
2019-12-09,40.71850211,-73.98329859,284484
2019-12-09,40.751396,-74.005226,284485
2019-12-09,40.73224119,-74.00026394,284485
2019-12-09,40.73454567,-73.99074142,284486
2019-12-09,40.72953837,-73.98426726,284486
2019-12-09,40.72917025,-73.99810231,284487
2019-12-09,40.73224119,-74.00026394,284487
2019-12-09,40.7954121,-73.9441232,284488
2019-12-09,40.7923272,-73.9383,284488
2019-12-09,40.717571,-74.005549,284489
2019-12-09,40.711066,-74.009447,284489
2019-12-09,40.73827428,-73.98751968,284490
2019-12-09,40.73381219196632,-73.98054420948029,284490
2019-12-09,40.75714758,-73.97207836,284491
2019-12-09,40.76269882,-73.99301222,284491
2019-12-09,40.74322681432173,-73.97449783980846,284492
2019-12-09,40.72307749068673,-73.98583620786667,284492
2019-12-09,40.76500525,-73.95818491,284493
2019-12-09,40.7882213,-73.97041561,284493
2019-12-09,40.75097711,-73.98765428,284494
2019-12-09,40.751873,-73.977706,284494
2019-12-09,40.781410700190015,-73.95595908164978,284495
2019-12-09,40.79127,-73.964839,284495
2019-12-09,40.69795031569544,-73.97077560424805,284496
2019-12-09,40.68841,-73.979458,284496
2019-12-09,40.7505853470215,-73.9946848154068,284497
2019-12-09,40.73291553,-74.00711384,284497
2019-12-09,40.70355377,-74.00670227,284498
2019-12-09,40.71219906,-73.97948148,284498
2019-12-09,40.713126,-73.984844,284499
2019-12-09,40.72368361,-73.97574813,284499
2019-12-09,40.73291553,-74.00711384,284500
2019-12-09,40.71625008,-74.0091059,284500
2019-12-09,40.73454567,-73.99074142,284501
2019-12-09,40.72903917,-73.99404649,284501
2019-12-09,40.72743423,-73.99379025,284502
2019-12-09,40.72453734,-73.98185424,284502
2019-12-09,40.73221853,-73.98165557,284503
2019-12-09,40.744219,-73.97121214,284503
2019-12-09,40.75255434,-73.97282625,284504
2019-12-09,40.74096374,-73.98602213,284504
2019-12-09,40.74290902,-73.97706058,284505
2019-12-09,40.749156,-73.9916,284505
2019-12-09,40.74096374,-73.98602213,284506
2019-12-09,40.72966729392978,-73.98067966103554,284506
2019-12-09,40.73291553,-74.00711384,284507
2019-12-09,40.78414472,-73.98362492,284507
2019-12-09,40.74394314,-73.97966069,284508
2019-12-09,40.73221853,-73.98165557,284508
2019-12-09,40.746745,-74.007756,284509
2019-12-09,40.73291553,-74.00711384,284509
2019-12-09,40.701907,-74.013942,284510
2019-12-09,40.77515953434235,-73.98918695747852,284510
2019-12-09,40.7153379,-74.01658354,284511
2019-12-09,40.7575699,-73.99098507,284511
2019-12-09,40.76030096,-73.99884222,284512
2019-12-09,40.751551,-73.993934,284512
2019-12-09,40.735238,-74.000271,284513
2019-12-09,40.7262807,-73.98978041,284513
2019-12-09,40.7568001,-73.98291153,284514
2019-12-09,40.76019252,-73.9912551,284514
2019-12-09,40.75594159,-74.0021163,284515
2019-12-09,40.71739973,-73.98016555,284515
2019-12-09,40.71911552,-74.00666661,284516
2019-12-09,40.724308321602166,-74.00473035871983,284516
2019-12-09,40.75186951421875,-73.93349289894103,284517
2019-12-09,40.6851532,-73.94111,284517
2019-12-09,40.74144387,-73.97536082,284518
2019-12-09,40.751873,-73.977706,284518
2019-12-09,40.70140317257725,-73.98672670125961,284519
2019-12-09,40.697787,-73.973736,284519
2019-12-09,40.76350532,-73.97109243,284520
2019-12-09,40.75797322,-73.96603308,284520
2019-12-09,40.8045555,-73.9396861,284521
2019-12-09,40.8011939,-73.9500739,284521
2019-12-09,40.72746420692392,-73.97950418293476,284522
2019-12-09,40.71850211,-73.98329859,284522
2019-12-09,40.7153379,-74.01658354,284523
2019-12-09,40.72405549,-74.00965965,284523
2019-12-09,40.707644944175705,-73.96841526031494,284524
2019-12-09,40.675146838709786,-73.97523209452629,284524
2019-12-09,40.74487634,-73.99529885,284525
2019-12-09,40.74937024193277,-73.99923384189606,284525
2019-12-09,40.72710258,-74.00297088,284526
2019-12-09,40.72019576,-73.98997825,284526
2019-12-09,40.6851532,-73.94111,284527
2019-12-09,40.6803560840434,-73.9476791024208,284527
2019-12-09,40.74177603,-74.00149746,284528
2019-12-09,40.73401143,-74.00293877,284528
2019-12-09,40.739323,-74.008119,284529
2019-12-09,40.73587678,-73.98205027,284529
2019-12-09,40.7934337,-73.94945003,284530
2019-12-09,40.7989445,-73.944846,284530
2019-12-09,40.72456089,-73.99565293,284531
2019-12-09,40.73226398,-73.99852205,284531
2019-12-09,40.7546011026,-73.971878855,284532
2019-12-09,40.744219,-73.97121214,284532
2019-12-09,40.78813,-73.95206,284533
2019-12-09,40.782454175279874,-73.9489196240902,284533
2019-12-09,40.75714758,-73.97207836,284534
2019-12-09,40.76312584,-73.96526895,284534
2019-12-09,40.74096374,-73.98602213,284535
2019-12-09,40.76019252,-73.9912551,284535
2019-12-09,40.76312584,-73.96526895,284536
2019-12-09,40.77492513,-73.98266566,284536
2019-12-09,40.75510267,-73.97498696,284537
2019-12-09,40.744219,-73.97121214,284537
2019-12-09,40.71534825,-73.96024116,284538
2019-12-09,40.707644944175705,-73.96841526031494,284538
2019-12-09,40.74487634,-73.99529885,284539
2019-12-09,40.74937024193277,-73.99923384189606,284539
2019-12-09,40.72710258,-74.00297088,284540
2019-12-09,40.73454567,-73.99074142,284540
2019-12-09,40.71739973,-73.98016555,284541
2019-12-09,40.718822,-73.99596,284541
2019-12-09,40.71427487,-73.98990025,284542
2019-12-09,40.71269042,-73.98776323,284542
2019-12-09,40.715143,-73.944507,284543
2019-12-09,40.71534825,-73.96024116,284543
2019-12-09,40.74096374,-73.98602213,284544
2019-12-09,40.72580614,-73.97422494,284544
2019-12-09,40.76068327096592,-73.9845272898674,284545
2019-12-09,40.75255434,-73.97282625,284545
2019-12-09,40.6777287,-73.99364123,284546
2019-12-09,40.67759206937376,-73.955637216568,284546
2019-12-09,40.70463,-74.01507,284547
2019-12-09,40.76087502,-74.00277668,284547
2019-12-09,40.74232744,-73.95411749,284548
2019-12-09,40.745038,-73.957539,284548
2019-12-09,40.7892105,-73.94370784,284549
2019-12-09,40.801694,-73.957145,284549
2019-12-09,40.797911,-73.9423,284550
2019-12-09,40.7989445,-73.944846,284550
2019-12-09,40.77515953434235,-73.98918695747852,284551
2019-12-09,40.77748046,-73.98288594,284551
2019-12-09,40.72966729392978,-73.98067966103554,284552
2019-12-09,40.736502,-73.97809472,284552
2019-12-09,40.797911,-73.9423,284553
2019-12-09,40.804213,-73.96699104,284553
2019-12-09,40.72229346,-73.99147535,284554
2019-12-09,40.73047309,-73.98672378,284554
2019-12-09,40.711512,-74.015756,284555
2019-12-09,40.72217444,-73.98368779,284555
2019-12-09,40.781410700190015,-73.95595908164978,284556
2019-12-09,40.79127,-73.964839,284556
2019-12-09,40.71754834,-74.01322069,284557
2019-12-09,40.73038599,-74.00214988,284557
2019-12-09,40.749717753,-74.002950346,284558
2019-12-09,40.73935542,-73.99931783,284558
2019-12-09,40.72743423,-73.99379025,284559
2019-12-09,40.71605866,-73.99190759,284559
2019-12-09,40.70029511,-73.95032283,284560
2019-12-09,40.70583339,-73.94644578,284560
2019-12-09,40.75510267,-73.97498696,284561
2019-12-09,40.72746420692392,-73.97950418293476,284561
2019-12-09,40.74177603,-74.00149746,284562
2019-12-09,40.73401143,-74.00293877,284562
2019-12-09,40.77140426,-73.9535166,284563
2019-12-09,40.77477944895728,-73.95427465438843,284563
2019-12-09,40.7403432,-73.98955109,284564
2019-12-09,40.73381219196632,-73.98054420948029,284564
2019-12-09,40.7652654,-73.98192338,284565
2019-12-09,40.7973721,-73.97041192,284565
2019-12-09,40.735445,-73.99431,284566
2019-12-09,40.71622644,-73.98261206,284566
2019-12-09,40.7277140777778,-74.01129573583603,284567
2019-12-09,40.73291553,-74.00711384,284567
2019-12-09,40.72966729392978,-73.98067966103554,284568
2019-12-09,40.73269,-73.98974,284568
2019-12-09,40.75299641,-73.98721619,284569
2019-12-09,40.76019252,-73.9912551,284569
2019-12-09,40.76302594280519,-73.97209525108337,284570
2019-12-09,40.76370739,-73.9851615,284570
2019-12-09,40.77536905,-73.94803392,284571
2019-12-09,40.77677702,-73.9590097,284571
2019-12-09,40.70684203101325,-73.9544353965357,284572
2019-12-09,40.70924826276157,-73.96063148975372,284572
2019-12-09,40.70365182,-74.01167797,284573
2019-12-09,40.71739973,-73.98016555,284573
2019-12-09,40.72036775298455,-73.96165072917938,284574
2019-12-09,40.7239567849954,-73.94984364509583,284574
2019-12-09,40.73971301,-73.99456405,284575
2019-12-09,40.7454973,-74.00197139,284575
2019-12-09,40.74128309355993,-73.93725872039794,284576
2019-12-09,40.7190095,-73.95852515,284576
2019-12-09,40.711066,-74.009447,284577
2019-12-09,40.72453734,-73.98185424,284577
2019-12-09,40.770513,-73.988038,284578
2019-12-09,40.77163851,-73.98261428,284578
2019-12-09,40.7779453,-73.946041,284579
2019-12-09,40.7869946,-73.94164802,284579
2019-12-09,40.70255088,-73.98940236,284580
2019-12-09,40.69089272,-73.99612349,284580
2019-12-09,40.746745,-74.007756,284581
2019-12-09,40.73291553,-74.00711384,284581
2019-12-09,40.73704984,-73.99009296,284582
2019-12-09,40.749156,-73.9916,284582
2019-12-09,40.76590936,-73.97634151,284583
2019-12-09,40.78057799010334,-73.98562431335449,284583
2019-12-09,40.781410700190015,-73.95595908164978,284584
2019-12-09,40.79127,-73.964839,284584
2019-12-09,40.76068327096592,-73.9845272898674,284585
2019-12-09,40.77149671054441,-73.99046033620834,284585
2019-12-09,40.72966729392978,-73.98067966103554,284586
2019-12-09,40.72580614,-73.97422494,284586
2019-12-09,40.75066386,-74.00176802,284587
2019-12-09,40.73827428,-73.98751968,284587
2019-12-09,40.73726186,-73.99238967,284588
2019-12-09,40.73935542,-73.99931783,284588
2019-12-09,40.75510267,-73.97498696,284589
2019-12-09,40.78499979,-73.97283406,284589
2019-12-09,40.73269,-73.98974,284590
2019-12-09,40.72368361,-73.97574813,284590
2019-12-09,40.73221853,-73.98165557,284591
2019-12-09,40.74173969,-73.99415556,284591
2019-12-09,40.75594159,-74.0021163,284592
2019-12-09,40.76030096,-73.99884222,284592
2019-12-09,40.77801203,-73.95407149,284593
2019-12-09,40.78813,-73.95206,284593
2019-12-09,40.711512,-74.015756,284594
2019-12-09,40.76087502,-74.00277668,284594
2019-12-09,40.78414472,-73.98362492,284595
2019-12-09,40.78720869,-73.98128127,284595
2019-12-09,40.75172632,-73.98753523,284596
2019-12-09,40.75466591,-73.99138152,284596
2019-12-09,40.76228826,-73.98336183,284597
2019-12-09,40.752269,-73.982079,284597
2019-12-09,40.70706456,-74.00731853,284598
2019-12-09,40.707873,-74.00167,284598
2019-12-09,40.73047747,-73.99906065,284599
2019-12-09,40.72307749068673,-73.98583620786667,284599
2019-12-09,40.75255434,-73.97282625,284600
2019-12-09,40.76590936,-73.97634151,284600
2019-12-09,40.74238787,-73.99726235,284601
2019-12-09,40.71625008,-74.0091059,284601
2019-12-09,40.763189,-73.978434,284602
2019-12-09,40.75640548,-73.9900262,284602
2019-12-09,40.724812564400175,-73.94752621650696,284603
2019-12-09,40.72325,-73.94308,284603
2019-12-09,40.75299641,-73.98721619,284604
2019-12-09,40.7381765,-73.97738662,284604
2019-12-09,40.751873,-73.977706,284605
2019-12-09,40.75455731,-73.96592976,284605
2019-12-09,40.7981856,-73.9605909006,284606
2019-12-09,40.8013066,-73.9398167,284606
2019-12-09,40.7699426,-73.96060712,284607
2019-12-09,40.805973,-73.964928,284607
2019-12-09,40.69991755,-73.98971773,284608
2019-12-09,40.69512845,-73.99595065,284608
2019-12-09,40.75828065,-73.97069431,284609
2019-12-09,40.7633589,-73.9286471,284609
2019-12-09,40.75097711,-73.98765428,284610
2019-12-09,40.75466591,-73.99138152,284610
2019-12-09,40.73291553,-74.00711384,284611
2019-12-09,40.7390169121,-74.0026376103,284611
2019-12-09,40.72362738,-73.99949601,284612
2019-12-09,40.73535398,-74.00483091,284612
2019-12-09,40.751396,-74.005226,284613
2019-12-09,40.711512,-74.015756,284613
2019-12-09,40.74734825,-73.99723551,284614
2019-12-09,40.8011939,-73.9500739,284614
2019-12-09,40.72110063,-73.9919254,284615
2019-12-09,40.6769694,-73.96579,284615
2019-12-09,40.74144387,-73.97536082,284616
2019-12-09,40.7475739589548,-73.9788007736206,284616
2019-12-09,40.7505853470215,-73.9946848154068,284617
2019-12-09,40.739323,-74.008119,284617
2019-12-09,40.7381765,-73.97738662,284618
2019-12-09,40.7457121,-73.98194829,284618
2019-12-09,40.76344058,-73.98268129,284619
2019-12-09,40.77748046,-73.98288594,284619
2019-12-09,40.71427487,-73.98990025,284620
2019-12-09,40.713126,-73.984844,284620
2019-12-09,40.75500254,-73.98014437,284621
2019-12-09,40.746647,-73.993915,284621
2019-12-09,40.73944820130404,-74.00507032871246,284622
2019-12-09,40.72779126,-73.98564945,284622
2019-12-09,40.74173969,-73.99415556,284623
2019-12-09,40.74334935,-74.00681753,284623
2019-12-09,40.73020660529954,-73.99102628231049,284624
2019-12-09,40.72953837,-73.98426726,284624
2019-12-09,40.73143724085228,-73.99490341544151,284625
2019-12-09,40.73038599,-74.00214988,284625
2019-12-09,40.71291224,-74.01020234,284626
2019-12-09,40.72621788,-73.98379855,284626
2019-12-09,40.77862688,-73.95772073,284627
2019-12-09,40.77579376683666,-73.9762057363987,284627
2019-12-09,40.69196566,-73.9813018,284628
2019-12-09,40.69795031569544,-73.97077560424805,284628
2019-12-09,40.781410700190015,-73.95595908164978,284629
2019-12-09,40.7829391,-73.9786517,284629
2019-12-09,40.736502,-73.97809472,284630
2019-12-09,40.6776147,-73.97324283,284630
2019-12-09,40.71754834,-74.01322069,284631
2019-12-09,40.7361967,-74.00859207,284631
2019-12-09,40.7149787,-74.013012,284632
2019-12-09,40.717571,-74.005549,284632
2019-12-09,40.75992262,-73.97648516,284633
2019-12-09,40.744219,-73.97121214,284633
2019-12-09,40.73143724085228,-73.99490341544151,284634
2019-12-09,40.735238,-74.000271,284634
2019-12-09,40.751396,-74.005226,284635
2019-12-09,40.75640548,-73.9900262,284635
2019-12-09,40.74487634,-73.99529885,284636
2019-12-09,40.751873,-73.977706,284636
2019-12-09,40.72362738,-73.99949601,284637
2019-12-09,40.72019521437465,-74.0103006362915,284637
2019-12-09,40.70905623,-74.01043382,284638
2019-12-09,40.72746420692392,-73.97950418293476,284638
2019-12-09,40.6804836,-73.9646795,284639
2019-12-09,40.6769694,-73.96579,284639
2019-12-09,40.73971301,-73.99456405,284640
2019-12-09,40.7454973,-74.00197139,284640
2019-12-09,40.76341379,-73.99667444,284641
2019-12-09,40.76068327096592,-73.9845272898674,284641
2019-12-09,40.71745169,-73.95850939,284642
2019-12-09,40.707644944175705,-73.96841526031494,284642
2019-12-09,40.72710258,-74.00297088,284643
2019-12-09,40.71939226,-74.00247214,284643
2019-12-09,40.71910537,-73.99973337,284644
2019-12-09,40.71173107,-73.99193043,284644
2019-12-09,40.735238,-74.000271,284645
2019-12-09,40.734814,-73.992085,284645
2019-12-09,40.76068327096592,-73.9845272898674,284646
2019-12-09,40.744219,-73.97121214,284646
2019-12-09,40.7949879,-73.9333349,284647
2019-12-09,40.8107922,-73.9430681,284647
2019-12-09,40.74708586,-73.94977234,284648
2019-12-09,40.73555,-73.95284,284648
2019-12-09,40.7172274,-73.98802084,284649
2019-12-09,40.718822,-73.99596,284649
2019-12-09,40.689888,-73.981013,284650
2019-12-09,40.6786115,-73.99037292,284650
2019-12-09,40.7454973,-74.00197139,284651
2019-12-09,40.7435337324616,-74.00367558002472,284651
2019-12-09,40.73172428,-74.00674436,284652
2019-12-09,40.73781509,-73.99994661,284652
2019-12-09,40.72307749068673,-73.98583620786667,284653
2019-12-09,40.7208736,-73.98085795,284653
2019-12-09,40.7987859,-73.9523,284654
2019-12-09,40.7923272,-73.9383,284654
2019-12-09,40.75828065,-73.97069431,284655
2019-12-09,40.75929124,-73.98859651,284655
2019-12-09,40.680944723477296,-73.97567331790923,284656
2019-12-09,40.6772744,-73.98282002,284656
2019-12-09,40.71625008,-74.0091059,284657
2019-12-09,40.73291553,-74.00711384,284657
2019-12-09,40.7689738,-73.95482273,284658
2019-12-09,40.76712840349542,-73.96224617958069,284658
2019-12-09,40.7381765,-73.97738662,284659
2019-12-09,40.7505853470215,-73.9946848154068,284659
2019-12-09,40.73223272,-73.98889957,284660
2019-12-09,40.734814,-73.992085,284660
2019-12-09,40.746647,-73.993915,284661
2019-12-09,40.74765947,-73.98490707,284661
2019-12-09,40.71559509,-73.9870295,284662
2019-12-09,40.72521311,-73.97768752,284662
2019-12-09,40.804038,-73.945925,284663
2019-12-09,40.78307,-73.95939,284663
2019-12-09,40.744219,-73.97121214,284664
2019-12-09,40.72521311,-73.97768752,284664
2019-12-09,40.78112229934166,-73.94965589046478,284665
2019-12-09,40.77862688,-73.95772073,284665
2019-12-09,40.73381219196632,-73.98054420948029,284666
2019-12-09,40.72521311,-73.97768752,284666
2019-12-09,40.74290902,-73.97706058,284667
2019-12-09,40.7489006,-73.97604882,284667
2019-12-09,40.80295,-73.942954,284668
2019-12-09,40.8078316,-73.949373,284668
2019-12-09,40.75828065,-73.97069431,284669
2019-12-09,40.77518615,-73.94446054,284669
2019-12-09,40.736502,-73.97809472,284670
2019-12-09,40.73704984,-73.99009296,284670
2019-12-09,40.72710258,-74.00297088,284671
2019-12-09,40.73047309,-73.98672378,284671
2019-12-09,40.70510918,-73.94407279,284672
2019-12-09,40.697481,-73.935877,284672
2019-12-09,40.736502,-73.97809472,284673
2019-12-09,40.707873,-74.00167,284673
2019-12-09,40.72217444,-73.98368779,284674
2019-12-09,40.7262807,-73.98978041,284674
2019-12-09,40.677027,-73.9865,284675
2019-12-09,40.6830456,-74.00348559,284675
2019-12-09,40.7037992,-74.00838676,284676
2019-12-09,40.71269042,-73.98776323,284676
2019-12-09,40.746745,-74.007756,284677
2019-12-09,40.75594159,-74.0021163,284677
2019-12-09,40.7489006,-73.97604882,284678
2019-12-09,40.74765947,-73.98490707,284678
2019-12-09,40.68962188790333,-73.98304268717766,284679
2019-12-09,40.693261,-73.968896,284679
2019-12-09,40.7037992,-74.00838676,284680
2019-12-09,40.751581,-73.97791,284680
2019-12-09,40.6763744,-74.00324957,284681
2019-12-09,40.6794327,-74.00785041,284681
2019-12-09,40.715143,-73.944507,284682
2019-12-09,40.72325,-73.94308,284682
2019-12-09,40.73020660529954,-73.99102628231049,284683
2019-12-09,40.72621788,-73.98379855,284683
2019-12-09,40.74286877312112,-73.98918628692627,284684
2019-12-09,40.73314259,-73.97573881,284684
2019-12-09,40.75255434,-73.97282625,284685
2019-12-09,40.72746420692392,-73.97950418293476,284685
2019-12-09,40.74290902,-73.97706058,284686
2019-12-09,40.7457121,-73.98194829,284686
2019-12-09,40.75019995,-73.99093085,284687
2019-12-09,40.74144387,-73.97536082,284687
2019-12-09,40.71754834,-74.01322069,284688
2019-12-09,40.711512,-74.015756,284688
2019-12-09,40.71427487,-73.98990025,284689
2019-12-09,40.6881529,-73.99520919,284689
2019-12-09,40.8045555,-73.9396861,284690
2019-12-09,40.805159,-73.954692,284690
2019-12-09,40.75299641,-73.98721619,284691
2019-12-09,40.735238,-74.000271,284691
2019-12-09,40.78499979,-73.97283406,284692
2019-12-09,40.77862688,-73.95772073,284692
2019-12-09,40.675146838709786,-73.97523209452629,284693
2019-12-09,40.6802133,-73.98432695,284693
2019-12-09,40.79329668,-73.9432083,284694
2019-12-09,40.8011939,-73.9500739,284694
2019-12-09,40.74487634,-73.99529885,284695
2019-12-09,40.72966729392978,-73.98067966103554,284695
2019-12-09,40.7451677,-73.98683077,284696
2019-12-09,40.751873,-73.977706,284696
2019-12-09,40.695065,-73.987167,284697
2019-12-09,40.6794327,-74.00785041,284697
2019-12-09,40.75640548,-73.9900262,284698
2019-12-09,40.75500254,-73.98014437,284698
2019-12-09,40.8045555,-73.9396861,284699
2019-12-09,40.7817212,-73.94594,284699
2019-12-09,40.75934501,-73.96759673,284700
2019-12-09,40.76350532,-73.97109243,284700
2019-12-09,40.7839636,-73.9471673,284701
2019-12-09,40.7877214,-73.94728331,284701
2019-12-09,40.72494672359416,-74.00165855884552,284702
2019-12-09,40.72066442,-73.98517977,284702
2019-12-09,40.75724567911726,-73.97805914282799,284703
2019-12-09,40.73401143,-74.00293877,284703
2019-12-09,40.71754834,-74.01322069,284704
2019-12-09,40.8013434,-73.9711457439,284704
2019-12-09,40.7361967,-74.00859207,284705
2019-12-09,40.724308321602166,-74.00473035871983,284705
2019-12-09,40.69241829257847,-73.98949474096298,284706
2019-12-09,40.70255088,-73.98940236,284706
2019-12-09,40.7781314,-73.96069399,284707
2019-12-09,40.7921,-73.9739,284707
2019-12-09,40.7987859,-73.9523,284708
2019-12-09,40.795508,-73.941606,284708
2019-12-09,40.7687620293096,-73.95840793848038,284709
2019-12-09,40.7689738,-73.95482273,284709
2019-12-09,40.74144387,-73.97536082,284710
2019-12-09,40.73331967,-73.99510132,284710
2019-12-09,40.73971301,-73.99456405,284711
2019-12-09,40.73224119,-74.00026394,284711
2019-12-09,40.75255434,-73.97282625,284712
2019-12-09,40.73381219196632,-73.98054420948029,284712
2019-12-09,40.71334184275907,-74.00935515761375,284713
2019-12-09,40.70717936,-74.00887308,284713
2019-12-09,40.751581,-73.97791,284714
2019-12-09,40.74964,-73.98805,284714
2019-12-09,40.75323098,-73.97032517,284715
2019-12-09,40.736502,-73.97809472,284715
2019-12-09,40.72307749068673,-73.98583620786667,284716
2019-12-09,40.72746420692392,-73.97950418293476,284716
2019-12-09,40.71745169,-73.95850939,284717
2019-12-09,40.71285887,-73.96590294,284717
2019-12-09,40.799484,-73.955613,284718
2019-12-09,40.79329668,-73.9432083,284718
2019-12-09,40.73652889,-74.00618026,284719
2019-12-09,40.71307916,-73.99851193,284719
2019-12-09,40.7037992,-74.00838676,284720
2019-12-09,40.71269042,-73.98776323,284720
2019-12-09,40.761584,-73.925921,284721
2019-12-09,40.7596276,-73.9321455,284721
2019-12-09,40.7208736,-73.98085795,284722
2019-12-09,40.72966729392978,-73.98067966103554,284722
2019-12-09,40.72951496224949,-73.99075269699097,284723
2019-12-09,40.72621788,-73.98379855,284723
2019-12-09,40.74096374,-73.98602213,284724
2019-12-09,40.74322681432173,-73.97449783980846,284724
2019-12-09,40.67909799721684,-73.98765474557877,284725
2019-12-09,40.6711978,-73.97484126,284725
2019-12-09,40.71291224,-74.01020234,284726
2019-12-09,40.72229346,-73.99147535,284726
2019-12-09,40.73454567,-73.99074142,284727
2019-12-09,40.72953837,-73.98426726,284727
2019-12-09,40.7262807,-73.98978041,284728
2019-12-09,40.734814,-73.992085,284728
2019-12-09,40.6737236,-73.9631611,284729
2019-12-09,40.68676793,-73.95928168,284729
2019-12-09,40.679043,-74.011169,284730
2019-12-09,40.6758329439129,-74.01472628116608,284730
2019-12-09,40.6716493,-73.9631145,284732
2019-12-09,40.663779,-73.98396846,284732
2019-12-09,40.71605866,-73.99190759,284733
2019-12-09,40.722103786686034,-73.99724900722504,284733
2019-12-09,40.69236178,-73.98631746,284734
2019-12-09,40.69308257,-73.97178913,284734
2019-12-09,40.76915505,-73.98191841,284735
2019-12-09,40.7904828,-73.95033068,284735
2019-12-09,40.8082,-73.9641,284736
2019-12-09,40.7728384,-73.94989233,284736
2019-12-09,40.7643971,-73.97371465,284737
2019-12-09,40.77163851,-73.98261428,284737
2019-12-09,40.73232194,-73.9550858,284738
2019-12-09,40.73564,-73.95866,284738
2019-12-09,40.75001986,-73.96905301,284739
2019-12-09,40.77579376683666,-73.9762057363987,284739
2019-12-09,40.75714758,-73.97207836,284740
2019-12-09,40.75898481399634,-73.99379968643188,284740
2019-12-09,40.78414472,-73.98362492,284741
2019-12-09,40.751873,-73.977706,284741
2019-12-09,40.77573034,-73.9567526,284742
2019-12-09,40.7728384,-73.94989233,284742
2019-12-09,40.72228087,-73.97668709,284743
2019-12-09,40.722055,-73.989111,284743
2019-12-09,40.71739973,-73.98016555,284744
2019-12-09,40.71307916,-73.99851193,284744
2019-12-09,40.7785669,-73.97754961,284745
2019-12-09,40.77149671054441,-73.99046033620834,284745
2019-12-09,40.72405549,-74.00965965,284746
2019-12-09,40.71754834,-74.01322069,284746
2019-12-09,40.7390169121,-74.0026376103,284747
2019-12-09,40.7454973,-74.00197139,284747
2019-12-09,40.728846,-74.008591,284748
2019-12-09,40.730563,-73.973984,284748
2019-12-09,40.71754834,-74.01322069,284749
2019-12-09,40.73652889,-74.00618026,284749
2019-12-09,40.7643971,-73.97371465,284750
2019-12-09,40.77579376683666,-73.9762057363987,284750
2019-12-09,40.74964,-73.98805,284751
2019-12-09,40.75640548,-73.9900262,284751
2019-12-09,40.72494672359416,-74.00165855884552,284752
2019-12-09,40.722055,-73.989111,284752
2019-12-09,40.744219,-73.97121214,284753
2019-12-09,40.73047747,-73.99906065,284753
2019-12-09,40.74964,-73.98805,284754
2019-12-09,40.73912601,-73.97973776,284754
2019-12-09,40.680944723477296,-73.97567331790923,284755
2019-12-09,40.6765198,-73.9596082,284755
2019-12-09,40.69760127,-73.99344559,284756
2019-12-09,40.6861758,-73.99645295,284756
2019-12-09,40.73020660529954,-73.99102628231049,284757
2019-12-09,40.7770575,-73.97898475,284757
2019-12-09,40.75323098,-73.97032517,284758
2019-12-09,40.752269,-73.982079,284758
2019-12-09,40.72243797,-74.00566443,284759
2019-12-09,40.70934,-73.95608,284759
2019-12-09,40.6705135,-73.98876585,284760
2019-12-09,40.6704836,-73.98208968,284760
2019-12-09,40.76590936,-73.97634151,284761
2019-12-09,40.782593,-73.971211,284761
2019-12-09,40.707644944175705,-73.96841526031494,284762
2019-12-09,40.71260486,-73.96264403,284762
2019-12-09,40.78057799010334,-73.98562431335449,284763
2019-12-09,40.77492513,-73.98266566,284763
2019-12-09,40.7262807,-73.98978041,284764
2019-12-09,40.73912601,-73.97973776,284764
2019-12-09,40.68691865,-73.976682,284765
2019-12-09,40.6853761,-73.98302136,284765
2019-12-09,40.76727216,-73.99392888,284766
2019-12-09,40.76370739,-73.9851615,284766
2019-12-09,40.70706456,-74.00731853,284767
2019-12-09,40.722055,-73.989111,284767
2019-12-09,40.70365182,-74.01167797,284768
2019-12-09,40.70569254,-74.01677685,284768
2019-12-09,40.73587678,-73.98205027,284769
2019-12-09,40.7403432,-73.98955109,284769
2019-12-09,40.754120810779256,-73.98025184869766,284770
2019-12-09,40.73314259,-73.97573881,284770
2019-12-09,40.7652654,-73.98192338,284771
2019-12-09,40.77149671054441,-73.99046033620834,284771
2019-12-09,40.76663814,-73.95348296,284772
2019-12-09,40.7699426,-73.96060712,284772
2019-12-09,40.6763947,-73.99869893,284773
2019-12-09,40.6849668,-73.98620772,284773
2019-12-09,40.7149787,-74.013012,284774
2019-12-09,40.751873,-73.977706,284774
2019-12-09,40.73704984,-73.99009296,284775
2019-12-09,40.72621788,-73.98379855,284775
2019-12-09,40.71754834,-74.01322069,284776
2019-12-09,40.7361967,-74.00859207,284776
2019-12-09,40.71117416,-74.00016545,284777
2019-12-09,40.71076228,-73.99400398,284777
2019-12-09,40.72580614,-73.97422494,284778
2019-12-09,40.72951496224949,-73.99075269699097,284778
2019-12-09,40.74275382865903,-74.00747358798981,284779
2019-12-09,40.72966729392978,-73.98067966103554,284779
2019-12-09,40.6794327,-74.00785041,284780
2019-12-09,40.69165183,-73.9999786,284780
2019-12-09,40.72606,-73.95621,284781
2019-12-09,40.7190095,-73.95852515,284781
2019-12-09,40.74901271,-73.98848395,284782
2019-12-09,40.6809741,-73.9710097,284782
2019-12-09,40.7037992,-74.00838676,284783
2019-12-09,40.71269042,-73.98776323,284783
2019-12-09,40.71745169,-73.95850939,284784
2019-12-09,40.71285887,-73.96590294,284784
2019-12-09,40.75660359,-73.9979009,284785
2019-12-09,40.746745,-74.007756,284785
2019-12-09,40.74469738,-73.93540375,284786
2019-12-09,40.72325,-73.94308,284786
2019-12-09,40.74173969,-73.99415556,284787
2019-12-09,40.72966729392978,-73.98067966103554,284787
2019-12-09,40.7403432,-73.98955109,284788
2019-12-09,40.74177603,-74.00149746,284788
2019-12-09,40.72951496224949,-73.99075269699097,284789
2019-12-09,40.72453734,-73.98185424,284789
2019-12-09,40.7535992020056,-73.93795609474182,284790
2019-12-09,40.7682,-73.9322662,284790
2019-12-09,40.72710258,-74.00297088,284791
2019-12-09,40.73221853,-73.98165557,284791
2019-12-09,40.75206862,-73.96784384,284792
2019-12-09,40.76360467795863,-73.98917958140373,284792
2019-12-09,40.70140317257725,-73.98672670125961,284793
2019-12-09,40.6765198,-73.9596082,284793
2019-12-09,40.705614,-73.92153,284794
2019-12-09,40.70166,-73.92754,284794
2019-12-09,40.74901271,-73.98848395,284795
2019-12-09,40.75466591,-73.99138152,284795
2019-12-09,40.74232744,-73.95411749,284796
2019-12-09,40.72577,-73.94173,284796
2019-12-09,40.72229346,-73.99147535,284797
2019-12-09,40.73912601,-73.97973776,284797
2019-12-09,40.73587678,-73.98205027,284798
2019-12-09,40.74322681432173,-73.97449783980846,284798
2019-12-09,40.6831164,-73.99785267,284799
2019-12-09,40.6867443,-73.99063168,284799
2019-12-09,40.741459,-73.983293,284800
2019-12-09,40.74290902,-73.97706058,284800
2019-12-09,40.73226398,-73.99852205,284801
2019-12-09,40.72903917,-73.99404649,284801
2019-12-09,40.71406667,-73.99293911,284802
2019-12-09,40.72966729392978,-73.98067966103554,284802
2019-12-09,40.72019521437465,-74.0103006362915,284803
2019-12-09,40.71911552,-74.00666661,284803
2019-12-09,40.7381765,-73.97738662,284804
2019-12-09,40.7451677,-73.98683077,284804
2019-12-09,40.73971301,-73.99456405,284805
2019-12-09,40.76068327096592,-73.9845272898674,284805
2019-12-09,40.69985,-73.97141,284806
2019-12-09,40.693261,-73.968896,284806
2019-12-09,40.69239502,-73.99337909,284807
2019-12-09,40.6830456,-74.00348559,284807
2019-12-09,40.75660359,-73.9979009,284808
2019-12-09,40.7505853470215,-73.9946848154068,284808
2019-12-09,40.76068327096592,-73.9845272898674,284809
2019-12-09,40.7505853470215,-73.9946848154068,284809
2019-12-09,40.751396,-74.005226,284810
2019-12-09,40.69308257,-73.97178913,284810
2019-12-09,40.7047177,-74.00926027,284811
2019-12-09,40.71602118,-73.99974372,284811
2019-12-09,40.752269,-73.982079,284812
2019-12-09,40.7687620293096,-73.95840793848038,284812
2019-12-09,40.73944820130404,-74.00507032871246,284813
2019-12-09,40.73221853,-73.98165557,284813
2019-12-09,40.76132983124814,-73.97982001304626,284814
2019-12-09,40.7652654,-73.98192338,284814
2019-12-09,40.76269882,-73.99301222,284815
2019-12-09,40.7568001,-73.98291153,284815
2019-12-09,40.6804836,-73.9646795,284816
2019-12-09,40.68650065,-73.96563307,284816
2019-12-09,40.75255434,-73.97282625,284817
2019-12-09,40.76030096,-73.99884222,284817
2019-12-09,40.746647,-73.993915,284818
2019-12-09,40.7381765,-73.97738662,284818
2019-12-09,40.76500525,-73.95818491,284819
2019-12-09,40.7829391,-73.9786517,284819
2019-12-09,40.72019521437465,-74.0103006362915,284820
2019-12-09,40.73172428,-74.00674436,284820
2019-12-09,40.74322681432173,-73.97449783980846,284821
2019-12-09,40.7457121,-73.98194829,284821
2019-12-09,40.71534825,-73.96024116,284822
2019-12-09,40.71915571696044,-73.94885390996933,284822
2019-12-09,40.7785669,-73.97754961,284823
2019-12-09,40.77966809007312,-73.98093044757842,284823
2019-12-09,40.73912601,-73.97973776,284824
2019-12-09,40.74734825,-73.99723551,284824
2019-12-09,40.7961535,-73.94782145,284825
2019-12-09,40.8021174,-73.9681805305,284825
2019-12-09,40.72577,-73.94173,284826
2019-12-09,40.73232194,-73.9550858,284826
2019-12-09,40.72217444,-73.98368779,284827
2019-12-09,40.72453734,-73.98185424,284827
2019-12-09,40.72743423,-73.99379025,284828
2019-12-09,40.72217444,-73.98368779,284828
2019-12-09,40.74901271,-73.98848395,284829
2019-12-09,40.74444921,-73.98303529,284829
2019-12-09,40.701907,-74.013942,284830
2019-12-09,40.751551,-73.993934,284830
2019-12-09,40.75640548,-73.9900262,284831
2019-12-09,40.7568001,-73.98291153,284831
2019-12-09,40.707873,-74.00167,284832
2019-12-09,40.71622644,-73.98261206,284832
2019-12-09,40.76132983124814,-73.97982001304626,284833
2019-12-09,40.75510267,-73.97498696,284833
2019-12-09,40.7403432,-73.98955109,284834
2019-12-09,40.73401143,-74.00293877,284834
2019-12-09,40.754691750226016,-73.99740189313889,284835
2019-12-09,40.74238787,-73.99726235,284835
2019-12-09,40.75466591,-73.99138152,284836
2019-12-09,40.74286877312112,-73.98918628692627,284836
2019-12-09,40.81,-73.9551508,284837
2019-12-09,40.8011939,-73.9500739,284837
2019-12-09,40.74096374,-73.98602213,284838
2019-12-09,40.736502,-73.97809472,284838
2019-12-09,40.74475148,-73.99915362,284839
2019-12-09,40.73971301,-73.99456405,284839
2019-12-09,40.751873,-73.977706,284840
2019-12-09,40.74444921,-73.98303529,284840
2019-12-09,40.75929124,-73.98859651,284841
2019-12-09,40.76727216,-73.99392888,284841
2019-12-09,40.7403432,-73.98955109,284842
2019-12-09,40.7208736,-73.98085795,284842
2019-12-09,40.74734825,-73.99723551,284843
2019-12-09,40.74734825,-73.99723551,284843
2019-12-09,40.73226398,-73.99852205,284844
2019-12-09,40.73454567,-73.99074142,284844
2019-12-09,40.7546011026,-73.971878855,284845
2019-12-09,40.76312584,-73.96526895,284845
2019-12-09,40.72405549,-74.00965965,284846
2019-12-09,40.701907,-74.013942,284846
2019-12-09,40.78499979,-73.97283406,284847
2019-12-09,40.7699426,-73.96060712,284847
2019-12-09,40.75510267,-73.97498696,284848
2019-12-09,40.76009437,-73.99461843,284848
2019-12-09,40.770513,-73.988038,284849
2019-12-09,40.75019995,-73.99093085,284849
2019-12-09,40.74765947,-73.98490707,284850
2019-12-09,40.72746420692392,-73.97950418293476,284850
2019-12-09,40.77492513,-73.98266566,284851
2019-12-09,40.7728384,-73.94989233,284851
2019-12-09,40.72158,-73.94546,284852
2019-12-09,40.71469,-73.95739,284852
2019-12-09,40.72743423,-73.99379025,284853
2019-12-09,40.72217444,-73.98368779,284853
2019-12-09,40.777507027547976,-73.98888587951659,284854
2019-12-09,40.78839,-73.9747,284854
2019-12-09,40.71893904,-73.99266288,284855
2019-12-09,40.71739973,-73.98016555,284855
2019-12-09,40.766368,-73.971518,284856
2019-12-09,40.751551,-73.993934,284856
2019-12-09,40.75022392,-73.97121414,284857
2019-12-09,40.76500525,-73.95818491,284857
2019-12-09,40.7403432,-73.98955109,284858
2019-12-09,40.749156,-73.9916,284858
2019-12-09,40.71870987,-74.0090009,284859
2019-12-09,40.71117444,-73.99682619,284859
2019-12-09,40.73020660529954,-73.99102628231049,284860
2019-12-09,40.72740794,-73.98142006,284860
2019-12-09,40.71893904,-73.99266288,284861
2019-12-09,40.714211,-73.981095,284861
2019-12-09,40.7919557,-73.968087,284862
2019-12-09,40.7981856,-73.9605909006,284862
2019-12-09,40.72710258,-74.00297088,284863
2019-12-09,40.73291553,-74.00711384,284863
2019-12-09,40.759125,-73.962658,284864
2019-12-09,40.774591,-73.918544,284864
2019-12-09,40.7462009,-73.98855723,284865
2019-12-09,40.75640548,-73.9900262,284865
2019-12-09,40.711066,-74.009447,284866
2019-12-09,40.71117416,-74.00016545,284866
2019-12-09,40.74096374,-73.98602213,284867
2019-12-09,40.751873,-73.977706,284867
2019-12-09,40.7457121,-73.98194829,284868
2019-12-09,40.76312584,-73.96526895,284868
2019-12-09,40.728846,-74.008591,284869
2019-12-09,40.71910537,-73.99973337,284869
2019-12-09,40.72307749068673,-73.98583620786667,284870
2019-12-09,40.7208736,-73.98085795,284870
2019-12-09,40.722103786686034,-73.99724900722504,284871
2019-12-09,40.7277140777778,-74.01129573583603,284871
2019-12-09,40.7575699,-73.99098507,284872
2019-12-09,40.76030096,-73.99884222,284872
2019-12-09,40.718822,-73.99596,284873
2019-12-09,40.70834698,-74.01713445,284873
2019-12-09,40.71893904,-73.99266288,284874
2019-12-09,40.71739973,-73.98016555,284874
2019-12-09,40.73223272,-73.98889957,284875
2019-12-09,40.72453734,-73.98185424,284875
2019-12-09,40.73532427,-73.99800419,284876
2019-12-09,40.72903917,-73.99404649,284876
2019-12-09,40.71782143,-73.97628939,284877
2019-12-09,40.71782143,-73.97628939,284877
2019-12-09,40.749156,-73.9916,284878
2019-12-09,40.734232,-73.986923,284878
2019-12-09,40.71910537,-73.99973337,284879
2019-12-09,40.72307749068673,-73.98583620786667,284879
2019-12-09,40.7160751,-73.952029,284880
2019-12-09,40.72708584,-73.95299117,284880
2019-12-09,40.75066386,-74.00176802,284881
2019-12-09,40.71622644,-73.98261206,284881
2019-12-09,40.77112927,-73.95772297,284882
2019-12-09,40.7728384,-73.94989233,284882
2019-12-09,40.71929301,-73.94500379,284883
2019-12-09,40.716887,-73.963198,284883
2019-12-09,40.75828065,-73.97069431,284884
2019-12-09,40.6804836,-73.9646795,284884
2019-12-09,40.81028506306003,-73.95736455917358,284885
2019-12-09,40.805973,-73.964928,284885
2019-12-09,40.76068327096592,-73.9845272898674,284886
2019-12-09,40.751551,-73.993934,284886
2019-12-09,40.735238,-74.000271,284887
2019-12-09,40.7435337324616,-74.00367558002472,284887
2019-12-09,40.734232,-73.986923,284888
2019-12-09,40.74286877312112,-73.98918628692627,284888
2019-12-09,40.70717936,-74.00887308,284889
2019-12-09,40.75038009,-73.98338988,284889
2019-12-09,40.72743423,-73.99379025,284890
2019-12-09,40.702461,-73.986842,284890
2019-12-09,40.77966809007312,-73.98093044757842,284891
2019-12-09,40.773763,-73.96222088,284891
2019-12-09,40.751551,-73.993934,284892
2019-12-09,40.76727216,-73.99392888,284892
2019-12-09,40.74177603,-74.00149746,284893
2019-12-09,40.73221853,-73.98165557,284893
2019-12-09,40.7546011026,-73.971878855,284894
2019-12-09,40.75929124,-73.98859651,284894
2019-12-09,40.75929124,-73.98859651,284895
2019-12-09,40.7505853470215,-73.9946848154068,284895
2019-12-09,40.7403432,-73.98955109,284896
2019-12-09,40.7390169121,-74.0026376103,284896
2019-12-09,40.76228826,-73.98336183,284897
2019-12-09,40.7785669,-73.97754961,284897
2019-12-09,40.7785669,-73.97754961,284898
2019-12-09,40.76590936,-73.97634151,284898
2019-12-09,40.76341379,-73.99667444,284899
2019-12-09,40.751396,-74.005226,284899
2019-12-09,40.6853761,-73.98302136,284900
2019-12-09,40.6902375,-73.99203074,284900
2019-12-09,40.76370739,-73.9851615,284901
2019-12-09,40.751581,-73.97791,284901
2019-12-09,40.72917025,-73.99810231,284902
2019-12-09,40.73172428,-74.00674436,284902
2019-12-09,40.73143724085228,-73.99490341544151,284903
2019-12-09,40.734232,-73.986923,284903
2019-12-09,40.7568001,-73.98291153,284904
2019-12-09,40.75019995,-73.99093085,284904
2019-12-09,40.74444921,-73.98303529,284905
2019-12-09,40.75323098,-73.97032517,284905
2019-12-09,40.7839636,-73.9471673,284906
2019-12-09,40.7923272,-73.9383,284906
2019-12-09,40.77966809007312,-73.98093044757842,284907
2019-12-09,40.77966809007312,-73.98093044757842,284907
2019-12-09,40.77149671054441,-73.99046033620834,284908
2019-12-09,40.75724567911726,-73.97805914282799,284908
2019-12-09,40.70029511,-73.95032283,284909
2019-12-09,40.705517,-73.93936,284909
2019-12-09,40.7047177,-74.00926027,284910
2019-12-09,40.71219906,-73.97948148,284910
2019-12-09,40.74734825,-73.99723551,284911
2019-12-09,40.74177603,-74.00149746,284911
2019-12-09,40.72966729392978,-73.98067966103554,284912
2019-12-09,40.72228087,-73.97668709,284912
2019-12-09,40.7839636,-73.9471673,284913
2019-12-09,40.7923272,-73.9383,284913
2019-12-09,40.75992262,-73.97648516,284914
2019-12-09,40.7781314,-73.96069399,284914
2019-12-09,40.71559509,-73.9870295,284915
2019-12-09,40.72299208,-73.97995466,284915
2019-12-09,40.735445,-73.99431,284916
2019-12-09,40.74734825,-73.99723551,284916
2019-12-09,40.72405549,-74.00965965,284917
2019-12-09,40.72405549,-74.00965965,284917
2019-12-09,40.74937024193277,-73.99923384189606,284918
2019-12-09,40.74487634,-73.99529885,284918
2019-12-09,40.72706363348306,-73.99662137031554,284919
2019-12-09,40.71754834,-74.01322069,284919
2019-12-09,40.75724567911726,-73.97805914282799,284920
2019-12-09,40.7867947,-73.977112,284920
2019-12-09,40.69072549,-73.95133465,284921
2019-12-09,40.6793307,-73.97519523,284921
2019-12-09,40.72903917,-73.99404649,284922
2019-12-09,40.72521311,-73.97768752,284922
2019-12-09,40.7505853470215,-73.9946848154068,284923
2019-12-09,40.72621788,-73.98379855,284923
2019-12-09,40.71269042,-73.98776323,284924
2019-12-09,40.72299208,-73.97995466,284924
2019-12-09,40.744219,-73.97121214,284925
2019-12-09,40.751873,-73.977706,284925
2019-12-09,40.74275382865903,-74.00747358798981,284926
2019-12-09,40.76087502,-74.00277668,284926
2019-12-09,40.75019995,-73.99093085,284927
2019-12-09,40.74444921,-73.98303529,284927
2019-12-09,40.78112229934166,-73.94965589046478,284928
2019-12-09,40.77518615,-73.94446054,284928
2019-12-09,40.73266,-73.95826,284929
2019-12-09,40.73564,-73.95866,284929
2019-12-09,40.75038009,-73.98338988,284930
2019-12-09,40.7505853470215,-73.9946848154068,284930
2019-12-09,40.74096374,-73.98602213,284931
2019-12-09,40.72521311,-73.97768752,284931
2019-12-09,40.728846,-74.008591,284932
2019-12-09,40.72743423,-73.99379025,284932
2019-12-09,40.751551,-73.993934,284933
2019-12-09,40.75097711,-73.98765428,284933
2019-12-09,40.75992262,-73.97648516,284934
2019-12-09,40.75500254,-73.98014437,284934
2019-12-09,40.752269,-73.982079,284935
2019-12-09,40.73587678,-73.98205027,284935
2019-12-09,40.74096374,-73.98602213,284936
2019-12-09,40.749156,-73.9916,284936
2019-12-09,40.75513557,-73.98658032,284937
2019-12-09,40.76030096,-73.99884222,284937
2019-12-09,40.746745,-74.007756,284938
2019-12-09,40.7973721,-73.97041192,284938
2019-12-09,40.7505853470215,-73.9946848154068,284939
2019-12-09,40.7770575,-73.97898475,284939
2019-12-09,40.7817212,-73.94594,284940
2019-12-09,40.77565541,-73.95068615,284940
2019-12-09,40.7568001,-73.98291153,284941
2019-12-09,40.70583339,-73.94644578,284941
2019-12-09,40.8067581,-73.9607082,284942
2019-12-09,40.805973,-73.964928,284942
2019-12-09,40.7652654,-73.98192338,284943
2019-12-09,40.74901271,-73.98848395,284943
2019-12-09,40.751873,-73.977706,284944
2019-12-09,40.754691750226016,-73.99740189313889,284944
2019-12-09,40.7037992,-74.00838676,284945
2019-12-09,40.71076228,-73.99400398,284945
2019-12-09,40.76030096,-73.99884222,284946
2019-12-09,40.7770575,-73.97898475,284946
2019-12-09,40.76030096,-73.99884222,284947
2019-12-09,40.746745,-74.007756,284947
2019-12-09,40.73331967,-73.99510132,284948
2019-12-09,40.73020660529954,-73.99102628231049,284948
2019-12-09,40.77966809007312,-73.98093044757842,284949
2019-12-09,40.7882213,-73.97041561,284949
2019-12-09,40.74177603,-74.00149746,284950
2019-12-09,40.738046142482766,-73.99642959237099,284950
2019-12-09,40.68683208,-73.9796772,284951
2019-12-09,40.68926942,-73.98912867,284951
2019-12-09,40.71273266,-74.0046073,284952
2019-12-09,40.7390169121,-74.0026376103,284952
2019-12-09,40.75513557,-73.98658032,284953
2019-12-09,40.754120810779256,-73.98025184869766,284953
2019-12-09,40.70277159,-73.99383605,284954
2019-12-09,40.70224,-73.982578,284954
2019-12-09,40.76370739,-73.9851615,284955
2019-12-09,40.75510267,-73.97498696,284955
2019-12-09,40.7403432,-73.98955109,284956
2019-12-09,40.76009437,-73.99461843,284956
2019-12-09,40.751396,-74.005226,284957
2019-12-09,40.74322681432173,-73.97449783980846,284957
2019-12-09,40.72580614,-73.97422494,284958
2019-12-09,40.72966729392978,-73.98067966103554,284958
2019-12-09,40.72906,-73.95779,284959
2019-12-09,40.71534825,-73.96024116,284959
2019-12-09,40.739323,-74.008119,284960
2019-12-09,40.73401143,-74.00293877,284960
2019-12-09,40.701907,-74.013942,284961
2019-12-09,40.70834698,-74.01713445,284961
2019-12-09,40.6777748,-74.0094613,284962
2019-12-09,40.6746957,-73.99785768,284962
2019-12-09,40.74144387,-73.97536082,284963
2019-12-09,40.749156,-73.9916,284963
2019-12-09,40.78499979,-73.97283406,284964
2019-12-09,40.7941654,-73.974124,284964
2019-12-09,40.73912601,-73.97973776,284965
2019-12-09,40.76341379,-73.99667444,284965
2019-12-09,40.74395411,-73.99144871,284966
2019-12-09,40.73047309,-73.98672378,284966
2019-12-09,40.76068327096592,-73.9845272898674,284967
2019-12-09,40.70834698,-74.01713445,284967
2019-12-09,40.7987859,-73.9523,284968
2019-12-09,40.795508,-73.941606,284968
2019-12-09,40.71285887,-73.96590294,284969
2019-12-09,40.6809833854,-73.9500479759,284969
2019-12-09,40.73020660529954,-73.99102628231049,284970
2019-12-09,40.7262807,-73.98978041,284970
2019-12-09,40.74290902,-73.97706058,284971
2019-12-09,40.759107,-73.959223,284971
2019-12-09,40.71427487,-73.98990025,284972
2019-12-09,40.71893904,-73.99266288,284972
2019-12-09,40.70255088,-73.98940236,284973
2019-12-09,40.6894932,-73.942061,284973
2019-12-09,40.72740794,-73.98142006,284974
2019-12-09,40.71622644,-73.98261206,284974
2019-12-09,40.69221589,-73.9842844,284975
2019-12-09,40.72066442,-73.98517977,284975
2019-12-09,40.7475739589548,-73.9788007736206,284976
2019-12-09,40.74173969,-73.99415556,284976
2019-12-09,40.75038009,-73.98338988,284977
2019-12-09,40.73624527,-73.98473765,284977
2019-12-09,40.71745169,-73.95850939,284978
2019-12-09,40.71286844,-73.95698119,284978
2019-12-09,40.7575699,-73.99098507,284979
2019-12-09,40.768254,-73.988639,284979
2019-12-09,40.77282817,-73.96685276,284980
2019-12-09,40.76370739,-73.9851615,284980
2019-12-09,40.713126,-73.984844,284981
2019-12-09,40.71117444,-73.99682619,284981
2019-12-09,40.75323098,-73.97032517,284982
2019-12-09,40.7575699,-73.99098507,284982
2019-12-09,40.73555,-73.95284,284983
2019-12-09,40.74232744,-73.95411749,284983
2019-12-09,40.72746420692392,-73.97950418293476,284984
2019-12-09,40.718822,-73.99596,284984
2019-12-09,40.74901271,-73.98848395,284985
2019-12-09,40.6849894,-73.99440329,284985
2019-12-09,40.70365182,-74.01167797,284986
2019-12-09,40.707873,-74.00167,284986
2019-12-09,40.71910537,-73.99973337,284987
2019-12-09,40.70877084,-73.95095259,284987
2019-12-09,40.75510267,-73.97498696,284988
2019-12-09,40.75513557,-73.98658032,284988
2019-12-09,40.70717936,-74.00887308,284989
2019-12-09,40.72746420692392,-73.97950418293476,284989
2019-12-09,40.71469,-73.95739,284990
2019-12-09,40.716887,-73.963198,284990
2019-12-09,40.76302594280519,-73.97209525108337,284991
2019-12-09,40.7801839724239,-73.97728532552719,284991
2019-12-09,40.716887,-73.963198,284992
2019-12-09,40.71286844,-73.95698119,284992
2019-12-09,40.73038599,-74.00214988,284993
2019-12-09,40.73291553,-74.00711384,284993
2019-12-09,40.722103786686034,-73.99724900722504,284994
2019-12-09,40.710451,-73.960876,284994
2019-12-09,40.75206862,-73.96784384,284995
2019-12-09,40.77565541,-73.95068615,284995
2019-12-09,40.694281141397326,-73.99230033159256,284996
2019-12-09,40.677236,-74.015665,284996
2019-12-09,40.74334935,-74.00681753,284997
2019-12-09,40.73587678,-73.98205027,284997
2019-12-09,40.75992262,-73.97648516,284998
2019-12-09,40.756913,-73.921631,284998
2019-12-09,40.71816969454208,-73.95520135760307,284999
2019-12-09,40.72606,-73.95621,284999
2019-12-09,40.6999974843885,-73.97440128028393,285000
2019-12-09,40.68415748,-73.96922273,285000
2019-12-09,40.75992262,-73.97648516,285001
2019-12-09,40.77515953434235,-73.98918695747852,285001
2019-12-09,40.6750207,-73.97111473,285002
2019-12-09,40.668132,-73.97363831,285002
2019-12-09,40.70530954,-74.00612572,285003
2019-12-09,40.71173107,-73.99193043,285003
2019-12-09,40.6747055,-74.0075572,285004
2019-12-09,40.6746957,-73.99785768,285004
2019-12-09,40.72621788,-73.98379855,285005
2019-12-09,40.73269,-73.98974,285005
2019-12-09,40.68506807308177,-73.97790759801863,285006
2019-12-09,40.68764484,-73.96968902,285006
2019-12-09,40.75724567911726,-73.97805914282799,285007
2019-12-09,40.74901271,-73.98848395,285007
2019-12-09,40.75466591,-73.99138152,285008
2019-12-09,40.75898481399634,-73.99379968643188,285008
2019-12-09,40.7849032,-73.950503,285009
2019-12-09,40.78472675,-73.96961715,285009
2019-12-09,40.76068327096592,-73.9845272898674,285010
2019-12-09,40.7652654,-73.98192338,285010
2019-12-09,40.7489006,-73.97604882,285011
2019-12-09,40.73314259,-73.97573881,285011
2019-12-09,40.7457121,-73.98194829,285012
2019-12-09,40.75019995,-73.99093085,285012
2019-12-09,40.7454973,-74.00197139,285013
2019-12-09,40.7403432,-73.98955109,285013
2019-12-09,40.7403432,-73.98955109,285014
2019-12-09,40.73314259,-73.97573881,285014
2019-12-09,40.72453734,-73.98185424,285015
2019-12-09,40.72966729392978,-73.98067966103554,285015
2019-12-09,40.71427487,-73.98990025,285016
2019-12-09,40.72740794,-73.98142006,285016
2019-12-09,40.77282817,-73.96685276,285017
2019-12-09,40.7941654,-73.974124,285017
2019-12-09,40.74144387,-73.97536082,285018
2019-12-09,40.75510267,-73.97498696,285018
2019-12-09,40.75022392,-73.97121414,285019
2019-12-09,40.77565541,-73.95068615,285019
2019-12-09,40.7361967,-74.00859207,285020
2019-12-09,40.73224119,-74.00026394,285020
2019-12-09,40.71427487,-73.98990025,285021
2019-12-09,40.713126,-73.984844,285021
2019-12-09,40.716887,-73.963198,285022
2019-12-09,40.71605866,-73.99190759,285022
2019-12-09,40.74177603,-74.00149746,285023
2019-12-09,40.7457121,-73.98194829,285023
2019-12-09,40.7667405590595,-73.9790689945221,285024
2019-12-09,40.7770575,-73.97898475,285024
2019-12-09,40.773763,-73.96222088,285025
2019-12-09,40.7770575,-73.97898475,285025
2019-12-09,40.75992262,-73.97648516,285026
2019-12-09,40.7505853470215,-73.9946848154068,285026
2019-12-09,40.751873,-73.977706,285027
2019-12-09,40.71850211,-73.98329859,285027
2019-12-09,40.7457121,-73.98194829,285028
2019-12-09,40.707644944175705,-73.96841526031494,285028
2019-12-09,40.8082,-73.9641,285029
2019-12-09,40.728846,-74.008591,285029
2019-12-09,40.74444921,-73.98303529,285030
2019-12-09,40.751873,-73.977706,285030
2019-12-09,40.70530954,-74.00612572,285031
2019-12-09,40.714211,-73.981095,285031
2019-12-09,40.73827428,-73.98751968,285032
2019-12-09,40.751581,-73.97791,285032
2019-12-09,40.74395411,-73.99144871,285033
2019-12-09,40.7505853470215,-73.9946848154068,285033
2019-12-09,40.72362738,-73.99949601,285034
2019-12-09,40.72710258,-74.00297088,285034
2019-12-09,40.70706456,-74.00731853,285035
2019-12-09,40.713126,-73.984844,285035
2019-12-09,40.72502876,-73.99069656,285036
2019-12-09,40.72066442,-73.98517977,285036
2019-12-09,40.74487634,-73.99529885,285037
2019-12-09,40.73020660529954,-73.99102628231049,285037
2019-12-09,40.751047,-73.93797,285038
2019-12-09,40.76108,-73.930562,285038
2019-12-09,40.73935542,-73.99931783,285039
2019-12-09,40.781410700190015,-73.95595908164978,285039
2019-12-09,40.69239502,-73.99337909,285040
2019-12-09,40.69165183,-73.9999786,285040
2019-12-09,40.74275382865903,-74.00747358798981,285041
2019-12-09,40.74394314,-73.97966069,285041
2019-12-09,40.70834698,-74.01713445,285042
2019-12-09,40.75594159,-74.0021163,285042
2019-12-09,40.70706456,-74.00731853,285043
2019-12-09,40.71269042,-73.98776323,285043
2019-12-09,40.7153379,-74.01658354,285044
2019-12-09,40.72368361,-73.97574813,285044
2019-12-09,40.751396,-74.005226,285045
2019-12-09,40.74475148,-73.99915362,285045
2019-12-09,40.72019521437465,-74.0103006362915,285046
2019-12-09,40.77515953434235,-73.98918695747852,285046
2019-12-09,40.71413311,-73.95234386,285047
2019-12-09,40.71260486,-73.96264403,285047
2019-12-09,40.752269,-73.982079,285048
2019-12-09,40.74395411,-73.99144871,285048
2019-12-09,40.72984,-73.94839,285049
2019-12-09,40.72557,-73.94434,285049
2019-12-09,40.74731,-73.95451,285050
2019-12-09,40.7628138,-73.9342862,285050
2019-12-09,40.72019521437465,-74.0103006362915,285051
2019-12-09,40.7262807,-73.98978041,285051
2019-12-09,40.72299208,-73.97995466,285052
2019-12-09,40.71739973,-73.98016555,285052
2019-12-09,40.6793307,-73.97519523,285053
2019-12-09,40.6703837,-73.97839676,285053
2019-12-09,40.74252,-73.948852,285054
2019-12-09,40.72746420692392,-73.97950418293476,285054
2019-12-09,40.773763,-73.96222088,285055
2019-12-09,40.7867947,-73.977112,285055
2019-12-09,40.76009437,-73.99461843,285056
2019-12-09,40.76068327096592,-73.9845272898674,285056
2019-12-09,40.73912601,-73.97973776,285057
2019-12-09,40.7462009,-73.98855723,285057
2019-12-09,40.76095756,-73.96724467,285058
2019-12-09,40.76360467795863,-73.98917958140373,285058
2019-12-09,40.76227205,-73.98788205,285059
2019-12-09,40.75510267,-73.97498696,285059
2019-12-09,40.749156,-73.9916,285060
2019-12-09,40.72779126,-73.98564945,285060
2019-12-09,40.71939226,-74.00247214,285061
2019-12-09,40.72502876,-73.99069656,285061
2019-12-09,40.72317958,-73.99480012,285062
2019-12-09,40.71044554,-73.96525063,285062
2019-12-09,40.74395411,-73.99144871,285063
2019-12-09,40.75022392,-73.97121414,285063
2019-12-09,40.72966729392978,-73.98067966103554,285064
2019-12-09,40.72951496224949,-73.99075269699097,285064
2019-12-09,40.7390169121,-74.0026376103,285065
2019-12-09,40.72217444,-73.98368779,285065
2019-12-09,40.73020660529954,-73.99102628231049,285066
2019-12-09,40.72228087,-73.97668709,285066
2019-12-09,40.72740794,-73.98142006,285067
2019-12-09,40.74144387,-73.97536082,285067
2019-12-09,40.7829391,-73.9786517,285068
2019-12-09,40.7937704,-73.971888,285068
2019-12-09,40.7037992,-74.00838676,285069
2019-12-09,40.71076228,-73.99400398,285069
2019-12-09,40.76350532,-73.97109243,285070
2019-12-09,40.78307,-73.95939,285070
2019-12-09,40.72502876,-73.99069656,285071
2019-12-09,40.72953837,-73.98426726,285071
2019-12-09,40.71745169,-73.95850939,285072
2019-12-09,40.724055,-73.955736,285072
2019-12-09,40.74173969,-73.99415556,285073
2019-12-09,40.73624527,-73.98473765,285073
2019-12-09,40.7457121,-73.98194829,285074
2019-12-09,40.77579376683666,-73.9762057363987,285074
2019-12-09,40.76030096,-73.99884222,285075
2019-12-09,40.7457121,-73.98194829,285075
2019-12-09,40.70255065,-74.0127234,285076
2019-12-09,40.73047747,-73.99906065,285076
2019-12-09,40.70905623,-74.01043382,285077
2019-12-09,40.70569254,-74.01677685,285077
2019-12-09,40.74469738,-73.93540375,285078
2019-12-09,40.74718234,-73.9432635,285078
2019-12-09,40.76727216,-73.99392888,285079
2019-12-09,40.74173969,-73.99415556,285079
2019-12-09,40.6740123,-73.9671457,285080
2019-12-09,40.6795766,-73.97854971,285080
2019-12-09,40.73535398,-74.00483091,285081
2019-12-09,40.734814,-73.992085,285081
2019-12-09,40.739445,-73.976806,285082
2019-12-09,40.75455731,-73.96592976,285082
2019-12-09,40.8045555,-73.9396861,285083
2019-12-09,40.79329668,-73.9432083,285083
2019-12-09,40.74144387,-73.97536082,285084
2019-12-09,40.751581,-73.97791,285084
2019-12-09,40.744219,-73.97121214,285085
2019-12-09,40.72082834,-73.97793172,285085
2019-12-09,40.7239567849954,-73.94984364509583,285086
2019-12-09,40.72557,-73.94434,285086
2019-12-09,40.734814,-73.992085,285087
2019-12-09,40.73401143,-74.00293877,285087
2019-12-09,40.72019521437465,-74.0103006362915,285088
2019-12-09,40.72019576,-73.98997825,285088
2019-12-09,40.69196566,-73.9813018,285089
2019-12-09,40.68764484,-73.96968902,285089
2019-12-09,40.746745,-74.007756,285090
2019-12-09,40.73291553,-74.00711384,285090
2019-12-09,40.75500254,-73.98014437,285091
2019-12-09,40.7505853470215,-73.9946848154068,285091
2019-12-09,40.76312584,-73.96526895,285092
2019-12-09,40.7892105,-73.94370784,285092
2019-12-09,40.73944820130404,-74.00507032871246,285093
2019-12-09,40.75466591,-73.99138152,285093
2019-12-09,40.7390169121,-74.0026376103,285094
2019-12-09,40.73587678,-73.98205027,285094
2019-12-09,40.6917823,-73.9737299,285095
2019-12-09,40.6740886,-73.9787282,285095
2019-12-09,40.72036775298455,-73.96165072917938,285096
2019-12-09,40.73026,-73.95394,285096
2019-12-09,40.751396,-74.005226,285097
2019-12-09,40.7505853470215,-73.9946848154068,285097
2019-12-09,40.75255434,-73.97282625,285098
2019-12-09,40.751551,-73.993934,285098
2019-12-09,40.70717936,-74.00887308,285099
2019-12-09,40.71219906,-73.97948148,285099
2019-12-09,40.76341379,-73.99667444,285100
2019-12-09,40.76227205,-73.98788205,285100
2019-12-09,40.72405549,-74.00965965,285101
2019-12-09,40.714211,-73.981095,285101
2019-12-09,40.75001986,-73.96905301,285102
2019-12-09,40.7577284,-73.9166368,285102
2019-12-09,40.74780373,-73.9734419,285103
2019-12-09,40.74395411,-73.99144871,285103
2019-12-09,40.711066,-74.009447,285104
2019-12-09,40.71269042,-73.98776323,285104
2019-12-09,40.751873,-73.977706,285105
2019-12-09,40.7867947,-73.977112,285105
2019-12-09,40.754120810779256,-73.98025184869766,285106
2019-12-09,40.7859201,-73.94860294,285106
2019-12-09,40.76132983124814,-73.97982001304626,285107
2019-12-09,40.75510267,-73.97498696,285107
2019-12-09,40.75110165,-73.94073717,285108
2019-12-09,40.72984,-73.94839,285108
2019-12-09,40.75455731,-73.96592976,285109
2019-12-09,40.75255434,-73.97282625,285109
2019-12-09,40.7451677,-73.98683077,285110
2019-12-09,40.69239502,-73.99337909,285110
2019-12-09,40.7505853470215,-73.9946848154068,285111
2019-12-09,40.72502876,-73.99069656,285111
2019-12-09,40.7037992,-74.00838676,285112
2019-12-09,40.71739973,-73.98016555,285112
2019-12-09,40.74290902,-73.97706058,285113
2019-12-09,40.7612274,-73.96094022,285113
2019-12-09,40.68506807308177,-73.97790759801863,285114
2019-12-09,40.68488,-73.96304,285114
2019-12-09,40.73971301,-73.99456405,285115
2019-12-09,40.73827428,-73.98751968,285115
2019-12-09,40.736502,-73.97809472,285116
2019-12-09,40.751873,-73.977706,285116
2019-12-09,40.69089272,-73.99612349,285117
2019-12-09,40.6772744,-73.98282002,285117
2019-12-09,40.697787,-73.973736,285118
2019-12-09,40.69331716,-73.95381995,285118
2019-12-09,40.777507027547976,-73.98888587951659,285119
2019-12-09,40.777507027547976,-73.98888587951659,285119
2019-12-09,40.76360467795863,-73.98917958140373,285120
2019-12-09,40.75724567911726,-73.97805914282799,285120
2019-12-09,40.76269882,-73.99301222,285121
2019-12-09,40.751873,-73.977706,285121
2019-12-09,40.752165280621966,-73.97992193698882,285122
2019-12-09,40.76727216,-73.99392888,285122
2019-12-09,40.70355377,-74.00670227,285123
2019-12-09,40.7671863,-73.9373554,285123
2019-12-09,40.746647,-73.993915,285124
2019-12-09,40.7284186,-73.98713956,285124
2019-12-09,40.749717753,-74.002950346,285125
2019-12-09,40.73704984,-73.99009296,285125
2019-12-09,40.7451677,-73.98683077,285126
2019-12-09,40.749156,-73.9916,285126
2019-12-09,40.7728384,-73.94989233,285127
2019-12-09,40.77801203,-73.95407149,285127
2019-12-09,40.734232,-73.986923,285128
2019-12-09,40.71559509,-73.9870295,285128
2019-12-09,40.7390169121,-74.0026376103,285129
2019-12-09,40.73971301,-73.99456405,285129
2019-12-09,40.735367055605394,-73.98797392845154,285130
2019-12-09,40.73172428,-74.00674436,285130
2019-12-09,40.71754834,-74.01322069,285131
2019-12-09,40.7277140777778,-74.01129573583603,285131
2019-12-09,40.744219,-73.97121214,285132
2019-12-09,40.739445,-73.976806,285132
2019-12-09,40.69839895,-73.98068914,285133
2019-12-09,40.69196566,-73.9813018,285133
2019-12-09,40.7505853470215,-73.9946848154068,285134
2019-12-09,40.77966809007312,-73.98093044757842,285134
2019-12-09,40.74290902,-73.97706058,285135
2019-12-09,40.74290902,-73.97706058,285135
2019-12-09,40.72966729392978,-73.98067966103554,285136
2019-12-09,40.72746420692392,-73.97950418293476,285136
2019-12-09,40.7451677,-73.98683077,285137
2019-12-09,40.7505853470215,-73.9946848154068,285137
2019-12-09,40.6802133,-73.98432695,285138
2019-12-09,40.688417427540834,-73.98451656103134,285138
2019-12-09,40.7462009,-73.98855723,285139
2019-12-09,40.751873,-73.977706,285139
2019-12-09,40.75724567911726,-73.97805914282799,285140
2019-12-09,40.76727216,-73.99392888,285140
2019-12-09,40.74275382865903,-74.00747358798981,285141
2019-12-09,40.738046142482766,-73.99642959237099,285141
2019-12-09,40.70365182,-74.01167797,285142
2019-12-09,40.707873,-74.00167,285142
2019-12-09,40.74173969,-73.99415556,285143
2019-12-09,40.74734825,-73.99723551,285143
2019-12-09,40.69241829257847,-73.98949474096298,285144
2019-12-09,40.6867443,-73.99063168,285144
2019-12-09,40.73172428,-74.00674436,285145
2019-12-09,40.718822,-73.99596,285145
2019-12-09,40.7839636,-73.9471673,285146
2019-12-09,40.7892105,-73.94370784,285146
2019-12-09,40.76228826,-73.98336183,285147
2019-12-09,40.7882213,-73.97041561,285147
2019-12-09,40.72951496224949,-73.99075269699097,285148
2019-12-09,40.72453734,-73.98185424,285148
2019-12-09,40.7903051,-73.94755757,285149
2019-12-09,40.7892105,-73.94370784,285149
2019-12-09,40.751396,-74.005226,285150
2019-12-09,40.746647,-73.993915,285150
2019-12-09,40.68926942,-73.98912867,285151
2019-12-09,40.666287,-73.98895053,285151
2019-12-09,40.71285887,-73.96590294,285152
2019-12-09,40.694546087246025,-73.95801365375519,285152
2019-12-09,40.72951496224949,-73.99075269699097,285153
2019-12-09,40.72307749068673,-73.98583620786667,285153
2019-12-09,40.7454973,-74.00197139,285154
2019-12-09,40.735445,-73.99431,285154
2019-12-09,40.72019576,-73.98997825,285155
2019-12-09,40.71534825,-73.96024116,285155
2019-12-09,40.73971301,-73.99456405,285156
2019-12-09,40.73223272,-73.98889957,285156
2019-12-09,40.7457121,-73.98194829,285157
2019-12-09,40.73971301,-73.99456405,285157
2019-12-09,40.71745169,-73.95850939,285158
2019-12-09,40.71286844,-73.95698119,285158
2019-12-09,40.72019521437465,-74.0103006362915,285159
2019-12-09,40.71939226,-74.00247214,285159
2019-12-09,40.76087502,-74.00277668,285160
2019-12-09,40.75513557,-73.98658032,285160
2019-12-09,40.746745,-74.007756,285161
2019-12-09,40.7937704,-73.971888,285161
2019-12-09,40.7597108,-73.97402311,285162
2019-12-09,40.76228826,-73.98336183,285162
2019-12-09,40.71559509,-73.9870295,285163
2019-12-09,40.707873,-74.00167,285163
2019-12-09,40.71754834,-74.01322069,285164
2019-12-09,40.76269882,-73.99301222,285164
2019-12-09,40.752165280621966,-73.97992193698882,285165
2019-12-09,40.7454973,-74.00197139,285165
2019-12-09,40.67909799721684,-73.98765474557877,285166
2019-12-09,40.68199044270703,-73.99079024791718,285166
2019-12-09,40.73221853,-73.98165557,285167
2019-12-09,40.73314259,-73.97573881,285167
2019-12-09,40.749717753,-74.002950346,285168
2019-12-09,40.72953837,-73.98426726,285168
2019-12-09,40.70862144,-74.00722156,285169
2019-12-09,40.68962188790333,-73.98304268717766,285169
2019-12-09,40.75255434,-73.97282625,285170
2019-12-09,40.75934501,-73.96759673,285170
2019-12-09,40.68506807308177,-73.97790759801863,285171
2019-12-09,40.68488,-73.96304,285171
2019-12-09,40.74275382865903,-74.00747358798981,285172
2019-12-09,40.74238787,-73.99726235,285172
2019-12-09,40.72710258,-74.00297088,285173
2019-12-09,40.71044554,-73.96525063,285173
2019-12-09,40.76312584,-73.96526895,285174
2019-12-09,40.75640548,-73.9900262,285174
2019-12-09,40.7747878,-73.9125551,285175
2019-12-09,40.7729,-73.916142,285175
2019-12-09,40.78524672,-73.97667321,285176
2019-12-09,40.77492513,-73.98266566,285176
2019-12-09,40.75797322,-73.96603308,285177
2019-12-09,40.72521311,-73.97768752,285177
2019-12-09,40.74444921,-73.98303529,285178
2019-12-09,40.735367055605394,-73.98797392845154,285178
2019-12-09,40.75929124,-73.98859651,285179
2019-12-09,40.751551,-73.993934,285179
2019-12-09,40.7505853470215,-73.9946848154068,285180
2019-12-09,40.7451677,-73.98683077,285180
2019-12-09,40.7747878,-73.9125551,285181
2019-12-09,40.7701477,-73.9120938,285181
2019-12-09,40.76019252,-73.9912551,285182
2019-12-09,40.72110063,-73.9919254,285182
2019-12-09,40.694281141397326,-73.99230033159256,285183
2019-12-09,40.69991755,-73.98971773,285183
2019-12-09,40.749717753,-74.002950346,285184
2019-12-09,40.74177603,-74.00149746,285184
2019-12-09,40.72951496224949,-73.99075269699097,285185
2019-12-09,40.72217444,-73.98368779,285185
2019-12-09,40.74691959,-74.00451887,285186
2019-12-09,40.74173969,-73.99415556,285186
2019-12-09,40.74286877312112,-73.98918628692627,285187
2019-12-09,40.734232,-73.986923,285187
2019-12-09,40.73587678,-73.98205027,285188
2019-12-09,40.74345335,-74.00004031,285188
2019-12-09,40.752957,-74.00264,285189
2019-12-09,40.77163851,-73.98261428,285189
2019-12-09,40.71939226,-74.00247214,285190
2019-12-09,40.73038599,-74.00214988,285190
2019-12-09,40.75828065,-73.97069431,285191
2019-12-09,40.7575699,-73.99098507,285191
2019-12-09,40.75299641,-73.98721619,285192
2019-12-09,40.751396,-74.005226,285192
2019-12-09,40.69241829257847,-73.98949474096298,285193
2019-12-09,40.69512845,-73.99595065,285193
2019-12-09,40.7457121,-73.98194829,285194
2019-12-09,40.751873,-73.977706,285194
2019-12-09,40.71939226,-74.00247214,285195
2019-12-09,40.73535398,-74.00483091,285195
2019-12-09,40.749156,-73.9916,285196
2019-12-09,40.74444921,-73.98303529,285196
2019-12-09,40.7454973,-74.00197139,285197
2019-12-09,40.746647,-73.993915,285197
2019-12-09,40.6999974843885,-73.97440128028393,285198
2019-12-09,40.69236178,-73.98631746,285198
2019-12-09,40.761573,-73.972628,285199
2019-12-09,40.7575699,-73.99098507,285199
2019-12-09,40.7652654,-73.98192338,285200
2019-12-09,40.76360467795863,-73.98917958140373,285200
2019-12-09,40.68962188790333,-73.98304268717766,285201
2019-12-09,40.693261,-73.968896,285201
2019-12-09,40.72456089,-73.99565293,285202
2019-12-09,40.7172274,-73.98802084,285202
2019-12-09,40.74394314,-73.97966069,285203
2019-12-09,40.741459,-73.983293,285203
2019-12-09,40.735367055605394,-73.98797392845154,285204
2019-12-09,40.73314259,-73.97573881,285204
2019-12-09,40.78948541553215,-73.95242929458618,285205
2019-12-09,40.77515953434235,-73.98918695747852,285205
2019-12-09,40.75934501,-73.96759673,285206
2019-12-09,40.77862688,-73.95772073,285206
2019-12-09,40.76302594280519,-73.97209525108337,285207
2019-12-09,40.7801839724239,-73.97728532552719,285207
2019-12-09,40.73726186,-73.99238967,285208
2019-12-09,40.777507027547976,-73.98888587951659,285208
2019-12-09,40.7390169121,-74.0026376103,285209
2019-12-09,40.73291553,-74.00711384,285209
2019-12-09,40.6999974843885,-73.97440128028393,285210
2019-12-09,40.68926942,-73.98912867,285210
2019-12-09,40.7381765,-73.97738662,285211
2019-12-09,40.73381219196632,-73.98054420948029,285211
2019-12-09,40.7403432,-73.98955109,285212
2019-12-09,40.73047309,-73.98672378,285212
2019-12-09,40.73454567,-73.99074142,285213
2019-12-09,40.72966729392978,-73.98067966103554,285213
2019-12-09,40.70569254,-74.01677685,285214
2019-12-09,40.7153379,-74.01658354,285214
2019-12-09,40.72953837,-73.98426726,285215
2019-12-09,40.71269042,-73.98776323,285215
2019-12-09,40.71939226,-74.00247214,285216
2019-12-09,40.73047747,-73.99906065,285216
2019-12-09,40.75299641,-73.98721619,285217
2019-12-09,40.74765947,-73.98490707,285217
2019-12-09,40.71915571696044,-73.94885390996933,285218
2019-12-09,40.71929301,-73.94500379,285218
2019-12-09,40.73454567,-73.99074142,285219
2019-12-09,40.72746420692392,-73.97950418293476,285219
2019-12-09,40.736502,-73.97809472,285220
2019-12-09,40.75001986,-73.96905301,285220
2019-12-09,40.71559509,-73.9870295,285221
2019-12-09,40.73269,-73.98974,285221
2019-12-09,40.74731,-73.95451,285222
2019-12-09,40.72606,-73.95621,285222
2019-12-09,40.75898481399634,-73.99379968643188,285223
2019-12-09,40.72621788,-73.98379855,285223
2019-12-09,40.75510267,-73.97498696,285224
2019-12-09,40.768254,-73.988639,285224
2019-12-09,40.808442,-73.9452087,285225
2019-12-09,40.7839636,-73.9471673,285225
2019-12-09,40.74144387,-73.97536082,285226
2019-12-09,40.751873,-73.977706,285226
2019-12-09,40.72903917,-73.99404649,285227
2019-12-09,40.73172428,-74.00674436,285227
2019-12-09,40.8013434,-73.9711457439,285228
2019-12-09,40.7973721,-73.97041192,285228
2019-12-09,40.71754834,-74.01322069,285229
2019-12-09,40.70834698,-74.01713445,285229
2019-12-09,40.73331967,-73.99510132,285230
2019-12-09,40.72521311,-73.97768752,285230
2019-12-09,40.7153379,-74.01658354,285231
2019-12-09,40.754691750226016,-73.99740189313889,285231
2019-12-09,40.71754834,-74.01322069,285232
2019-12-09,40.70834698,-74.01713445,285232
2019-12-09,40.71745169,-73.95850939,285233
2019-12-09,40.71260486,-73.96264403,285233
2019-12-09,40.75001986,-73.96905301,285234
2019-12-09,40.79017948095081,-73.97288918495178,285234
2019-12-09,40.72521311,-73.97768752,285235
2019-12-09,40.71739973,-73.98016555,285235
2019-12-09,40.73535398,-74.00483091,285236
2019-12-09,40.7390169121,-74.0026376103,285236
2019-12-09,40.70255065,-74.0127234,285237
2019-12-09,40.70838,-74.00495,285237
2019-12-09,40.72019521437465,-74.0103006362915,285238
2019-12-09,40.71939226,-74.00247214,285238
2019-12-09,40.69221589,-73.9842844,285239
2019-12-09,40.666439306870814,-73.9605563879013,285239
2019-12-09,40.7597108,-73.97402311,285240
2019-12-09,40.77140426,-73.9535166,285240
2019-12-09,40.73224119,-74.00026394,285241
2019-12-09,40.72743423,-73.99379025,285241
2019-12-09,40.70365182,-74.01167797,285242
2019-12-09,40.70355377,-74.00670227,285242
2019-12-09,40.7403432,-73.98955109,285243
2019-12-09,40.746647,-73.993915,285243
2019-12-09,40.71273266,-74.0046073,285244
2019-12-09,40.72325,-73.94308,285244
2019-12-09,40.75066386,-74.00176802,285245
2019-12-09,40.72082834,-73.97793172,285245
2019-12-09,40.76312584,-73.96526895,285246
2019-12-09,40.75934501,-73.96759673,285246
2019-12-09,40.74395411,-73.99144871,285247
2019-12-09,40.73047747,-73.99906065,285247
2019-12-09,40.76341379,-73.99667444,285248
2019-12-09,40.7973721,-73.97041192,285248
2019-12-09,40.68691865,-73.976682,285249
2019-12-09,40.69089272,-73.99612349,285249
2019-12-09,40.751396,-74.005226,285250
2019-12-09,40.735367055605394,-73.98797392845154,285250
2019-12-09,40.722103786686034,-73.99724900722504,285251
2019-12-09,40.72779126,-73.98564945,285251
2019-12-09,40.7934337,-73.94945003,285252
2019-12-09,40.795,-73.9645,285252
2019-12-09,40.722103786686034,-73.99724900722504,285253
2019-12-09,40.72229346,-73.99147535,285253
2019-12-09,40.71782143,-73.97628939,285254
2019-12-09,40.73781509,-73.99994661,285254
2019-12-09,40.73224119,-74.00026394,285255
2019-12-09,40.728846,-74.008591,285255
2019-12-09,40.75513557,-73.98658032,285256
2019-12-09,40.76360467795863,-73.98917958140373,285256
2019-12-09,40.72368361,-73.97574813,285257
2019-12-09,40.71910537,-73.99973337,285257
2019-12-09,40.739323,-74.008119,285258
2019-12-09,40.751873,-73.977706,285258
2019-12-09,40.69760127,-73.99344559,285259
2019-12-09,40.69512845,-73.99595065,285259
2019-12-09,40.7403432,-73.98955109,285260
2019-12-09,40.730563,-73.973984,285260
2019-12-09,40.72036775298455,-73.96165072917938,285261
2019-12-09,40.71816969454208,-73.95520135760307,285261
2019-12-09,40.7687620293096,-73.95840793848038,285262
2019-12-09,40.7724607,-73.9468208,285262
2019-12-09,40.73587678,-73.98205027,285263
2019-12-09,40.73971301,-73.99456405,285263
2019-12-09,40.72740794,-73.98142006,285264
2019-12-09,40.72082834,-73.97793172,285264
2019-12-09,40.7919557,-73.968087,285265
2019-12-09,40.78472675,-73.96961715,285265
2019-12-09,40.751581,-73.97791,285266
2019-12-09,40.75640548,-73.9900262,285266
2019-12-09,40.7597108,-73.97402311,285267
2019-12-09,40.722055,-73.989111,285267
2019-12-09,40.75110165,-73.94073717,285268
2019-12-09,40.74731,-73.95451,285268
2019-12-09,40.70224,-73.982578,285269
2019-12-09,40.68900443,-73.96023854,285269
2019-12-09,40.7839636,-73.9471673,285270
2019-12-09,40.7869946,-73.94164802,285270
2019-12-09,40.75019995,-73.99093085,285271
2019-12-09,40.74144387,-73.97536082,285271
2019-12-09,40.751396,-74.005226,285272
2019-12-09,40.74395411,-73.99144871,285272
2019-12-09,40.74780373,-73.9734419,285273
2019-12-09,40.73221853,-73.98165557,285273
2019-12-09,40.72951496224949,-73.99075269699097,285274
2019-12-09,40.72453734,-73.98185424,285274
2019-12-09,40.8006721,-73.9349,285275
2019-12-09,40.7989445,-73.944846,285275
2019-12-09,40.76780080148132,-73.96592080593109,285276
2019-12-09,40.7770575,-73.97898475,285276
2019-12-09,40.7568001,-73.98291153,285277
2019-12-09,40.75255434,-73.97282625,285277
2019-12-09,40.77140426,-73.9535166,285278
2019-12-09,40.77579376683666,-73.9762057363987,285278
2019-12-09,40.763189,-73.978434,285279
2019-12-09,40.7724607,-73.9468208,285279
2019-12-09,40.6802133,-73.98432695,285280
2019-12-09,40.6917823,-73.9737299,285280
2019-12-09,40.69985,-73.97141,285281
2019-12-09,40.72036775298455,-73.96165072917938,285281
2019-12-09,40.7505853470215,-73.9946848154068,285282
2019-12-09,40.74238787,-73.99726235,285282
2019-12-09,40.69165183,-73.9999786,285283
2019-12-09,40.6859296,-74.00242364,285283
2019-12-09,40.72917025,-73.99810231,285284
2019-12-09,40.735238,-74.000271,285284
2019-12-09,40.801694,-73.957145,285285
2019-12-09,40.7989445,-73.944846,285285
2019-12-09,40.70255065,-74.0127234,285286
2019-12-09,40.70834698,-74.01713445,285286
2019-12-09,40.72951496224949,-73.99075269699097,285287
2019-12-09,40.72453734,-73.98185424,285287
2019-12-09,40.74731,-73.95451,285288
2019-12-09,40.75052534,-73.94594845,285288
2019-12-09,40.76087502,-74.00277668,285289
2019-12-09,40.7689738,-73.95482273,285289
2019-12-09,40.75323098,-73.97032517,285290
2019-12-09,40.7262807,-73.98978041,285290
2019-12-09,40.698617,-73.941342,285291
2019-12-09,40.69128258,-73.9452416,285291
2019-12-09,40.75001986,-73.96905301,285292
2019-12-09,40.75797322,-73.96603308,285292
2019-12-09,40.67260298150126,-73.98983001708984,285293
2019-12-09,40.6802133,-73.98432695,285293
2019-12-09,40.72036775298455,-73.96165072917938,285294
2019-12-09,40.72079821,-73.95484712,285294
2019-12-09,40.7381765,-73.97738662,285295
2019-12-09,40.751873,-73.977706,285295
2019-12-09,40.7390169121,-74.0026376103,285296
2019-12-09,40.72966729392978,-73.98067966103554,285296
2019-12-09,40.76350532,-73.97109243,285297
2019-12-09,40.75510267,-73.97498696,285297
2019-12-09,40.71910537,-73.99973337,285298
2019-12-09,40.75019995,-73.99093085,285298
2019-12-09,40.71427487,-73.98990025,285299
2019-12-09,40.71076228,-73.99400398,285299
2019-12-09,40.73532427,-73.99800419,285300
2019-12-09,40.734232,-73.986923,285300
2019-12-09,40.72706363348306,-73.99662137031554,285301
2019-12-09,40.73726186,-73.99238967,285301
2019-12-09,40.77118287540658,-73.96409422159195,285302
2019-12-09,40.77579376683666,-73.9762057363987,285302
2019-12-09,40.74475148,-73.99915362,285303
2019-12-09,40.724812564400175,-73.94752621650696,285303
2019-12-09,40.68312489,-73.97895137,285304
2019-12-09,40.6765304,-73.97846879,285304
2019-12-09,40.7262807,-73.98978041,285305
2019-12-09,40.71893904,-73.99266288,285305
2019-12-09,40.7568001,-73.98291153,285306
2019-12-09,40.768254,-73.988639,285306
2019-12-09,40.77515953434235,-73.98918695747852,285307
2019-12-09,40.77515953434235,-73.98918695747852,285307
2019-12-09,40.71146364,-74.00552427,285308
2019-12-09,40.71269042,-73.98776323,285308
2019-12-09,40.7454973,-74.00197139,285309
2019-12-09,40.74173969,-73.99415556,285309
2019-12-09,40.72079821,-73.95484712,285310
2019-12-09,40.72606,-73.95621,285310
2019-12-09,40.69236178,-73.98631746,285311
2019-12-09,40.69363137,-73.96223558,285311
2019-12-09,40.70255065,-74.0127234,285312
2019-12-09,40.7153379,-74.01658354,285312
2019-12-09,40.72502876,-73.99069656,285313
2019-12-09,40.73652889,-74.00618026,285313
2019-12-09,40.73944820130404,-74.00507032871246,285314
2019-12-09,40.73827428,-73.98751968,285314
2019-12-09,40.75466591,-73.99138152,285315
2019-12-09,40.77149671054441,-73.99046033620834,285315
2019-12-09,40.74475148,-73.99915362,285316
2019-12-09,40.7381765,-73.97738662,285316
2019-12-09,40.71146364,-74.00552427,285317
2019-12-09,40.71605866,-73.99190759,285317
2019-12-09,40.69165183,-73.9999786,285318
2019-12-09,40.6859296,-74.00242364,285318
2019-12-09,40.75510267,-73.97498696,285319
2019-12-09,40.76030096,-73.99884222,285319
2019-12-09,40.75594159,-74.0021163,285320
2019-12-09,40.805159,-73.954692,285320
2019-12-09,40.739445,-73.976806,285321
2019-12-09,40.74286877312112,-73.98918628692627,285321
2019-12-09,40.75323098,-73.97032517,285322
2019-12-09,40.72453734,-73.98185424,285322
2019-12-09,40.695065,-73.987167,285323
2019-12-09,40.69610226,-73.96751037,285323
2019-12-09,40.70530954,-74.00612572,285324
2019-12-09,40.711066,-74.009447,285324
2019-12-09,40.72036775298455,-73.96165072917938,285325
2019-12-09,40.72079821,-73.95484712,285325
2019-12-09,40.6791944,-73.9587903,285326
2019-12-09,40.68650065,-73.96563307,285326
2019-12-09,40.69221589,-73.9842844,285327
2019-12-09,40.693261,-73.968896,285327
2019-12-09,40.7546011026,-73.971878855,285328
2019-12-09,40.7489006,-73.97604882,285328
2019-12-09,40.702461,-73.986842,285329
2019-12-09,40.68981035,-73.97493121,285329
2019-12-09,40.677027,-73.9865,285330
2019-12-09,40.69089272,-73.99612349,285330
2019-12-09,40.707644944175705,-73.96841526031494,285331
2019-12-09,40.69331716,-73.95381995,285331
2019-12-09,40.724308321602166,-74.00473035871983,285332
2019-12-09,40.734814,-73.992085,285332
2019-12-09,40.7643971,-73.97371465,285333
2019-12-09,40.76915505,-73.98191841,285333
2019-12-09,40.74444921,-73.98303529,285334
2019-12-09,40.7462009,-73.98855723,285334
2019-12-09,40.739323,-74.008119,285335
2019-12-09,40.72521311,-73.97768752,285335
2019-12-09,40.75714758,-73.97207836,285336
2019-12-09,40.7489006,-73.97604882,285336
2019-12-09,40.749156,-73.9916,285337
2019-12-09,40.77565541,-73.95068615,285337
2019-12-09,40.73020660529954,-73.99102628231049,285338
2019-12-09,40.72521311,-73.97768752,285338
2019-12-09,40.75323098,-73.97032517,285339
2019-12-09,40.73047309,-73.98672378,285339
2019-12-09,40.69991755,-73.98971773,285340
2019-12-09,40.6881529,-73.99520919,285340
2019-12-09,40.751873,-73.977706,285341
2019-12-09,40.74311555376486,-73.98215353488922,285341
2019-12-09,40.75255434,-73.97282625,285342
2019-12-09,40.74395411,-73.99144871,285342
2019-12-09,40.74096374,-73.98602213,285343
2019-12-09,40.73454567,-73.99074142,285343
2019-12-09,40.70140317257725,-73.98672670125961,285344
2019-12-09,40.68488,-73.96304,285344
2019-12-09,40.70076,-73.93641,285345
2019-12-09,40.74311555376486,-73.98215353488922,285345
2019-12-09,40.735445,-73.99431,285346
2019-12-09,40.72740794,-73.98142006,285346
2019-12-09,40.76030096,-73.99884222,285347
2019-12-09,40.76009437,-73.99461843,285347
2019-12-09,40.761584,-73.925921,285348
2019-12-09,40.7658346,-73.9265474,285348
2019-12-09,40.74286877312112,-73.98918628692627,285349
2019-12-09,40.73269,-73.98974,285349
2019-12-09,40.76590936,-73.97634151,285350
2019-12-09,40.7734066,-73.97782542,285350
2019-12-09,40.73454567,-73.99074142,285351
2019-12-09,40.73587678,-73.98205027,285351
2019-12-09,40.74765947,-73.98490707,285352
2019-12-09,40.72453734,-73.98185424,285352
2019-12-09,40.75255434,-73.97282625,285353
2019-12-09,40.75892386377695,-73.96226227283478,285353
2019-12-09,40.73221853,-73.98165557,285354
2019-12-09,40.73291553,-74.00711384,285354
2019-12-09,40.75640548,-73.9900262,285355
2019-12-09,40.739445,-73.976806,285355
2019-12-09,40.71117444,-73.99682619,285356
2019-12-09,40.72079821,-73.95484712,285356
2019-12-09,40.73704984,-73.99009296,285357
2019-12-09,40.72746420692392,-73.97950418293476,285357
2019-12-09,40.74966,-73.9521,285358
2019-12-09,40.748,-73.9460927,285358
2019-12-09,40.761573,-73.972628,285359
2019-12-09,40.76727216,-73.99392888,285359
2019-12-09,40.75510267,-73.97498696,285360
2019-12-09,40.8013434,-73.9711457439,285360
2019-12-09,40.71534825,-73.96024116,285361
2019-12-09,40.707644944175705,-73.96841526031494,285361
2019-12-09,40.695065,-73.987167,285362
2019-12-09,40.751873,-73.977706,285362
2019-12-09,40.752165280621966,-73.97992193698882,285363
2019-12-09,40.74475148,-73.99915362,285363
2019-12-09,40.73381219196632,-73.98054420948029,285364
2019-12-09,40.73221853,-73.98165557,285364
2019-12-09,40.68506807308177,-73.97790759801863,285365
2019-12-09,40.69327018,-73.97703874,285365
2019-12-09,40.746745,-74.007756,285366
2019-12-09,40.74238787,-73.99726235,285366
2019-12-09,40.70530954,-74.00612572,285367
2019-12-09,40.71406667,-73.99293911,285367
2019-12-09,40.71285887,-73.96590294,285368
2019-12-09,40.71323,-73.93894,285368
2019-12-09,40.71754834,-74.01322069,285369
2019-12-09,40.728846,-74.008591,285369
2019-12-09,40.7381765,-73.97738662,285370
2019-12-09,40.73971301,-73.99456405,285370
2019-12-09,40.74395411,-73.99144871,285371
2019-12-09,40.72740794,-73.98142006,285371
2019-12-09,40.72019576,-73.98997825,285372
2019-12-09,40.72299208,-73.97995466,285372
2019-12-09,40.751396,-74.005226,285373
2019-12-09,40.74334935,-74.00681753,285373
2019-12-09,40.69512845,-73.99595065,285374
2019-12-09,40.69102925677968,-73.99183362722397,285374
2019-12-09,40.72966729392978,-73.98067966103554,285375
2019-12-09,40.72743423,-73.99379025,285375
2019-12-09,40.74395411,-73.99144871,285376
2019-12-09,40.751581,-73.97791,285376
2019-12-09,40.7381765,-73.97738662,285377
2019-12-09,40.74395411,-73.99144871,285377
2019-12-09,40.722103786686034,-73.99724900722504,285378
2019-12-09,40.7208736,-73.98085795,285378
2019-12-09,40.7937704,-73.971888,285379
2019-12-09,40.8021174,-73.9681805305,285379
2019-12-09,40.73827428,-73.98751968,285380
2019-12-09,40.73726186,-73.99238967,285380
2019-12-09,40.7489006,-73.97604882,285381
2019-12-09,40.73314259,-73.97573881,285381
2019-12-09,40.72502876,-73.99069656,285382
2019-12-09,40.73704984,-73.99009296,285382
2019-12-09,40.756913,-73.921631,285383
2019-12-09,40.7656251,-73.9136695,285383
2019-12-09,40.81,-73.9551508,285384
2019-12-09,40.8045555,-73.9396861,285384
2019-12-09,40.6740123,-73.9671457,285385
2019-12-09,40.686312,-73.935775,285385
2019-12-09,40.7403432,-73.98955109,285386
2019-12-09,40.73038599,-74.00214988,285386
2019-12-09,40.728846,-74.008591,285387
2019-12-09,40.72405549,-74.00965965,285387
2019-12-09,40.74345335,-74.00004031,285388
2019-12-09,40.74334935,-74.00681753,285388
2019-12-09,40.71911552,-74.00666661,285389
2019-12-09,40.72405549,-74.00965965,285389
2019-12-09,40.746745,-74.007756,285390
2019-12-09,40.73291553,-74.00711384,285390
2019-12-09,40.7839636,-73.9471673,285391
2019-12-09,40.7892529,-73.93956237,285391
2019-12-09,40.749717753,-74.002950346,285392
2019-12-09,40.72453734,-73.98185424,285392
2019-12-09,40.75466591,-73.99138152,285393
2019-12-09,40.72217444,-73.98368779,285393
2019-12-09,40.728846,-74.008591,285394
2019-12-09,40.76087502,-74.00277668,285394
2019-12-09,40.78524672,-73.97667321,285395
2019-12-09,40.78472675,-73.96961715,285395
2019-12-09,40.751873,-73.977706,285396
2019-12-09,40.75640548,-73.9900262,285396
2019-12-09,40.782593,-73.971211,285397
2019-12-09,40.77515953434235,-73.98918695747852,285397
2019-12-09,40.76269882,-73.99301222,285398
2019-12-09,40.76360467795863,-73.98917958140373,285398
2019-12-09,40.6705135,-73.98876585,285399
2019-12-09,40.6663181,-73.9854617,285399
2019-12-09,40.8045555,-73.9396861,285400
2019-12-09,40.814394437915816,-73.95324736833572,285400
2019-12-09,40.76350532,-73.97109243,285401
2019-12-09,40.77966809007312,-73.98093044757842,285401
2019-12-09,40.8045555,-73.9396861,285402
2019-12-09,40.8114323,-73.9518776,285402
2019-12-09,40.72362738,-73.99949601,285403
2019-12-09,40.724812564400175,-73.94752621650696,285403
2019-12-09,40.71146364,-74.00552427,285404
2019-12-09,40.72453734,-73.98185424,285404
2019-12-09,40.74691959,-74.00451887,285405
2019-12-09,40.7403432,-73.98955109,285405
2019-12-09,40.75066386,-74.00176802,285406
2019-12-09,40.74177603,-74.00149746,285406
2019-12-09,40.6758329439129,-74.01472628116608,285407
2019-12-09,40.69760127,-73.99344559,285407
2019-12-09,40.6881529,-73.99520919,285408
2019-12-09,40.7003,-73.991581,285408
2019-12-09,40.76228826,-73.98336183,285409
2019-12-09,40.77515953434235,-73.98918695747852,285409
2019-12-09,40.75066386,-74.00176802,285410
2019-12-09,40.74322681432173,-73.97449783980846,285410
2019-12-09,40.72951496224949,-73.99075269699097,285411
2019-12-09,40.7489006,-73.97604882,285411
2019-12-09,40.75206862,-73.96784384,285412
2019-12-09,40.72966729392978,-73.98067966103554,285412
2019-12-09,40.73454567,-73.99074142,285413
2019-12-09,40.72621788,-73.98379855,285413
2019-12-09,40.76727216,-73.99392888,285414
2019-12-09,40.76344058,-73.98268129,285414
2019-12-09,40.73172428,-74.00674436,285415
2019-12-09,40.73652889,-74.00618026,285415
2019-12-09,40.666287,-73.98895053,285416
2019-12-09,40.6740886,-73.9787282,285416
2019-12-09,40.75640548,-73.9900262,285417
2019-12-09,40.75066386,-74.00176802,285417
2019-12-09,40.72243797,-74.00566443,285418
2019-12-09,40.71602118,-73.99974372,285418
2019-12-09,40.77801203,-73.95407149,285419
2019-12-09,40.7724607,-73.9468208,285419
2019-12-09,40.746745,-74.007756,285420
2019-12-09,40.76030096,-73.99884222,285420
2019-12-09,40.734814,-73.992085,285421
2019-12-09,40.73652889,-74.00618026,285421
2019-12-09,40.734814,-73.992085,285422
2019-12-09,40.73172428,-74.00674436,285422
2019-12-09,40.68382604,-73.97632328,285423
2019-12-09,40.68539567,-73.97431458,285423
2019-12-09,40.741459,-73.983293,285424
2019-12-09,40.74964,-73.98805,285424
2019-12-09,40.69425403,-73.94626915,285425
2019-12-09,40.6851443,-73.95380904,285425
2019-12-09,40.6773429,-74.01275056,285426
2019-12-09,40.6747055,-74.0075572,285426
2019-12-09,40.7575699,-73.99098507,285427
2019-12-09,40.76030096,-73.99884222,285427
2019-12-09,40.735445,-73.99431,285428
2019-12-09,40.73912601,-73.97973776,285428
2019-12-09,40.68763155,-74.0016256,285429
2019-12-09,40.69760127,-73.99344559,285429
2019-12-09,40.71494807,-74.00234482,285430
2019-12-09,40.72217444,-73.98368779,285430
2019-12-09,40.7643971,-73.97371465,285431
2019-12-09,40.7867947,-73.977112,285431
2019-12-09,40.73971301,-73.99456405,285432
2019-12-09,40.73944820130404,-74.00507032871246,285432
2019-12-09,40.73047309,-73.98672378,285433
2019-12-09,40.7475739589548,-73.9788007736206,285433
2019-12-09,40.71219906,-73.97948148,285434
2019-12-09,40.70122128,-74.01234218,285434
2019-12-09,40.751551,-73.993934,285435
2019-12-09,40.74475148,-73.99915362,285435
2019-12-09,40.668132,-73.97363831,285436
2019-12-09,40.6630619,-73.9538746,285436
2019-12-09,40.78414472,-73.98362492,285437
2019-12-09,40.78524672,-73.97667321,285437
2019-12-09,40.75513557,-73.98658032,285438
2019-12-09,40.666287,-73.98895053,285438
2019-12-09,40.8045555,-73.9396861,285439
2019-12-09,40.8025566,-73.9490782,285439
2019-12-09,40.76087502,-74.00277668,285440
2019-12-09,40.77149671054441,-73.99046033620834,285440
2019-12-09,40.724308321602166,-74.00473035871983,285441
2019-12-09,40.73291553,-74.00711384,285441
2019-12-09,40.74966,-73.9521,285442
2019-12-09,40.74232744,-73.95411749,285442
2019-12-09,40.7652654,-73.98192338,285443
2019-12-09,40.79017948095081,-73.97288918495178,285443
2019-12-09,40.754120810779256,-73.98025184869766,285444
2019-12-09,40.75797322,-73.96603308,285444
2019-12-09,40.749156,-73.9916,285445
2019-12-09,40.736502,-73.97809472,285445
2019-12-09,40.6894932,-73.942061,285446
2019-12-09,40.6894932,-73.942061,285446
2019-12-09,40.75019995,-73.99093085,285447
2019-12-09,40.74290902,-73.97706058,285447
2019-12-09,40.73331967,-73.99510132,285448
2019-12-09,40.72621788,-73.98379855,285448
2019-12-09,40.749156,-73.9916,285449
2019-12-09,40.74394314,-73.97966069,285449
2019-12-09,40.751396,-74.005226,285450
2019-12-09,40.7505853470215,-73.9946848154068,285450
2019-12-09,40.7037992,-74.00838676,285451
2019-12-09,40.71117444,-73.99682619,285451
2019-12-09,40.75934501,-73.96759673,285452
2019-12-09,40.75001986,-73.96905301,285452
2019-12-09,40.75640548,-73.9900262,285453
2019-12-09,40.76087502,-74.00277668,285453
2019-12-09,40.67909799721684,-73.98765474557877,285454
2019-12-09,40.6763947,-73.99869893,285454
2019-12-09,40.809725,-73.953149,285455
2019-12-09,40.7989445,-73.944846,285455
2019-12-09,40.749156,-73.9916,285456
2019-12-09,40.74394314,-73.97966069,285456
2019-12-09,40.72951496224949,-73.99075269699097,285457
2019-12-09,40.72217444,-73.98368779,285457
2019-12-09,40.72217444,-73.98368779,285458
2019-12-09,40.7208736,-73.98085795,285458
2019-12-09,40.749717753,-74.002950346,285459
2019-12-09,40.73535398,-74.00483091,285459
2019-12-09,40.74322681432173,-73.97449783980846,285460
2019-12-09,40.751581,-73.97791,285460
2019-12-09,40.7451677,-73.98683077,285461
2019-12-09,40.7390169121,-74.0026376103,285461
2019-12-09,40.75640548,-73.9900262,285462
2019-12-09,40.73532427,-73.99800419,285462
2019-12-09,40.74144387,-73.97536082,285463
2019-12-09,40.77149671054441,-73.99046033620834,285463
2019-12-09,40.6902375,-73.99203074,285464
2019-12-09,40.68926942,-73.98912867,285464
2019-12-09,40.74096374,-73.98602213,285465
2019-12-09,40.73726186,-73.99238967,285465
2019-12-09,40.7451677,-73.98683077,285466
2019-12-09,40.736502,-73.97809472,285466
2019-12-09,40.72243797,-74.00566443,285467
2019-12-09,40.73223272,-73.98889957,285467
2019-12-09,40.73172428,-74.00674436,285468
2019-12-09,40.73535398,-74.00483091,285468
2019-12-09,40.72317958,-73.99480012,285469
2019-12-09,40.7172274,-73.98802084,285469
2019-12-09,40.722103786686034,-73.99724900722504,285470
2019-12-09,40.735367055605394,-73.98797392845154,285470
2019-12-09,40.70140317257725,-73.98672670125961,285471
2019-12-09,40.6772744,-73.98282002,285471
2019-12-09,40.7489006,-73.97604882,285472
2019-12-09,40.759125,-73.962658,285472
2019-12-09,40.7652654,-73.98192338,285473
2019-12-09,40.76915505,-73.98191841,285473
2019-12-09,40.7284186,-73.98713956,285474
2019-12-09,40.73454567,-73.99074142,285474
2019-12-09,40.73291553,-74.00711384,285475
2019-12-09,40.73587678,-73.98205027,285475
2019-12-09,40.736502,-73.97809472,285476
2019-12-09,40.72966729392978,-73.98067966103554,285476
2019-12-09,40.75510267,-73.97498696,285477
2019-12-09,40.76727216,-73.99392888,285477
2019-12-09,40.73935542,-73.99931783,285478
2019-12-09,40.73143724085228,-73.99490341544151,285478
2019-12-09,40.754120810779256,-73.98025184869766,285479
2019-12-09,40.7801839724239,-73.97728532552719,285479
2019-12-09,40.738046142482766,-73.99642959237099,285480
2019-12-09,40.73143724085228,-73.99490341544151,285480
2019-12-09,40.72019521437465,-74.0103006362915,285481
2019-12-09,40.711512,-74.015756,285481
2019-12-09,40.75513557,-73.98658032,285482
2019-12-09,40.7505853470215,-73.9946848154068,285482
2019-12-09,40.7462009,-73.98855723,285483
2019-12-09,40.746745,-74.007756,285483
2019-12-09,40.71910537,-73.99973337,285484
2019-12-09,40.72917025,-73.99810231,285484
2019-12-09,40.73971301,-73.99456405,285485
2019-12-09,40.72779126,-73.98564945,285485
2019-12-09,40.7475739589548,-73.9788007736206,285486
2019-12-09,40.74290902,-73.97706058,285486
2019-12-09,40.73454567,-73.99074142,285487
2019-12-09,40.72966729392978,-73.98067966103554,285487
2019-12-09,40.73971301,-73.99456405,285488
2019-12-09,40.74937024193277,-73.99923384189606,285488
2019-12-09,40.75022392,-73.97121414,285489
2019-12-09,40.8082,-73.9641,285489
2019-12-09,40.761584,-73.925921,285490
2019-12-09,40.7668,-73.9347774,285490
2019-12-09,40.7454973,-74.00197139,285491
2019-12-09,40.7454973,-74.00197139,285491
2019-12-09,40.75038009,-73.98338988,285492
2019-12-09,40.7475739589548,-73.9788007736206,285492
2019-12-09,40.72710258,-74.00297088,285493
2019-12-09,40.71850211,-73.98329859,285493
2019-12-09,40.744219,-73.97121214,285494
2019-12-09,40.7475739589548,-73.9788007736206,285494
2019-12-09,40.69236178,-73.98631746,285495
2019-12-09,40.6861758,-73.99645295,285495
2019-12-09,40.74444921,-73.98303529,285496
2019-12-09,40.751873,-73.977706,285496
2019-12-09,40.76228826,-73.98336183,285497
2019-12-09,40.7770575,-73.97898475,285497
2019-12-09,40.72966729392978,-73.98067966103554,285498
2019-12-09,40.72746420692392,-73.97950418293476,285498
2019-12-09,40.75724567911726,-73.97805914282799,285499
2019-12-09,40.74734825,-73.99723551,285499
2019-12-09,40.72110063,-73.9919254,285500
2019-12-09,40.71622644,-73.98261206,285500
2019-12-09,40.74691959,-74.00451887,285501
2019-12-09,40.734814,-73.992085,285501
2019-12-09,40.7568001,-73.98291153,285502
2019-12-09,40.74394314,-73.97966069,285502
2019-12-09,40.74232744,-73.95411749,285503
2019-12-09,40.72577,-73.94173,285503
2019-12-09,40.751551,-73.993934,285504
2019-12-09,40.74901271,-73.98848395,285504
2019-12-09,40.754691750226016,-73.99740189313889,285505
2019-12-09,40.76227205,-73.98788205,285505
2019-12-09,40.746745,-74.007756,285506
2019-12-09,40.738046142482766,-73.99642959237099,285506
2019-12-09,40.7451677,-73.98683077,285507
2019-12-09,40.7381765,-73.97738662,285507
2019-12-09,40.7381765,-73.97738662,285508
2019-12-09,40.72706363348306,-73.99662137031554,285508
2019-12-09,40.752269,-73.982079,285509
2019-12-09,40.7801839724239,-73.97728532552719,285509
2019-12-09,40.75510267,-73.97498696,285510
2019-12-09,40.7727966,-73.95577801,285510
2019-12-09,40.72456089,-73.99565293,285511
2019-12-09,40.72453734,-73.98185424,285511
2019-12-09,40.76500525,-73.95818491,285512
2019-12-09,40.75510267,-73.97498696,285512
2019-12-09,40.72243797,-74.00566443,285513
2019-12-09,40.751873,-73.977706,285513
2019-12-09,40.751551,-73.993934,285514
2019-12-09,40.751873,-73.977706,285514
2019-12-09,40.7457121,-73.98194829,285515
2019-12-09,40.7546011026,-73.971878855,285515
2019-12-09,40.718822,-73.99596,285516
2019-12-09,40.704508,-73.9351,285516
2019-12-09,40.68683208,-73.9796772,285517
2019-12-09,40.6902375,-73.99203074,285517
2019-12-09,40.74780373,-73.9734419,285518
2019-12-09,40.730563,-73.973984,285518
2019-12-09,40.73020660529954,-73.99102628231049,285519
2019-12-09,40.6794388,-73.9680438,285519
2019-12-09,40.711066,-74.009447,285520
2019-12-09,40.76341379,-73.99667444,285520
2019-12-09,40.751396,-74.005226,285521
2019-12-09,40.7505853470215,-73.9946848154068,285521
2019-12-09,40.70255065,-74.0127234,285522
2019-12-09,40.73454567,-73.99074142,285522
2019-12-09,40.74275382865903,-74.00747358798981,285523
2019-12-09,40.73624527,-73.98473765,285523
2019-12-09,40.72494672359416,-74.00165855884552,285524
2019-12-09,40.72217444,-73.98368779,285524
2019-12-09,40.7668,-73.9347774,285525
2019-12-09,40.7703743,-73.9286078,285525
2019-12-09,40.751396,-74.005226,285526
2019-12-09,40.75594159,-74.0021163,285526
2019-12-09,40.72248188638219,-73.95921930670738,285527
2019-12-09,40.71745169,-73.95850939,285527
2019-12-09,40.77632142182271,-73.96427392959595,285528
2019-12-09,40.77282817,-73.96685276,285528
2019-12-09,40.72743423,-73.99379025,285529
2019-12-09,40.72217444,-73.98368779,285529
2019-12-09,40.74901271,-73.98848395,285530
2019-12-09,40.734814,-73.992085,285530
2019-12-09,40.74901271,-73.98848395,285531
2019-12-09,40.7652654,-73.98192338,285531
2019-12-09,40.8038654,-73.9559308,285532
2019-12-09,40.7981856,-73.9605909006,285532
2019-12-09,40.7862586,-73.94552579,285533
2019-12-09,40.795508,-73.941606,285533
2019-12-09,40.74734825,-73.99723551,285534
2019-12-09,40.74173969,-73.99415556,285534
2019-12-09,40.735445,-73.99431,285535
2019-12-09,40.73827428,-73.98751968,285535
2019-12-09,40.78524672,-73.97667321,285536
2019-12-09,40.78472675,-73.96961715,285536
2019-12-09,40.73555,-73.95284,285537
2019-12-09,40.74232744,-73.95411749,285537
2019-12-09,40.70767788,-73.94016171,285538
2019-12-09,40.69196035,-73.96536851,285538
2019-12-09,40.7462009,-73.98855723,285539
2019-12-09,40.76227205,-73.98788205,285539
2019-12-09,40.7381765,-73.97738662,285540
2019-12-09,40.73532427,-73.99800419,285540
2019-12-09,40.69221589,-73.9842844,285541
2019-12-09,40.6902375,-73.99203074,285541
2019-12-09,40.75992262,-73.97648516,285542
2019-12-09,40.76228826,-73.98336183,285542
2019-12-09,40.773763,-73.96222088,285543
2019-12-09,40.76350532,-73.97109243,285543
2019-12-09,40.68841,-73.979458,285544
2019-12-09,40.68415748,-73.96922273,285544
2019-12-09,40.7403432,-73.98955109,285545
2019-12-09,40.75066386,-74.00176802,285545
2019-12-09,40.7919557,-73.968087,285546
2019-12-09,40.79127,-73.964839,285546
2019-12-09,40.72951496224949,-73.99075269699097,285547
2019-12-09,40.7361967,-74.00859207,285547
2019-12-09,40.78524672,-73.97667321,285548
2019-12-09,40.77966809007312,-73.98093044757842,285548
2019-12-09,40.730563,-73.973984,285549
2019-12-09,40.72299208,-73.97995466,285549
2019-12-09,40.73726186,-73.99238967,285550
2019-12-09,40.75640548,-73.9900262,285550
2019-12-09,40.70530954,-74.00612572,285551
2019-12-09,40.71602118,-73.99974372,285551
2019-12-09,40.7361967,-74.00859207,285552
2019-12-09,40.71625008,-74.0091059,285552
2019-12-09,40.6859296,-74.00242364,285553
2019-12-09,40.69165183,-73.9999786,285553
2019-12-09,40.72362738,-73.99949601,285554
2019-12-09,40.72746420692392,-73.97950418293476,285554
2019-12-09,40.680944723477296,-73.97567331790923,285555
2019-12-09,40.6902375,-73.99203074,285555
2019-12-09,40.7451677,-73.98683077,285556
2019-12-09,40.752165280621966,-73.97992193698882,285556
2019-12-09,40.73971301,-73.99456405,285557
2019-12-09,40.751873,-73.977706,285557
2019-12-09,40.76132983124814,-73.97982001304626,285558
2019-12-09,40.75097711,-73.98765428,285558
2019-12-09,40.72019521437465,-74.0103006362915,285559
2019-12-09,40.71273266,-74.0046073,285559
2019-12-09,40.71494807,-74.00234482,285560
2019-12-09,40.751873,-73.977706,285560
2019-12-09,40.73020660529954,-73.99102628231049,285561
2019-12-09,40.74487634,-73.99529885,285561
2019-12-09,40.707873,-74.00167,285562
2019-12-09,40.70706456,-74.00731853,285562
2019-12-09,40.72743423,-73.99379025,285563
2019-12-09,40.72453734,-73.98185424,285563
2019-12-09,40.69794,-73.96986848,285564
2019-12-09,40.6803560840434,-73.9476791024208,285564
2019-12-09,40.763189,-73.978434,285565
2019-12-09,40.74290902,-73.97706058,285565
2019-12-09,40.7149787,-74.013012,285566
2019-12-09,40.73047747,-73.99906065,285566
2019-12-09,40.75172632,-73.98753523,285567
2019-12-09,40.76344058,-73.98268129,285567
2019-12-09,40.7656251,-73.9136695,285568
2019-12-09,40.7713937,-73.9077436,285568
2019-12-09,40.73454567,-73.99074142,285569
2019-12-09,40.72521311,-73.97768752,285569
2019-12-09,40.76915505,-73.98191841,285570
2019-12-09,40.77149671054441,-73.99046033620834,285570
2019-12-09,40.73781509,-73.99994661,285571
2019-12-09,40.73020660529954,-73.99102628231049,285571
2019-12-09,40.69089272,-73.99612349,285572
2019-12-09,40.6827549,-73.98258555,285572
2019-12-09,40.75299641,-73.98721619,285573
2019-12-09,40.752165280621966,-73.97992193698882,285573
2019-12-09,40.75325964,-73.94335788,285574
2019-12-09,40.75052534,-73.94594845,285574
2019-12-09,40.697787,-73.973736,285575
2019-12-09,40.68506807308177,-73.97790759801863,285575
2019-12-09,40.72494672359416,-74.00165855884552,285576
2019-12-09,40.722103786686034,-73.99724900722504,285576
2019-12-09,40.770513,-73.988038,285577
2019-12-09,40.75898481399634,-73.99379968643188,285577
2019-12-09,40.77801203,-73.95407149,285578
2019-12-09,40.77536905,-73.94803392,285578
2019-12-09,40.74238787,-73.99726235,285579
2019-12-09,40.74444921,-73.98303529,285579
2019-12-09,40.751396,-74.005226,285580
2019-12-09,40.74734825,-73.99723551,285580
2019-12-09,40.75724567911726,-73.97805914282799,285581
2019-12-09,40.7867947,-73.977112,285581
2019-12-09,40.72110063,-73.9919254,285582
2019-12-09,40.7262807,-73.98978041,285582
2019-12-09,40.74395411,-73.99144871,285583
2019-12-09,40.751581,-73.97791,285583
2019-12-09,40.6772744,-73.98282002,285584
2019-12-09,40.6740886,-73.9787282,285584
2019-12-09,40.75513557,-73.98658032,285585
2019-12-09,40.76269882,-73.99301222,285585
2019-12-09,40.71494807,-74.00234482,285586
2019-12-09,40.71625008,-74.0091059,285586
2019-12-09,40.72243797,-74.00566443,285587
2019-12-09,40.718822,-73.99596,285587
2019-12-09,40.72494672359416,-74.00165855884552,285588
2019-12-09,40.72966729392978,-73.98067966103554,285588
2019-12-09,40.71219906,-73.97948148,285589
2019-12-09,40.71219906,-73.97948148,285589
2019-12-09,40.71782143,-73.97628939,285590
2019-12-09,40.71269042,-73.98776323,285590
2019-12-09,40.7403432,-73.98955109,285591
2019-12-09,40.7489006,-73.97604882,285591
2019-12-09,40.751396,-74.005226,285592
2019-12-09,40.74734825,-73.99723551,285592
2019-12-09,40.72019521437465,-74.0103006362915,285593
2019-12-09,40.71625008,-74.0091059,285593
2019-12-09,40.75510267,-73.97498696,285594
2019-12-09,40.76227205,-73.98788205,285594
2019-12-09,40.7839636,-73.9471673,285595
2019-12-09,40.7892529,-73.93956237,285595
2019-12-09,40.74487634,-73.99529885,285596
2019-12-09,40.74691959,-74.00451887,285596
2019-12-09,40.76344058,-73.98268129,285597
2019-12-09,40.77748046,-73.98288594,285597
2019-12-09,40.75828065,-73.97069431,285598
2019-12-09,40.73314259,-73.97573881,285598
2019-12-09,40.752165280621966,-73.97992193698882,285599
2019-12-09,40.75797322,-73.96603308,285599
2019-12-09,40.69794,-73.96986848,285600
2019-12-09,40.71019,-73.93734,285600
2019-12-09,40.751047,-73.93797,285601
2019-12-09,40.757186,-73.932719,285601
2019-12-09,40.7239567849954,-73.94984364509583,285602
2019-12-09,40.71915571696044,-73.94885390996933,285602
2019-12-09,40.746745,-74.007756,285603
2019-12-09,40.73291553,-74.00711384,285603
2019-12-09,40.76341379,-73.99667444,285604
2019-12-09,40.76227205,-73.98788205,285604
2019-12-09,40.74275382865903,-74.00747358798981,285605
2019-12-09,40.73223272,-73.98889957,285605
2019-12-09,40.74311555376486,-73.98215353488922,285606
2019-12-09,40.73221853,-73.98165557,285606
2019-12-09,40.7770575,-73.97898475,285607
2019-12-09,40.78499979,-73.97283406,285607
2019-12-09,40.70530954,-74.00612572,285608
2019-12-09,40.711066,-74.009447,285608
2019-12-09,40.752269,-73.982079,285609
2019-12-09,40.74395411,-73.99144871,285609
2019-12-09,40.749717753,-74.002950346,285610
2019-12-09,40.74734825,-73.99723551,285610
2019-12-09,40.70862144,-74.00722156,285611
2019-12-09,40.69991755,-73.98971773,285611
2019-12-09,40.749717753,-74.002950346,285612
2019-12-09,40.73587678,-73.98205027,285612
2019-12-09,40.71291224,-74.01020234,285613
2019-12-09,40.722103786686034,-73.99724900722504,285613
2019-12-09,40.75001986,-73.96905301,285614
2019-12-09,40.751551,-73.993934,285614
2019-12-09,40.752165280621966,-73.97992193698882,285615
2019-12-09,40.76370739,-73.9851615,285615
2019-12-09,40.71893904,-73.99266288,285616
2019-12-09,40.722055,-73.989111,285616
2019-12-09,40.74275382865903,-74.00747358798981,285617
2019-12-09,40.7390169121,-74.0026376103,285617
2019-12-09,40.7652654,-73.98192338,285618
2019-12-09,40.76500525,-73.95818491,285618
2019-12-09,40.74322681432173,-73.97449783980846,285619
2019-12-09,40.7457121,-73.98194829,285619
2019-12-09,40.707873,-74.00167,285620
2019-12-09,40.71926081,-73.98178024,285620
2019-12-09,40.749717753,-74.002950346,285621
2019-12-09,40.73401143,-74.00293877,285621
2019-12-09,40.70924826276157,-73.96063148975372,285622
2019-12-09,40.70853074,-73.96408963,285622
2019-12-09,40.746647,-73.993915,285623
2019-12-09,40.751873,-73.977706,285623
2019-12-09,40.70530954,-74.00612572,285624
2019-12-09,40.75455731,-73.96592976,285624
2019-12-09,40.75001986,-73.96905301,285625
2019-12-09,40.707644944175705,-73.96841526031494,285625
2019-12-09,40.7457121,-73.98194829,285626
2019-12-09,40.73912601,-73.97973776,285626
2019-12-09,40.77632142182271,-73.96427392959595,285627
2019-12-09,40.77140426,-73.9535166,285627
2019-12-09,40.73224119,-74.00026394,285628
2019-12-09,40.73291553,-74.00711384,285628
2019-12-09,40.7403432,-73.98955109,285629
2019-12-09,40.7361967,-74.00859207,285629
2019-12-09,40.728846,-74.008591,285630
2019-12-09,40.73291553,-74.00711384,285630
2019-12-09,40.75466591,-73.99138152,285631
2019-12-09,40.751873,-73.977706,285631
2019-12-09,40.75455731,-73.96592976,285632
2019-12-09,40.77518615,-73.94446054,285632
2019-12-09,40.72606,-73.95621,285633
2019-12-09,40.7239567849954,-73.94984364509583,285633
2019-12-09,40.69072549,-73.95133465,285634
2019-12-09,40.69128258,-73.9452416,285634
2019-12-09,40.724308321602166,-74.00473035871983,285635
2019-12-09,40.722103786686034,-73.99724900722504,285635
2019-12-09,40.6999974843885,-73.97440128028393,285636
2019-12-09,40.70224,-73.982578,285636
2019-12-09,40.76344058,-73.98268129,285637
2019-12-09,40.7785669,-73.97754961,285637
2019-12-09,40.70365182,-74.01167797,285638
2019-12-09,40.71406667,-73.99293911,285638
2019-12-09,40.74173969,-73.99415556,285639
2019-12-09,40.749156,-73.9916,285639
2019-12-09,40.751396,-74.005226,285640
2019-12-09,40.71334184275907,-74.00935515761375,285640
2019-12-09,40.75466591,-73.99138152,285641
2019-12-09,40.74901271,-73.98848395,285641
2019-12-09,40.74734825,-73.99723551,285642
2019-12-09,40.75019995,-73.99093085,285642
2019-12-09,40.74286877312112,-73.98918628692627,285643
2019-12-09,40.752165280621966,-73.97992193698882,285643
2019-12-09,40.751873,-73.977706,285644
2019-12-09,40.72521311,-73.97768752,285644
2019-12-09,40.69760127,-73.99344559,285645
2019-12-09,40.679043,-74.011169,285645
2019-12-09,40.70365182,-74.01167797,285646
2019-12-09,40.70706456,-74.00731853,285646
2019-12-09,40.73172428,-74.00674436,285647
2019-12-09,40.73652889,-74.00618026,285647
2019-12-09,40.711512,-74.015756,285648
2019-12-09,40.70355377,-74.00670227,285648
2019-12-09,40.746647,-73.993915,285649
2019-12-09,40.73971301,-73.99456405,285649
2019-12-09,40.74765947,-73.98490707,285650
2019-12-09,40.74177603,-74.00149746,285650
2019-12-09,40.77140426,-73.9535166,285651
2019-12-09,40.78414472,-73.98362492,285651
2019-12-09,40.754120810779256,-73.98025184869766,285652
2019-12-09,40.72521311,-73.97768752,285652
2019-12-09,40.72906,-73.95779,285653
2019-12-09,40.715143,-73.944507,285653
2019-12-09,40.707873,-74.00167,285654
2019-12-09,40.73704984,-73.99009296,285654
2019-12-09,40.71605866,-73.99190759,285655
2019-12-09,40.6610633719006,-73.97945255041122,285655
2019-12-09,40.69531727766904,-73.99015724658966,285656
2019-12-09,40.69089272,-73.99612349,285656
2019-12-09,40.7546011026,-73.971878855,285657
2019-12-09,40.75513557,-73.98658032,285657
2019-12-09,40.76471851944339,-73.96222069859505,285658
2019-12-09,40.7614376,-73.9411265,285658
2019-12-09,40.72706363348306,-73.99662137031554,285659
2019-12-09,40.73624527,-73.98473765,285659
2019-12-09,40.73704984,-73.99009296,285660
2019-12-09,40.751873,-73.977706,285660
2019-12-09,40.74734825,-73.99723551,285661
2019-12-09,40.751551,-73.993934,285661
2019-12-09,40.75299641,-73.98721619,285662
2019-12-09,40.74734825,-73.99723551,285662
2019-12-09,40.72229346,-73.99147535,285663
2019-12-09,40.734232,-73.986923,285663
2019-12-09,40.72710258,-74.00297088,285664
2019-12-09,40.73624527,-73.98473765,285664
2019-12-09,40.75640548,-73.9900262,285665
2019-12-09,40.7689738,-73.95482273,285665
2019-12-09,40.7575699,-73.99098507,285666
2019-12-09,40.76727216,-73.99392888,285666
2019-12-09,40.74395411,-73.99144871,285667
2019-12-09,40.746647,-73.993915,285667
2019-12-09,40.668132,-73.97363831,285668
2019-12-09,40.6737236,-73.9631611,285668
2019-12-09,40.72906,-73.95779,285669
2019-12-09,40.71924,-73.95242,285669
2019-12-09,40.73221853,-73.98165557,285670
2019-12-09,40.72951496224949,-73.99075269699097,285670
2019-12-09,40.72243797,-74.00566443,285671
2019-12-09,40.72779126,-73.98564945,285671
2019-12-09,40.74780373,-73.9734419,285672
2019-12-09,40.73314259,-73.97573881,285672
2019-12-09,40.76500525,-73.95818491,285673
2019-12-09,40.76312584,-73.96526895,285673
2019-12-09,40.74734825,-73.99723551,285674
2019-12-09,40.72966729392978,-73.98067966103554,285674
2019-12-09,40.71745169,-73.95850939,285675
2019-12-09,40.71285887,-73.96590294,285675
2019-12-09,40.74444921,-73.98303529,285676
2019-12-09,40.73912601,-73.97973776,285676
2019-12-09,40.736502,-73.97809472,285677
2019-12-09,40.7505853470215,-73.9946848154068,285677
2019-12-09,40.73726186,-73.99238967,285678
2019-12-09,40.680944723477296,-73.97567331790923,285678
2019-12-09,40.70706456,-74.00731853,285679
2019-12-09,40.71273266,-74.0046073,285679
2019-12-09,40.6705135,-73.98876585,285680
2019-12-09,40.663779,-73.98396846,285680
2019-12-09,40.751396,-74.005226,285681
2019-12-09,40.72953837,-73.98426726,285681
2019-12-09,40.72917025,-73.99810231,285682
2019-12-09,40.7381765,-73.97738662,285682
2019-12-09,40.74286877312112,-73.98918628692627,285683
2019-12-09,40.75466591,-73.99138152,285683
2019-12-09,40.70355377,-74.00670227,285684
2019-12-09,40.72299208,-73.97995466,285684
2019-12-09,40.76269882,-73.99301222,285685
2019-12-09,40.76068327096592,-73.9845272898674,285685
2019-12-09,40.7643971,-73.97371465,285686
2019-12-09,40.7734066,-73.97782542,285686
2019-12-09,40.76312584,-73.96526895,285687
2019-12-09,40.751873,-73.977706,285687
2019-12-09,40.72746420692392,-73.97950418293476,285688
2019-12-09,40.72307749068673,-73.98583620786667,285688
2019-12-09,40.7575699,-73.99098507,285689
2019-12-09,40.77515953434235,-73.98918695747852,285689
2019-12-09,40.73172428,-74.00674436,285690
2019-12-09,40.76087502,-74.00277668,285690
2019-12-09,40.72362738,-73.99949601,285691
2019-12-09,40.73291553,-74.00711384,285691
2019-12-09,40.735445,-73.99431,285692
2019-12-09,40.75992262,-73.97648516,285692
2019-12-09,40.73827428,-73.98751968,285693
2019-12-09,40.749156,-73.9916,285693
2019-12-09,40.749717753,-74.002950346,285694
2019-12-09,40.746647,-73.993915,285694
2019-12-09,40.77282817,-73.96685276,285695
2019-12-09,40.77579376683666,-73.9762057363987,285695
2019-12-09,40.74901271,-73.98848395,285696
2019-12-09,40.751873,-73.977706,285696
2019-12-09,40.8086249,-73.9596214,285697
2019-12-09,40.77748046,-73.98288594,285697
2019-12-09,40.808442,-73.9452087,285698
2019-12-09,40.8014866,-73.9442507,285698
2019-12-09,40.76132983124814,-73.97982001304626,285699
2019-12-09,40.7770575,-73.97898475,285699
2019-12-09,40.68312489,-73.97895137,285700
2019-12-09,40.6792788,-73.98154004,285700
2019-12-09,40.7149787,-74.013012,285701
2019-12-09,40.76095756,-73.96724467,285701
2019-12-09,40.7451677,-73.98683077,285702
2019-12-09,40.75066386,-74.00176802,285702
2019-12-09,40.75510267,-73.97498696,285703
2019-12-09,40.76312584,-73.96526895,285703
2019-12-09,40.7785669,-73.97754961,285704
2019-12-09,40.77966809007312,-73.98093044757842,285704
2019-12-09,40.724308321602166,-74.00473035871983,285705
2019-12-09,40.73944820130404,-74.00507032871246,285705
2019-12-09,40.71494807,-74.00234482,285706
2019-12-09,40.72082834,-73.97793172,285706
2019-12-09,40.7390169121,-74.0026376103,285707
2019-12-09,40.73143724085228,-73.99490341544151,285707
2019-12-09,40.74096374,-73.98602213,285708
2019-12-09,40.74173969,-73.99415556,285708
2019-12-09,40.74937024193277,-73.99923384189606,285709
2019-12-09,40.71286844,-73.95698119,285709
2019-12-09,40.73221853,-73.98165557,285710
2019-12-09,40.74290902,-73.97706058,285710
2019-12-09,40.73401143,-74.00293877,285711
2019-12-09,40.73535398,-74.00483091,285711
2019-12-09,40.7037992,-74.00838676,285712
2019-12-09,40.71173107,-73.99193043,285712
2019-12-09,40.72110063,-73.9919254,285713
2019-12-09,40.74322681432173,-73.97449783980846,285713
2019-12-09,40.69795031569544,-73.97077560424805,285714
2019-12-09,40.6707767,-73.9576801,285714
2019-12-09,40.71494807,-74.00234482,285715
2019-12-09,40.68962188790333,-73.98304268717766,285715
2019-12-09,40.73704984,-73.99009296,285716
2019-12-09,40.73704984,-73.99009296,285716
2019-12-09,40.70530954,-74.00612572,285717
2019-12-09,40.710451,-73.960876,285717
2019-12-09,40.76132983124814,-73.97982001304626,285718
2019-12-09,40.741459,-73.983293,285718
2019-12-09,40.722055,-73.989111,285719
2019-12-09,40.718822,-73.99596,285719
2019-12-09,40.711512,-74.015756,285720
2019-12-09,40.70834698,-74.01713445,285720
2019-12-09,40.75323098,-73.97032517,285721
2019-12-09,40.73026,-73.95394,285721
2019-12-09,40.713126,-73.984844,285722
2019-12-09,40.71850211,-73.98329859,285722
2019-12-09,40.8005385,-73.9419949,285723
2019-12-09,40.799139,-73.9389152,285723
2019-12-09,40.688417427540834,-73.98451656103134,285724
2019-12-09,40.680611,-73.99475825,285724
2019-12-09,40.77801203,-73.95407149,285725
2019-12-09,40.7699426,-73.96060712,285725
2019-12-09,40.6999974843885,-73.97440128028393,285726
2019-12-09,40.69196566,-73.9813018,285726
2019-12-09,40.770513,-73.988038,285727
2019-12-09,40.7667405590595,-73.9790689945221,285727
2019-12-09,40.73971301,-73.99456405,285728
2019-12-09,40.73038599,-74.00214988,285728
2019-12-09,40.75323098,-73.97032517,285729
2019-12-09,40.74394314,-73.97966069,285729
2019-12-09,40.735445,-73.99431,285730
2019-12-09,40.73221853,-73.98165557,285730
2019-12-09,40.75513557,-73.98658032,285731
2019-12-09,40.77149671054441,-73.99046033620834,285731
2019-12-09,40.69089272,-73.99612349,285732
2019-12-09,40.694281141397326,-73.99230033159256,285732
2019-12-09,40.76302594280519,-73.97209525108337,285733
2019-12-09,40.77140426,-73.9535166,285733
2019-12-09,40.76068327096592,-73.9845272898674,285734
2019-12-09,40.746745,-74.007756,285734
2019-12-09,40.75640548,-73.9900262,285735
2019-12-09,40.751873,-73.977706,285735
2019-12-09,40.7691572,-73.96703464,285736
2019-12-09,40.79017948095081,-73.97288918495178,285736
2019-12-09,40.68312489,-73.97895137,285737
2019-12-09,40.6795766,-73.97854971,285737
2019-12-09,40.75038009,-73.98338988,285738
2019-12-09,40.76370739,-73.9851615,285738
2019-12-09,40.711066,-74.009447,285739
2019-12-09,40.71269042,-73.98776323,285739
2019-12-09,40.71910537,-73.99973337,285740
2019-12-09,40.73381219196632,-73.98054420948029,285740
2019-12-09,40.72325,-73.94308,285741
2019-12-09,40.71286844,-73.95698119,285741
2019-12-09,40.76068327096592,-73.9845272898674,285742
2019-12-09,40.76269882,-73.99301222,285742
2019-12-09,40.74444921,-73.98303529,285743
2019-12-09,40.72779126,-73.98564945,285743
2019-12-09,40.6705135,-73.98876585,285744
2019-12-09,40.6792788,-73.98154004,285744
2019-12-09,40.69237074,-73.93705428,285745
2019-12-09,40.6894932,-73.942061,285745
2019-12-09,40.70255088,-73.98940236,285746
2019-12-09,40.6849894,-73.99440329,285746
2019-12-09,40.74394314,-73.97966069,285747
2019-12-09,40.73381219196632,-73.98054420948029,285747
2019-12-09,40.8008363,-73.9664492472,285748
2019-12-09,40.7687620293096,-73.95840793848038,285748
2019-12-09,40.74286877312112,-73.98918628692627,285749
2019-12-09,40.74286877312112,-73.98918628692627,285749
2019-12-09,40.749156,-73.9916,285750
2019-12-09,40.74765947,-73.98490707,285750
2019-12-09,40.6831164,-73.99785267,285751
2019-12-09,40.6902375,-73.99203074,285751
2019-12-09,40.75828065,-73.97069431,285752
2019-12-09,40.76228826,-73.98336183,285752
2019-12-09,40.73532427,-73.99800419,285753
2019-12-09,40.74173969,-73.99415556,285753
2019-12-09,40.751873,-73.977706,285754
2019-12-09,40.751873,-73.977706,285754
2019-12-09,40.74334935,-74.00681753,285755
2019-12-09,40.76087502,-74.00277668,285755
2019-12-09,40.75892386377695,-73.96226227283478,285756
2019-12-09,40.75992262,-73.97648516,285756
2019-12-09,40.74173969,-73.99415556,285757
2019-12-09,40.751873,-73.977706,285757
2019-12-09,40.718822,-73.99596,285758
2019-12-09,40.71907891179564,-73.94223690032959,285758
2019-12-09,40.734232,-73.986923,285759
2019-12-09,40.72743423,-73.99379025,285759
2019-12-09,40.734814,-73.992085,285760
2019-12-09,40.76009437,-73.99461843,285760
2019-12-09,40.75110165,-73.94073717,285761
2019-12-09,40.75325964,-73.94335788,285761
2019-12-09,40.69327018,-73.97703874,285762
2019-12-09,40.69425403,-73.94626915,285762
2019-12-09,40.73944820130404,-74.00507032871246,285763
2019-12-09,40.73224119,-74.00026394,285763
2019-12-09,40.7729,-73.916142,285764
2019-12-09,40.7656251,-73.9136695,285764
2019-12-09,40.707873,-74.00167,285765
2019-12-09,40.70355377,-74.00670227,285765
2019-12-09,40.73047747,-73.99906065,285766
2019-12-09,40.72453734,-73.98185424,285766
2019-12-09,40.748,-73.9460927,285767
2019-12-09,40.75325964,-73.94335788,285767
2019-12-09,40.71602118,-73.99974372,285768
2019-12-09,40.70530954,-74.00612572,285768
2019-12-09,40.71602118,-73.99974372,285769
2019-12-09,40.72307749068673,-73.98583620786667,285769
2019-12-09,40.72903917,-73.99404649,285770
2019-12-09,40.73269,-73.98974,285770
2019-12-09,40.8107922,-73.9430681,285771
2019-12-09,40.80698,-73.941747,285771
2019-12-09,40.748,-73.9460927,285772
2019-12-09,40.774591,-73.918544,285772
2019-12-09,40.72019576,-73.98997825,285773
2019-12-09,40.710451,-73.960876,285773
2019-12-09,40.70838,-74.00495,285774
2019-12-09,40.710451,-73.960876,285774
2019-12-09,40.76712840349542,-73.96224617958069,285775
2019-12-09,40.7575699,-73.99098507,285775
2019-12-09,40.76132983124814,-73.97982001304626,285776
2019-12-09,40.75097711,-73.98765428,285776
2019-12-09,40.69196566,-73.9813018,285777
2019-12-09,40.69580705,-73.97355569,285777
2019-12-09,40.76095756,-73.96724467,285778
2019-12-09,40.76663814,-73.95348296,285778
2019-12-09,40.74311555376486,-73.98215353488922,285779
2019-12-09,40.739445,-73.976806,285779
2019-12-09,40.74334935,-74.00681753,285780
2019-12-09,40.735445,-73.99431,285780
2019-12-09,40.75038009,-73.98338988,285781
2019-12-09,40.74901271,-73.98848395,285781
2019-12-09,40.75992262,-73.97648516,285782
2019-12-09,40.77492513,-73.98266566,285782
2019-12-09,40.74964,-73.98805,285783
2019-12-09,40.751873,-73.977706,285783
2019-12-09,40.76312584,-73.96526895,285784
2019-12-09,40.76663814,-73.95348296,285784
2019-12-09,40.72917025,-73.99810231,285785
2019-12-09,40.72621788,-73.98379855,285785
2019-12-09,40.75724567911726,-73.97805914282799,285786
2019-12-09,40.75640548,-73.9900262,285786
2019-12-09,40.74317449,-74.00366443,285787
2019-12-09,40.744219,-73.97121214,285787
2019-12-09,40.70140317257725,-73.98672670125961,285788
2019-12-09,40.69308257,-73.97178913,285788
2019-12-09,40.70140317257725,-73.98672670125961,285789
2019-12-09,40.70277159,-73.99383605,285789
2019-12-09,40.73454567,-73.99074142,285790
2019-12-09,40.72299208,-73.97995466,285790
2019-12-09,40.7390169121,-74.0026376103,285791
2019-12-09,40.734814,-73.992085,285791
2019-12-09,40.7839636,-73.9471673,285792
2019-12-09,40.7892105,-73.94370784,285792
2019-12-09,40.71754834,-74.01322069,285793
2019-12-09,40.73038599,-74.00214988,285793
2019-12-09,40.749156,-73.9916,285794
2019-12-09,40.752165280621966,-73.97992193698882,285794
2019-12-09,40.72405549,-74.00965965,285795
2019-12-09,40.71754834,-74.01322069,285795
2019-12-09,40.75066386,-74.00176802,285796
2019-12-09,40.74177603,-74.00149746,285796
2019-12-09,40.722055,-73.989111,285797
2019-12-09,40.72317958,-73.99480012,285797
2019-12-09,40.7016657,-73.9437303,285798
2019-12-09,40.70924826276157,-73.96063148975372,285798
2019-12-09,40.7597108,-73.97402311,285799
2019-12-09,40.72966729392978,-73.98067966103554,285799
2019-12-09,40.73181401720966,-73.95995020866394,285800
2019-12-09,40.72577,-73.94173,285800
2019-12-09,40.72966729392978,-73.98067966103554,285801
2019-12-09,40.72453734,-73.98185424,285801
2019-12-09,40.74734825,-73.99723551,285802
2019-12-09,40.74177603,-74.00149746,285802
2019-12-09,40.74334935,-74.00681753,285803
2019-12-09,40.7505853470215,-73.9946848154068,285803
2019-12-09,40.768254,-73.988639,285804
2019-12-09,40.7462009,-73.98855723,285804
2019-12-09,40.75640548,-73.9900262,285805
2019-12-09,40.76068327096592,-73.9845272898674,285805
2019-12-09,40.7451677,-73.98683077,285806
2019-12-09,40.751581,-73.97791,285806
2019-12-09,40.70255088,-73.98940236,285807
2019-12-09,40.69241829257847,-73.98949474096298,285807
2019-12-09,40.74334935,-74.00681753,285808
2019-12-09,40.70355377,-74.00670227,285808
2019-12-09,40.73047309,-73.98672378,285809
2019-12-09,40.72621788,-73.98379855,285809
2019-12-09,40.751396,-74.005226,285810
2019-12-09,40.751551,-73.993934,285810
2019-12-09,40.74334935,-74.00681753,285811
2019-12-09,40.72779126,-73.98564945,285811
2019-12-09,40.72362738,-73.99949601,285812
2019-12-09,40.72217444,-73.98368779,285812
2019-12-09,40.752269,-73.982079,285813
2019-12-09,40.734232,-73.986923,285813
2019-12-09,40.6793307,-73.97519523,285814
2019-12-09,40.6703837,-73.97839676,285814
2019-12-09,40.74734825,-73.99723551,285815
2019-12-09,40.751581,-73.97791,285815
2019-12-09,40.734232,-73.986923,285816
2019-12-09,40.71605866,-73.99190759,285816
2019-12-09,40.75724567911726,-73.97805914282799,285817
2019-12-09,40.75513557,-73.98658032,285817
2019-12-09,40.70355377,-74.00670227,285818
2019-12-09,40.72740794,-73.98142006,285818
2019-12-09,40.73944820130404,-74.00507032871246,285819
2019-12-09,40.74487634,-73.99529885,285819
2019-12-09,40.69236178,-73.98631746,285820
2019-12-09,40.69072549,-73.95133465,285820
2019-12-09,40.728846,-74.008591,285821
2019-12-09,40.72307749068673,-73.98583620786667,285821
2019-12-09,40.751396,-74.005226,285822
2019-12-09,40.751873,-73.977706,285822
2019-12-09,40.7829391,-73.9786517,285823
2019-12-09,40.7770575,-73.97898475,285823
2019-12-09,40.7462009,-73.98855723,285824
2019-12-09,40.74394314,-73.97966069,285824
2019-12-09,40.702461,-73.986842,285825
2019-12-09,40.6795766,-73.97854971,285825
2019-12-09,40.77896784,-73.97374737,285826
2019-12-09,40.77896784,-73.97374737,285826
2019-12-09,40.722103786686034,-73.99724900722504,285827
2019-12-09,40.722055,-73.989111,285827
2019-12-09,40.73020660529954,-73.99102628231049,285828
2019-12-09,40.736502,-73.97809472,285828
2019-12-09,40.72743423,-73.99379025,285829
2019-12-09,40.72966729392978,-73.98067966103554,285829
2019-12-09,40.75510267,-73.97498696,285830
2019-12-09,40.7489006,-73.97604882,285830
2019-12-09,40.73020660529954,-73.99102628231049,285831
2019-12-09,40.73172428,-74.00674436,285831
2019-12-09,40.7724607,-73.9468208,285832
2019-12-09,40.70463,-74.01507,285832
2019-12-09,40.72903917,-73.99404649,285833
2019-12-09,40.72453734,-73.98185424,285833
2019-12-09,40.74734825,-73.99723551,285834
2019-12-09,40.7919557,-73.968087,285834
2019-12-09,40.6685455,-73.99333264,285835
2019-12-09,40.6686627,-73.97988067,285835
2019-12-09,40.74311555376486,-73.98215353488922,285836
2019-12-09,40.749156,-73.9916,285836
2019-12-09,40.71910537,-73.99973337,285837
2019-12-09,40.72299208,-73.97995466,285837
2019-12-09,40.72405549,-74.00965965,285838
2019-12-09,40.73912601,-73.97973776,285838
2019-12-09,40.72494672359416,-74.00165855884552,285839
2019-12-09,40.72966729392978,-73.98067966103554,285839
2019-12-09,40.69196566,-73.9813018,285840
2019-12-09,40.69196035,-73.96536851,285840
2019-12-09,40.746745,-74.007756,285841
2019-12-09,40.74475148,-73.99915362,285841
2019-12-09,40.7801839724239,-73.97728532552719,285842
2019-12-09,40.79406660818552,-73.96286845207214,285842
2019-12-09,40.74317449,-74.00366443,285843
2019-12-09,40.73912601,-73.97973776,285843
2019-12-09,40.72456089,-73.99565293,285844
2019-12-09,40.72299208,-73.97995466,285844
2019-12-09,40.749717753,-74.002950346,285845
2019-12-09,40.73935542,-73.99931783,285845
2019-12-09,40.7403432,-73.98955109,285846
2019-12-09,40.73704984,-73.99009296,285846
2019-12-09,40.70905623,-74.01043382,285847
2019-12-09,40.717571,-74.005549,285847
2019-12-09,40.680342423,-73.9557689392,285848
2019-12-09,40.6765198,-73.9596082,285848
2019-12-09,40.70355377,-74.00670227,285849
2019-12-09,40.70955958,-74.00653609,285849
2019-12-09,40.73535398,-74.00483091,285850
2019-12-09,40.73827428,-73.98751968,285850
2019-12-09,40.770513,-73.988038,285851
2019-12-09,40.77748046,-73.98288594,285851
2019-12-09,40.711512,-74.015756,285852
2019-12-09,40.74238787,-73.99726235,285852
2019-12-09,40.72456089,-73.99565293,285853
2019-12-09,40.72307749068673,-73.98583620786667,285853
2019-12-09,40.73726186,-73.99238967,285854
2019-12-09,40.74286877312112,-73.98918628692627,285854
2019-12-09,40.72307749068673,-73.98583620786667,285855
2019-12-09,40.736502,-73.97809472,285855
2019-12-09,40.70955958,-74.00653609,285856
2019-12-09,40.730563,-73.973984,285856
2019-12-09,40.7361967,-74.00859207,285857
2019-12-09,40.74173969,-73.99415556,285857
2019-12-09,40.7903051,-73.94755757,285858
2019-12-09,40.7869946,-73.94164802,285858
2019-12-09,40.74311555376486,-73.98215353488922,285859
2019-12-09,40.7381765,-73.97738662,285859
2019-12-09,40.73291553,-74.00711384,285860
2019-12-09,40.718822,-73.99596,285860
2019-12-09,40.69196566,-73.9813018,285861
2019-12-09,40.69308257,-73.97178913,285861
2019-12-09,40.75038009,-73.98338988,285862
2019-12-09,40.7505853470215,-73.9946848154068,285862
2019-12-09,40.7505853470215,-73.9946848154068,285863
2019-12-09,40.74290902,-73.97706058,285863
2019-12-09,40.73020660529954,-73.99102628231049,285864
2019-12-09,40.72521311,-73.97768752,285864
2019-12-09,40.70905623,-74.01043382,285865
2019-12-09,40.71413089,-73.9970468,285865
2019-12-09,40.71291224,-74.01020234,285866
2019-12-09,40.69241829257847,-73.98949474096298,285866
2019-12-09,40.809725,-73.953149,285867
2019-12-09,40.805159,-73.954692,285867
2019-12-09,40.751396,-74.005226,285868
2019-12-09,40.7505853470215,-73.9946848154068,285868
2019-12-09,40.734814,-73.992085,285869
2019-12-09,40.73381219196632,-73.98054420948029,285869
2019-12-09,40.71748752,-74.0104554,285870
2019-12-09,40.71291224,-74.01020234,285870
2019-12-09,40.72706363348306,-73.99662137031554,285871
2019-12-09,40.73535398,-74.00483091,285871
2019-12-09,40.752269,-73.982079,285872
2019-12-09,40.73221853,-73.98165557,285872
2019-12-09,40.71754834,-74.01322069,285873
2019-12-09,40.75828065,-73.97069431,285873
2019-12-09,40.74487634,-73.99529885,285874
2019-12-09,40.74691959,-74.00451887,285874
2019-12-09,40.7457121,-73.98194829,285875
2019-12-09,40.75066386,-74.00176802,285875
2019-12-09,40.72317958,-73.99480012,285876
2019-12-09,40.71911552,-74.00666661,285876
2019-12-09,40.71286844,-73.95698119,285877
2019-12-09,40.72079821,-73.95484712,285877
2019-12-09,40.7208736,-73.98085795,285878
2019-12-09,40.72743423,-73.99379025,285878
2019-12-09,40.71044554,-73.96525063,285879
2019-12-09,40.70924826276157,-73.96063148975372,285879
2019-12-09,40.71450451,-74.00562789,285880
2019-12-09,40.76009437,-73.99461843,285880
2019-12-09,40.72405549,-74.00965965,285881
2019-12-09,40.74691959,-74.00451887,285881
2019-12-09,40.72521311,-73.97768752,285882
2019-12-09,40.71559509,-73.9870295,285882
2019-12-09,40.688417427540834,-73.98451656103134,285883
2019-12-09,40.68962188790333,-73.98304268717766,285883
2019-12-09,40.75001986,-73.96905301,285884
2019-12-09,40.74173969,-73.99415556,285884
2019-12-09,40.7711528,-73.9170074,285885
2019-12-09,40.7633589,-73.9286471,285885
2019-12-09,40.75323098,-73.97032517,285886
2019-12-09,40.751047,-73.93797,285886
2019-12-09,40.71816969454208,-73.95520135760307,285887
2019-12-09,40.72084,-73.94844,285887
2019-12-09,40.6750207,-73.97111473,285888
2019-12-09,40.668132,-73.97363831,285888
2019-12-09,40.70708701,-73.95796783,285889
2019-12-09,40.707644944175705,-73.96841526031494,285889
2019-12-09,40.743,-73.93561,285890
2019-12-09,40.74718234,-73.9432635,285890
2019-12-09,40.7505853470215,-73.9946848154068,285891
2019-12-09,40.74311555376486,-73.98215353488922,285891
2019-12-09,40.71910537,-73.99973337,285892
2019-12-09,40.72299208,-73.97995466,285892
2019-12-09,40.72456089,-73.99565293,285893
2019-12-09,40.72299208,-73.97995466,285893
2019-12-09,40.73971301,-73.99456405,285894
2019-12-09,40.754691750226016,-73.99740189313889,285894
2019-12-09,40.722103786686034,-73.99724900722504,285895
2019-12-09,40.724308321602166,-74.00473035871983,285895
2019-12-09,40.70365182,-74.01167797,285896
2019-12-09,40.70905623,-74.01043382,285896
2019-12-09,40.7381765,-73.97738662,285897
2019-12-09,40.72521311,-73.97768752,285897
2019-12-09,40.74177603,-74.00149746,285898
2019-12-09,40.74691959,-74.00451887,285898
2019-12-09,40.6859296,-74.00242364,285899
2019-12-09,40.6867443,-73.99063168,285899
2019-12-09,40.761573,-73.972628,285900
2019-12-09,40.79017948095081,-73.97288918495178,285900
2019-12-09,40.73143724085228,-73.99490341544151,285901
2019-12-09,40.73454567,-73.99074142,285901
2019-12-09,40.75466591,-73.99138152,285902
2019-12-09,40.741459,-73.983293,285902
2019-12-09,40.73827428,-73.98751968,285903
2019-12-09,40.71334184275907,-74.00935515761375,285903
2019-12-09,40.70355377,-74.00670227,285904
2019-12-09,40.71173107,-73.99193043,285904
2019-12-09,40.74173969,-73.99415556,285905
2019-12-09,40.73381219196632,-73.98054420948029,285905
2019-12-09,40.75594159,-74.0021163,285906
2019-12-09,40.76087502,-74.00277668,285906
2019-12-09,40.752165280621966,-73.97992193698882,285907
2019-12-09,40.73624527,-73.98473765,285907
2019-12-09,40.695065,-73.987167,285908
2019-12-09,40.69760127,-73.99344559,285908
2019-12-09,40.8014866,-73.9442507,285909
2019-12-09,40.808442,-73.9452087,285909
2019-12-09,40.74394314,-73.97966069,285910
2019-12-09,40.71269042,-73.98776323,285910
2019-12-09,40.71285887,-73.96590294,285911
2019-12-09,40.71413311,-73.95234386,285911
2019-12-09,40.71816969454208,-73.95520135760307,285912
2019-12-09,40.72158,-73.94546,285912
2019-12-09,40.6831164,-73.99785267,285913
2019-12-09,40.6794388,-73.9680438,285913
2019-12-09,40.751551,-73.993934,285914
2019-12-09,40.74311555376486,-73.98215353488922,285914
2019-12-09,40.71117416,-74.00016545,285915
2019-12-09,40.73269,-73.98974,285915
2019-12-09,40.76227205,-73.98788205,285916
2019-12-09,40.73971301,-73.99456405,285916
2019-12-09,40.73181401720966,-73.95995020866394,285917
2019-12-09,40.72906,-73.95779,285917
2019-12-09,40.69535693320225,-73.99344027042389,285918
2019-12-09,40.68199044270703,-73.99079024791718,285918
2019-12-09,40.71485150526252,-74.01122331619263,285919
2019-12-09,40.71273266,-74.0046073,285919
2019-12-09,40.76727216,-73.99392888,285920
2019-12-09,40.75898481399634,-73.99379968643188,285920
2019-12-09,40.70140317257725,-73.98672670125961,285921
2019-12-09,40.69795031569544,-73.97077560424805,285921
2019-12-09,40.7457121,-73.98194829,285922
2019-12-09,40.749156,-73.9916,285922
2019-12-09,40.72706363348306,-73.99662137031554,285923
2019-12-09,40.73535398,-74.00483091,285923
2019-12-09,40.7454973,-74.00197139,285924
2019-12-09,40.7475739589548,-73.9788007736206,285924
2019-12-09,40.69241829257847,-73.98949474096298,285925
2019-12-09,40.68186,-73.959432,285925
2019-12-09,40.69236178,-73.98631746,285926
2019-12-09,40.716887,-73.963198,285926
2019-12-09,40.7462009,-73.98855723,285927
2019-12-09,40.73224119,-74.00026394,285927
2019-12-09,40.69241829257847,-73.98949474096298,285928
2019-12-09,40.6829151,-73.99318208,285928
2019-12-09,40.77966809007312,-73.98093044757842,285929
2019-12-09,40.78524672,-73.97667321,285929
2019-12-09,40.74096374,-73.98602213,285930
2019-12-09,40.73971301,-73.99456405,285930
2019-12-09,40.75510267,-73.97498696,285931
2019-12-09,40.75206862,-73.96784384,285931
2019-12-09,40.73454567,-73.99074142,285932
2019-12-09,40.72953837,-73.98426726,285932
2019-12-09,40.76344058,-73.98268129,285933
2019-12-09,40.770513,-73.988038,285933
2019-12-09,40.688417427540834,-73.98451656103134,285934
2019-12-09,40.68962188790333,-73.98304268717766,285934
2019-12-09,40.74901271,-73.98848395,285935
2019-12-09,40.746647,-73.993915,285935
2019-12-09,40.734232,-73.986923,285936
2019-12-09,40.74487634,-73.99529885,285936
2019-12-09,40.749717753,-74.002950346,285937
2019-12-09,40.74286877312112,-73.98918628692627,285937
2019-12-09,40.75455731,-73.96592976,285938
2019-12-09,40.78112229934166,-73.94965589046478,285938
2019-12-09,40.73781509,-73.99994661,285939
2019-12-09,40.72746420692392,-73.97950418293476,285939
2019-12-09,40.72743423,-73.99379025,285940
2019-12-09,40.7208736,-73.98085795,285940
2019-12-09,40.74177603,-74.00149746,285941
2019-12-09,40.666287,-73.98895053,285941
2019-12-09,40.76009437,-73.99461843,285942
2019-12-09,40.754120810779256,-73.98025184869766,285942
2019-12-09,40.75510267,-73.97498696,285943
2019-12-09,40.75640548,-73.9900262,285943
2019-12-09,40.7689738,-73.95482273,285944
2019-12-09,40.77314236,-73.95856158,285944
2019-12-09,40.75038009,-73.98338988,285945
2019-12-09,40.72453734,-73.98185424,285945
2019-12-09,40.75513557,-73.98658032,285946
2019-12-09,40.751551,-73.993934,285946
2019-12-09,40.74311555376486,-73.98215353488922,285947
2019-12-09,40.730563,-73.973984,285947
2019-12-09,40.7505853470215,-73.9946848154068,285948
2019-12-09,40.69128258,-73.9452416,285948
2019-12-09,40.75513557,-73.98658032,285949
2019-12-09,40.75455731,-73.96592976,285949
2019-12-09,40.710451,-73.960876,285950
2019-12-09,40.71816969454208,-73.95520135760307,285950
2019-12-09,40.70838,-74.00495,285951
2019-12-09,40.71307916,-73.99851193,285951
2019-12-09,40.71910537,-73.99973337,285952
2019-12-09,40.73726186,-73.99238967,285952
2019-12-09,40.736502,-73.97809472,285953
2019-12-09,40.72951496224949,-73.99075269699097,285953
2019-12-09,40.81028506306003,-73.95736455917358,285954
2019-12-09,40.8114323,-73.9518776,285954
2019-12-09,40.75466591,-73.99138152,285955
2019-12-09,40.75097711,-73.98765428,285955
2019-12-09,40.707873,-74.00167,285956
2019-12-09,40.71173107,-73.99193043,285956
2019-12-09,40.73143724085228,-73.99490341544151,285957
2019-12-09,40.734814,-73.992085,285957
2019-12-09,40.74286877312112,-73.98918628692627,285958
2019-12-09,40.76370739,-73.9851615,285958
2019-12-09,40.694546087246025,-73.95801365375519,285959
2019-12-09,40.6803560840434,-73.9476791024208,285959
2019-12-09,40.7277140777778,-74.01129573583603,285960
2019-12-09,40.70463,-74.01507,285960
2019-12-09,40.73038599,-74.00214988,285961
2019-12-09,40.7361967,-74.00859207,285961
2019-12-09,40.741459,-73.983293,285962
2019-12-09,40.74901271,-73.98848395,285962
2019-12-09,40.7403432,-73.98955109,285963
2019-12-09,40.74290902,-73.97706058,285963
2019-12-09,40.74780373,-73.9734419,285964
2019-12-09,40.75455731,-73.96592976,285964
2019-12-09,40.7505853470215,-73.9946848154068,285965
2019-12-09,40.74734825,-73.99723551,285965
2019-12-09,40.76350532,-73.97109243,285966
2019-12-09,40.78499979,-73.97283406,285966
2019-12-09,40.78414472,-73.98362492,285967
2019-12-09,40.78057799010334,-73.98562431335449,285967
2019-12-09,40.7597108,-73.97402311,285968
2019-12-09,40.76344058,-73.98268129,285968
2019-12-09,40.73038599,-74.00214988,285969
2019-12-09,40.73172428,-74.00674436,285969
2019-12-09,40.7153379,-74.01658354,285970
2019-12-09,40.69308257,-73.97178913,285970
2019-12-09,40.805973,-73.964928,285971
2019-12-09,40.8038654,-73.9559308,285971
2019-12-09,40.75019995,-73.99093085,285972
2019-12-09,40.74096374,-73.98602213,285972
2019-12-09,40.73827428,-73.98751968,285973
2019-12-09,40.75066386,-74.00176802,285973
2019-12-09,40.73912601,-73.97973776,285974
2019-12-09,40.749156,-73.9916,285974
2019-12-09,40.8067581,-73.9607082,285975
2019-12-09,40.778301,-73.9488134,285975
2019-12-09,40.77149671054441,-73.99046033620834,285976
2019-12-09,40.7575699,-73.99098507,285976
2019-12-09,40.688417427540834,-73.98451656103134,285977
2019-12-09,40.68962188790333,-73.98304268717766,285977
2019-12-09,40.72019521437465,-74.0103006362915,285978
2019-12-09,40.72066442,-73.98517977,285978
2019-12-09,40.7361967,-74.00859207,285979
2019-12-09,40.71754834,-74.01322069,285979
2019-12-09,40.74964,-73.98805,285980
2019-12-09,40.768254,-73.988639,285980
2019-12-09,40.71450451,-74.00562789,285981
2019-12-09,40.71850211,-73.98329859,285981
2019-12-09,40.7675487799971,-73.9209334552288,285982
2019-12-09,40.763154,-73.920827,285982
2019-12-09,40.751551,-73.993934,285983
2019-12-09,40.749717753,-74.002950346,285983
2019-12-09,40.724308321602166,-74.00473035871983,285984
2019-12-09,40.73047747,-73.99906065,285984
2019-12-09,40.74290902,-73.97706058,285985
2019-12-09,40.72299208,-73.97995466,285985
2019-12-09,40.73020660529954,-73.99102628231049,285986
2019-12-09,40.73944820130404,-74.00507032871246,285986
2019-12-09,40.7435337324616,-74.00367558002472,285987
2019-12-09,40.749717753,-74.002950346,285987
2019-12-09,40.695065,-73.987167,285988
2019-12-09,40.6829151,-73.99318208,285988
2019-12-09,40.751396,-74.005226,285989
2019-12-09,40.738046142482766,-73.99642959237099,285989
2019-12-09,40.72494672359416,-74.00165855884552,285990
2019-12-09,40.72746420692392,-73.97950418293476,285990
2019-12-09,40.73047747,-73.99906065,285991
2019-12-09,40.7208736,-73.98085795,285991
2019-12-09,40.75097711,-73.98765428,285992
2019-12-09,40.75640548,-73.9900262,285992
2019-12-09,40.72903917,-73.99404649,285993
2019-12-09,40.72019576,-73.98997825,285993
2019-12-09,40.74322681432173,-73.97449783980846,285994
2019-12-09,40.74765947,-73.98490707,285994
2019-12-09,40.71273266,-74.0046073,285995
2019-12-09,40.7505853470215,-73.9946848154068,285995
2019-12-09,40.75513557,-73.98658032,285996
2019-12-09,40.72217444,-73.98368779,285996
2019-12-09,40.6867443,-73.99063168,285997
2019-12-09,40.68199044270703,-73.99079024791718,285997
2019-12-09,40.752269,-73.982079,285998
2019-12-09,40.74901271,-73.98848395,285998
2019-12-09,40.734232,-73.986923,285999
2019-12-09,40.71605866,-73.99190759,285999
2019-12-09,40.70355377,-74.00670227,286000
2019-12-09,40.71559509,-73.9870295,286000
2019-12-09,40.74444921,-73.98303529,286001
2019-12-09,40.73971301,-73.99456405,286001
2019-12-09,40.76132983124814,-73.97982001304626,286002
2019-12-09,40.749156,-73.9916,286002
2019-12-09,40.76727216,-73.99392888,286003
2019-12-09,40.75929124,-73.98859651,286003
2019-12-09,40.735367055605394,-73.98797392845154,286004
2019-12-09,40.73221853,-73.98165557,286004
2019-12-09,40.70029511,-73.95032283,286005
2019-12-09,40.69610226,-73.96751037,286005
2019-12-09,40.749156,-73.9916,286006
2019-12-09,40.746745,-74.007756,286006
2019-12-09,40.75992262,-73.97648516,286007
2019-12-09,40.77492513,-73.98266566,286007
2019-12-09,40.68691865,-73.976682,286008
2019-12-09,40.68382604,-73.97632328,286008
2019-12-09,40.75934501,-73.96759673,286009
2019-12-09,40.768254,-73.988639,286009
2019-12-09,40.76019252,-73.9912551,286010
2019-12-09,40.736502,-73.97809472,286010
2019-12-09,40.739323,-74.008119,286011
2019-12-09,40.7390169121,-74.0026376103,286011
2019-12-09,40.73944820130404,-74.00507032871246,286012
2019-12-09,40.73971301,-73.99456405,286012
2019-12-09,40.751873,-73.977706,286013
2019-12-09,40.74394314,-73.97966069,286013
2019-12-09,40.7597108,-73.97402311,286014
2019-12-09,40.75510267,-73.97498696,286014
2019-12-09,40.695065,-73.987167,286015
2019-12-09,40.69760127,-73.99344559,286015
2019-12-09,40.7451677,-73.98683077,286016
2019-12-09,40.751873,-73.977706,286016
2019-12-09,40.751551,-73.993934,286017
2019-12-09,40.751873,-73.977706,286017
2019-12-09,40.7403432,-73.98955109,286018
2019-12-09,40.76269882,-73.99301222,286018
2019-12-09,40.76800889305947,-73.96845281124115,286019
2019-12-09,40.77282817,-73.96685276,286019
2019-12-09,40.72456089,-73.99565293,286020
2019-12-09,40.72779126,-73.98564945,286020
2019-12-09,40.8109494,-73.9634,286021
2019-12-09,40.7997568,-73.9621128676,286021
2019-12-09,40.710451,-73.960876,286022
2019-12-09,40.72743423,-73.99379025,286022
2019-12-09,40.73226398,-73.99852205,286023
2019-12-09,40.73020660529954,-73.99102628231049,286023
2019-12-09,40.74691959,-74.00451887,286024
2019-12-09,40.7505853470215,-73.9946848154068,286024
2019-12-09,40.71406667,-73.99293911,286025
2019-12-09,40.72740794,-73.98142006,286025
2019-12-09,40.752165280621966,-73.97992193698882,286026
2019-12-09,40.72779126,-73.98564945,286026
2019-12-09,40.724308321602166,-74.00473035871983,286027
2019-12-09,40.7153379,-74.01658354,286027
2019-12-09,40.749717753,-74.002950346,286028
2019-12-09,40.730563,-73.973984,286028
2019-12-09,40.75097711,-73.98765428,286029
2019-12-09,40.76087502,-74.00277668,286029
2019-12-09,40.73912601,-73.97973776,286030
2019-12-09,40.751581,-73.97791,286030
2019-12-09,40.70140317257725,-73.98672670125961,286031
2019-12-09,40.69795031569544,-73.97077560424805,286031
2019-12-09,40.76227205,-73.98788205,286032
2019-12-09,40.74290902,-73.97706058,286032
2019-12-09,40.724308321602166,-74.00473035871983,286033
2019-12-09,40.71745169,-73.95850939,286033
2019-12-09,40.72217444,-73.98368779,286034
2019-12-09,40.72743423,-73.99379025,286034
2019-12-09,40.789622,-73.97757,286035
2019-12-09,40.7941654,-73.974124,286035
2019-12-09,40.7882213,-73.97041561,286036
2019-12-09,40.77966809007312,-73.98093044757842,286036
2019-12-09,40.69239502,-73.99337909,286037
2019-12-09,40.6881529,-73.99520919,286037
2019-12-09,40.73291553,-74.00711384,286038
2019-12-09,40.73401143,-74.00293877,286038
2019-12-09,40.707873,-74.00167,286039
2019-12-09,40.7190095,-73.95852515,286039
2019-12-09,40.70463,-74.01507,286040
2019-12-09,40.71754834,-74.01322069,286040
2019-12-09,40.75066386,-74.00176802,286041
2019-12-09,40.74395411,-73.99144871,286041
2019-12-09,40.69239502,-73.99337909,286042
2019-12-09,40.69165183,-73.9999786,286042
2019-12-09,40.730563,-73.973984,286043
2019-12-09,40.72521311,-73.97768752,286043
2019-12-09,40.7262807,-73.98978041,286044
2019-12-09,40.72229346,-73.99147535,286044
2019-12-09,40.71291224,-74.01020234,286045
2019-12-09,40.74311555376486,-73.98215353488922,286045
2019-12-09,40.68841,-73.979458,286046
2019-12-09,40.69196035,-73.96536851,286046
2019-12-09,40.74691959,-74.00451887,286047
2019-12-09,40.7403432,-73.98955109,286047
2019-12-09,40.75934501,-73.96759673,286048
2019-12-09,40.72066442,-73.98517977,286048
2019-12-09,40.75019995,-73.99093085,286049
2019-12-09,40.77801203,-73.95407149,286049
2019-12-09,40.72779126,-73.98564945,286050
2019-12-09,40.73331967,-73.99510132,286050
2019-12-09,40.73172428,-74.00674436,286051
2019-12-09,40.71605866,-73.99190759,286051
2019-12-09,40.73331967,-73.99510132,286052
2019-12-09,40.72453734,-73.98185424,286052
2019-12-09,40.75640548,-73.9900262,286053
2019-12-09,40.7839636,-73.9471673,286053
2019-12-09,40.688417427540834,-73.98451656103134,286054
2019-12-09,40.68962188790333,-73.98304268717766,286054
2019-12-09,40.734814,-73.992085,286055
2019-12-09,40.72228087,-73.97668709,286055
2019-12-09,40.72903917,-73.99404649,286056
2019-12-09,40.76370739,-73.9851615,286056
2019-12-09,40.7451677,-73.98683077,286057
2019-12-09,40.75066386,-74.00176802,286057
2019-12-09,40.74096374,-73.98602213,286058
2019-12-09,40.72621788,-73.98379855,286058
2019-12-09,40.74394314,-73.97966069,286059
2019-12-09,40.744219,-73.97121214,286059
2019-12-09,40.7451677,-73.98683077,286060
2019-12-09,40.73314259,-73.97573881,286060
2019-12-09,40.69196035,-73.96536851,286061
2019-12-09,40.73266,-73.95826,286061
2019-12-09,40.69527008,-73.95238108,286062
2019-12-09,40.70538077,-73.94976519,286062
2019-12-09,40.71427487,-73.98990025,286063
2019-12-09,40.71413089,-73.9970468,286063
2019-12-09,40.7612274,-73.96094022,286064
2019-12-09,40.7728384,-73.94989233,286064
2019-12-09,40.70140317257725,-73.98672670125961,286065
2019-12-09,40.714211,-73.981095,286065
2019-12-09,40.7546011026,-73.971878855,286066
2019-12-09,40.75513557,-73.98658032,286066
2019-12-09,40.8067581,-73.9607082,286067
2019-12-09,40.804213,-73.96699104,286067
2019-12-09,40.75001986,-73.96905301,286068
2019-12-09,40.749156,-73.9916,286068
2019-12-09,40.70838,-74.00495,286069
2019-12-09,40.71117444,-73.99682619,286069
2019-12-09,40.751873,-73.977706,286070
2019-12-09,40.76360467795863,-73.98917958140373,286070
2019-12-09,40.76019252,-73.9912551,286071
2019-12-09,40.754120810779256,-73.98025184869766,286071
2019-12-09,40.707644944175705,-73.96841526031494,286072
2019-12-09,40.697787,-73.973736,286072
2019-12-09,40.741459,-73.983293,286073
2019-12-09,40.75466591,-73.99138152,286073
2019-12-09,40.71273266,-74.0046073,286074
2019-12-09,40.72779126,-73.98564945,286074
2019-12-09,40.7158155,-73.99422366,286075
2019-12-09,40.70140317257725,-73.98672670125961,286075
2019-12-09,40.74691959,-74.00451887,286076
2019-12-09,40.751873,-73.977706,286076
2019-12-09,40.72248188638219,-73.95921930670738,286077
2019-12-09,40.71745169,-73.95850939,286077
2019-12-09,40.71745169,-73.95850939,286078
2019-12-09,40.71286844,-73.95698119,286078
2019-12-09,40.6750207,-73.97111473,286079
2019-12-09,40.668132,-73.97363831,286079
2019-12-09,40.77492513,-73.98266566,286080
2019-12-09,40.73454567,-73.99074142,286080
2019-12-09,40.72243797,-74.00566443,286081
2019-12-09,40.71924,-73.95242,286081
2019-12-09,40.71939226,-74.00247214,286082
2019-12-09,40.713126,-73.984844,286082
2019-12-09,40.73555,-73.95284,286083
2019-12-09,40.72708584,-73.95299117,286083
2019-12-09,40.75001986,-73.96905301,286084
2019-12-09,40.72746420692392,-73.97950418293476,286084
2019-12-09,40.754120810779256,-73.98025184869766,286085
2019-12-09,40.78499979,-73.97283406,286085
2019-12-09,40.735367055605394,-73.98797392845154,286086
2019-12-09,40.74311555376486,-73.98215353488922,286086
2019-12-09,40.69610226,-73.96751037,286087
2019-12-09,40.6741806,-73.9564947,286087
2019-12-09,40.77149671054441,-73.99046033620834,286088
2019-12-09,40.751551,-73.993934,286088
2019-12-09,40.73971301,-73.99456405,286089
2019-12-09,40.738046142482766,-73.99642959237099,286089
2019-12-09,40.741459,-73.983293,286090
2019-12-09,40.74394314,-73.97966069,286090
2019-12-09,40.7457121,-73.98194829,286091
2019-12-09,40.749156,-73.9916,286091
2019-12-09,40.70224,-73.982578,286092
2019-12-09,40.69795031569544,-73.97077560424805,286092
2019-12-09,40.680611,-73.99475825,286093
2019-12-09,40.6773429,-74.01275056,286093
2019-12-09,40.76227205,-73.98788205,286094
2019-12-09,40.75001986,-73.96905301,286094
2019-12-09,40.72917025,-73.99810231,286095
2019-12-09,40.717571,-74.005549,286095
2019-12-09,40.720747,-73.986274,286096
2019-12-09,40.713126,-73.984844,286096
2019-12-09,40.69985,-73.97141,286097
2019-12-09,40.71285887,-73.96590294,286097
2019-12-09,40.7403432,-73.98955109,286098
2019-12-09,40.736502,-73.97809472,286098
2019-12-09,40.744219,-73.97121214,286099
2019-12-09,40.73266,-73.95826,286099
2019-12-09,40.717571,-74.005549,286100
2019-12-09,40.73587678,-73.98205027,286100
2019-12-09,40.75594159,-74.0021163,286101
2019-12-09,40.777507027547976,-73.98888587951659,286101
2019-12-09,40.75513557,-73.98658032,286102
2019-12-09,40.76227205,-73.98788205,286102
2019-12-09,40.72453734,-73.98185424,286103
2019-12-09,40.71622644,-73.98261206,286103
2019-12-09,40.735367055605394,-73.98797392845154,286104
2019-12-09,40.73624527,-73.98473765,286104
2019-12-09,40.75172632,-73.98753523,286105
2019-12-09,40.752165280621966,-73.97992193698882,286105
2019-12-09,40.680944723477296,-73.97567331790923,286106
2019-12-09,40.69839895,-73.98068914,286106
2019-12-09,40.74334935,-74.00681753,286107
2019-12-09,40.74734825,-73.99723551,286107
2019-12-09,40.72110063,-73.9919254,286108
2019-12-09,40.72521311,-73.97768752,286108
2019-12-09,40.703545,-73.917775,286109
2019-12-09,40.70577,-73.91292,286109
2019-12-09,40.7734066,-73.97782542,286110
2019-12-09,40.76590936,-73.97634151,286110
2019-12-09,40.70365182,-74.01167797,286111
2019-12-09,40.70355377,-74.00670227,286111
2019-12-09,40.8025566,-73.9490782,286112
2019-12-09,40.8013066,-73.9398167,286112
2019-12-09,40.71291224,-74.01020234,286113
2019-12-09,40.71427487,-73.98990025,286113
2019-12-09,40.739323,-74.008119,286114
2019-12-09,40.7505853470215,-73.9946848154068,286114
2019-12-09,40.6728155,-73.98352355,286115
2019-12-09,40.6741806,-73.9564947,286115
2019-12-09,40.7919557,-73.968087,286116
2019-12-09,40.7919557,-73.968087,286116
2019-12-09,40.72743423,-73.99379025,286117
2019-12-09,40.71910537,-73.99973337,286117
2019-12-09,40.68753406,-73.97265183,286118
2019-12-09,40.68962188790333,-73.98304268717766,286118
2019-12-09,40.73020660529954,-73.99102628231049,286119
2019-12-09,40.74290902,-73.97706058,286119
2019-12-09,40.72362738,-73.99949601,286120
2019-12-09,40.73532427,-73.99800419,286120
2019-12-09,40.7770575,-73.97898475,286121
2019-12-09,40.76780080148132,-73.96592080593109,286121
2019-12-09,40.74290902,-73.97706058,286122
2019-12-09,40.7457121,-73.98194829,286122
2019-12-09,40.71893904,-73.99266288,286123
2019-12-09,40.71413089,-73.9970468,286123
2019-12-09,40.7987859,-73.9523,286124
2019-12-09,40.7954121,-73.9441232,286124
2019-12-09,40.734814,-73.992085,286125
2019-12-09,40.73454567,-73.99074142,286125
2019-12-09,40.7158155,-73.99422366,286126
2019-12-09,40.7667405590595,-73.9790689945221,286126
2019-12-09,40.6769993,-74.00647134,286127
2019-12-09,40.6769993,-74.00647134,286127
2019-12-09,40.751551,-73.993934,286128
2019-12-09,40.74238787,-73.99726235,286128
2019-12-09,40.76132983124814,-73.97982001304626,286129
2019-12-09,40.76087502,-74.00277668,286129
2019-12-09,40.73232194,-73.9550858,286130
2019-12-09,40.72606,-73.95621,286130
2019-12-09,40.78307,-73.95939,286131
2019-12-09,40.781410700190015,-73.95595908164978,286131
2019-12-09,40.72229346,-73.99147535,286132
2019-12-09,40.72299208,-73.97995466,286132
2019-12-09,40.72779126,-73.98564945,286133
2019-12-09,40.73226398,-73.99852205,286133
2019-12-09,40.73726186,-73.99238967,286134
2019-12-09,40.75660359,-73.9979009,286134
2019-12-09,40.71870987,-74.0090009,286135
2019-12-09,40.7153379,-74.01658354,286135
2019-12-09,40.75929124,-73.98859651,286136
2019-12-09,40.74173969,-73.99415556,286136
2019-12-09,40.71413089,-73.9970468,286137
2019-12-09,40.73038599,-74.00214988,286137
2019-12-09,40.7656251,-73.9136695,286138
2019-12-09,40.7675487799971,-73.9209334552288,286138
2019-12-09,40.73704984,-73.99009296,286139
2019-12-09,40.72706363348306,-73.99662137031554,286139
2019-12-09,40.75594159,-74.0021163,286140
2019-12-09,40.77149671054441,-73.99046033620834,286140
2019-12-09,40.748,-73.9460927,286141
2019-12-09,40.745038,-73.957539,286141
2019-12-09,40.73291553,-74.00711384,286142
2019-12-09,40.74173969,-73.99415556,286142
2019-12-09,40.8109494,-73.9634,286143
2019-12-09,40.804213,-73.96699104,286143
2019-12-09,40.75022392,-73.97121414,286144
2019-12-09,40.76095756,-73.96724467,286144
2019-12-09,40.7892105,-73.94370784,286145
2019-12-09,40.81,-73.9551508,286145
2019-12-09,40.72746420692392,-73.97950418293476,286146
2019-12-09,40.75255434,-73.97282625,286146
2019-12-09,40.677236,-74.015665,286147
2019-12-09,40.6746957,-73.99785768,286147
2019-12-09,40.76030096,-73.99884222,286148
2019-12-09,40.751873,-73.977706,286148
2019-12-09,40.72243797,-74.00566443,286149
2019-12-09,40.71605866,-73.99190759,286149
2019-12-09,40.7652654,-73.98192338,286150
2019-12-09,40.7652654,-73.98192338,286150
2019-12-09,40.716887,-73.963198,286151
2019-12-09,40.71469,-73.95739,286151
2019-12-09,40.69236178,-73.98631746,286152
2019-12-09,40.68506807308177,-73.97790759801863,286152
2019-12-09,40.73944820130404,-74.00507032871246,286153
2019-12-09,40.751396,-74.005226,286153
2019-12-09,40.73454567,-73.99074142,286154
2019-12-09,40.7505853470215,-73.9946848154068,286154
2019-12-09,40.7403432,-73.98955109,286155
2019-12-09,40.72740794,-73.98142006,286155
2019-12-09,40.7462009,-73.98855723,286156
2019-12-09,40.7505853470215,-73.9946848154068,286156
2019-12-09,40.75724567911726,-73.97805914282799,286157
2019-12-09,40.751873,-73.977706,286157
2019-12-09,40.7047177,-74.00926027,286158
2019-12-09,40.71117444,-73.99682619,286158
2019-12-09,40.70530954,-74.00612572,286159
2019-12-09,40.72299208,-73.97995466,286159
2019-12-09,40.69795031569544,-73.97077560424805,286160
2019-12-09,40.68506807308177,-73.97790759801863,286160
2019-12-09,40.77149671054441,-73.99046033620834,286161
2019-12-09,40.77492513,-73.98266566,286161
2019-12-09,40.74286877312112,-73.98918628692627,286162
2019-12-09,40.749156,-73.9916,286162
2019-12-09,40.7849032,-73.950503,286163
2019-12-09,40.778301,-73.9488134,286163
2019-12-09,40.74322681432173,-73.97449783980846,286164
2019-12-09,40.75797322,-73.96603308,286164
2019-12-09,40.74322681432173,-73.97449783980846,286165
2019-12-09,40.74322681432173,-73.97449783980846,286165
2019-12-09,40.70122128,-74.01234218,286166
2019-12-09,40.70355377,-74.00670227,286166
2019-12-09,40.71494807,-74.00234482,286167
2019-12-09,40.71117416,-74.00016545,286167
2019-12-09,40.751873,-73.977706,286168
2019-12-09,40.71605866,-73.99190759,286168
2019-12-09,40.7457121,-73.98194829,286169
2019-12-09,40.75019995,-73.99093085,286169
2019-12-09,40.75038009,-73.98338988,286170
2019-12-09,40.73381219196632,-73.98054420948029,286170
2019-12-09,40.7403432,-73.98955109,286171
2019-12-09,40.71427487,-73.98990025,286171
2019-12-09,40.7643971,-73.97371465,286172
2019-12-09,40.75019995,-73.99093085,286172
2019-12-09,40.6861758,-73.99645295,286173
2019-12-09,40.6902375,-73.99203074,286173
2019-12-09,40.7462009,-73.98855723,286174
2019-12-09,40.74475148,-73.99915362,286174
2019-12-09,40.799139,-73.9389152,286175
2019-12-09,40.8038654,-73.9559308,286175
2019-12-09,40.76132983124814,-73.97982001304626,286176
2019-12-09,40.75019995,-73.99093085,286176
2019-12-09,40.75299641,-73.98721619,286177
2019-12-09,40.74290902,-73.97706058,286177
2019-12-09,40.6999974843885,-73.97440128028393,286178
2019-12-09,40.71413311,-73.95234386,286178
2019-12-09,40.6864442,-73.98759104,286179
2019-12-09,40.680611,-73.99475825,286179
2019-12-09,40.73624527,-73.98473765,286180
2019-12-09,40.72307749068673,-73.98583620786667,286180
2019-12-09,40.72502876,-73.99069656,286181
2019-12-09,40.73047309,-73.98672378,286181
2019-12-09,40.8109494,-73.9634,286182
2019-12-09,40.804038,-73.945925,286182
2019-12-09,40.7546011026,-73.971878855,286183
2019-12-09,40.76269882,-73.99301222,286183
2019-12-09,40.761584,-73.925921,286184
2019-12-09,40.7682,-73.9322662,286184
2019-12-09,40.73226398,-73.99852205,286185
2019-12-09,40.72903917,-73.99404649,286185
2019-12-09,40.70255088,-73.98940236,286186
2019-12-09,40.694281141397326,-73.99230033159256,286186
2019-12-09,40.7277140777778,-74.01129573583603,286187
2019-12-09,40.74275382865903,-74.00747358798981,286187
2019-12-09,40.75466591,-73.99138152,286188
2019-12-09,40.76030096,-73.99884222,286188
2019-12-09,40.70905623,-74.01043382,286189
2019-12-09,40.71602118,-73.99974372,286189
2019-12-09,40.7770575,-73.97898475,286190
2019-12-09,40.78499979,-73.97283406,286190
2019-12-09,40.75001986,-73.96905301,286191
2019-12-09,40.75019995,-73.99093085,286191
2019-12-09,40.76370739,-73.9851615,286192
2019-12-09,40.7770575,-73.97898475,286192
2019-12-09,40.754691750226016,-73.99740189313889,286193
2019-12-09,40.7403432,-73.98955109,286193
2019-12-09,40.76915505,-73.98191841,286194
2019-12-09,40.78307,-73.95939,286194
2019-12-09,40.7505853470215,-73.9946848154068,286195
2019-12-09,40.74734825,-73.99723551,286195
2019-12-09,40.72494672359416,-74.00165855884552,286196
2019-12-09,40.72229346,-73.99147535,286196
2019-12-09,40.71910537,-73.99973337,286197
2019-12-09,40.73944820130404,-74.00507032871246,286197
2019-12-09,40.74937024193277,-73.99923384189606,286198
2019-12-09,40.7390169121,-74.0026376103,286198
2019-12-09,40.70411791,-73.94818595,286199
2019-12-09,40.70870368,-73.9448625,286199
2019-12-09,40.7835016,-73.955327,286200
2019-12-09,40.77536905,-73.94803392,286200
2019-12-09,40.751873,-73.977706,286201
2019-12-09,40.73314259,-73.97573881,286201
2019-12-09,40.75001986,-73.96905301,286202
2019-12-09,40.72521311,-73.97768752,286202
2019-12-09,40.7728384,-73.94989233,286203
2019-12-09,40.77112927,-73.95772297,286203
2019-12-09,40.75066386,-74.00176802,286204
2019-12-09,40.7451677,-73.98683077,286204
2019-12-09,40.72917025,-73.99810231,286205
2019-12-09,40.73223272,-73.98889957,286205
2019-12-09,40.724308321602166,-74.00473035871983,286206
2019-12-09,40.71850211,-73.98329859,286206
2019-12-09,40.74096374,-73.98602213,286207
2019-12-09,40.751581,-73.97791,286207
2019-12-09,40.70530954,-74.00612572,286208
2019-12-09,40.70905623,-74.01043382,286208
2019-12-09,40.72951496224949,-73.99075269699097,286209
2019-12-09,40.72621788,-73.98379855,286209
2019-12-09,40.72243797,-74.00566443,286210
2019-12-09,40.71450451,-74.00562789,286210
2019-12-09,40.717571,-74.005549,286211
2019-12-09,40.73652889,-74.00618026,286211
2019-12-09,40.75323098,-73.97032517,286212
2019-12-09,40.76227205,-73.98788205,286212
2019-12-09,40.746647,-73.993915,286213
2019-12-09,40.74345335,-74.00004031,286213
2019-12-09,40.75828065,-73.97069431,286214
2019-12-09,40.77579376683666,-73.9762057363987,286214
2019-12-09,40.72494672359416,-74.00165855884552,286215
2019-12-09,40.72966729392978,-73.98067966103554,286215
2019-12-09,40.7457121,-73.98194829,286216
2019-12-09,40.736502,-73.97809472,286216
2019-12-09,40.72185379,-74.00771779,286217
2019-12-09,40.72453734,-73.98185424,286217
2019-12-09,40.749156,-73.9916,286218
2019-12-09,40.74096374,-73.98602213,286218
2019-12-09,40.73172428,-74.00674436,286219
2019-12-09,40.72066442,-73.98517977,286219
2019-12-09,40.75500254,-73.98014437,286220
2019-12-09,40.7489006,-73.97604882,286220
2019-12-09,40.73047747,-73.99906065,286221
2019-12-09,40.724308321602166,-74.00473035871983,286221
2019-12-09,40.76800889305947,-73.96845281124115,286222
2019-12-09,40.75724567911726,-73.97805914282799,286222
2019-12-09,40.73331967,-73.99510132,286223
2019-12-09,40.7284186,-73.98713956,286223
2019-12-09,40.72706363348306,-73.99662137031554,286224
2019-12-09,40.72217444,-73.98368779,286224
2019-12-09,40.73587678,-73.98205027,286225
2019-12-09,40.7403432,-73.98955109,286225
2019-12-09,40.722055,-73.989111,286226
2019-12-09,40.72740794,-73.98142006,286226
2019-12-09,40.72743423,-73.99379025,286227
2019-12-09,40.71427487,-73.98990025,286227
2019-12-09,40.73047309,-73.98672378,286228
2019-12-09,40.72456089,-73.99565293,286228
2019-12-09,40.7190095,-73.95852515,286229
2019-12-09,40.72606,-73.95621,286229
2019-12-09,40.70905623,-74.01043382,286230
2019-12-09,40.711066,-74.009447,286230
2019-12-09,40.73020660529954,-73.99102628231049,286231
2019-12-09,40.72779126,-73.98564945,286231
2019-12-09,40.745038,-73.957539,286232
2019-12-09,40.748,-73.9460927,286232
2019-12-09,40.7569332,-73.9262231,286233
2019-12-09,40.7701477,-73.9120938,286233
2019-12-09,40.70355377,-74.00670227,286234
2019-12-09,40.71173107,-73.99193043,286234
2019-12-09,40.72019521437465,-74.0103006362915,286235
2019-12-09,40.73291553,-74.00711384,286235
2019-12-09,40.73143724085228,-73.99490341544151,286236
2019-12-09,40.73624527,-73.98473765,286236
2019-12-09,40.76800889305947,-73.96845281124115,286237
2019-12-09,40.75929124,-73.98859651,286237
2019-12-09,40.73827428,-73.98751968,286238
2019-12-09,40.751873,-73.977706,286238
2019-12-09,40.735238,-74.000271,286239
2019-12-09,40.72779126,-73.98564945,286239
2019-12-09,40.751873,-73.977706,286240
2019-12-09,40.72706363348306,-73.99662137031554,286240
2019-12-09,40.73143724085228,-73.99490341544151,286241
2019-12-09,40.74290902,-73.97706058,286241
2019-12-09,40.72903917,-73.99404649,286242
2019-12-09,40.73331967,-73.99510132,286242
2019-12-09,40.76068327096592,-73.9845272898674,286243
2019-12-09,40.76341379,-73.99667444,286243
2019-12-09,40.71939226,-74.00247214,286244
2019-12-09,40.72229346,-73.99147535,286244
2019-12-09,40.71605866,-73.99190759,286245
2019-12-09,40.72229346,-73.99147535,286245
2019-12-09,40.722103786686034,-73.99724900722504,286246
2019-12-09,40.71559509,-73.9870295,286246
2019-12-09,40.749156,-73.9916,286247
2019-12-09,40.751873,-73.977706,286247
2019-12-09,40.73827428,-73.98751968,286248
2019-12-09,40.7381765,-73.97738662,286248
2019-12-09,40.71910537,-73.99973337,286249
2019-12-09,40.71291224,-74.01020234,286249
2019-12-09,40.72405549,-74.00965965,286250
2019-12-09,40.73269,-73.98974,286250
2019-12-09,40.728846,-74.008591,286251
2019-12-09,40.72953837,-73.98426726,286251
2019-12-09,40.7451677,-73.98683077,286252
2019-12-09,40.73535398,-74.00483091,286252
2019-12-09,40.76727216,-73.99392888,286253
2019-12-09,40.75929124,-73.98859651,286253
2019-12-09,40.7568001,-73.98291153,286254
2019-12-09,40.75019995,-73.99093085,286254
2019-12-09,40.71450451,-74.00562789,286255
2019-12-09,40.71173107,-73.99193043,286255
2019-12-09,40.754120810779256,-73.98025184869766,286256
2019-12-09,40.76360467795863,-73.98917958140373,286256
2019-12-09,40.76341379,-73.99667444,286257
2019-12-09,40.7505853470215,-73.9946848154068,286257
2019-12-09,40.76227205,-73.98788205,286258
2019-12-09,40.751551,-73.993934,286258
2019-12-09,40.7037992,-74.00838676,286259
2019-12-09,40.711066,-74.009447,286259
2019-12-09,40.73587678,-73.98205027,286260
2019-12-09,40.73827428,-73.98751968,286260
2019-12-09,40.6830456,-74.00348559,286261
2019-12-09,40.680611,-73.99475825,286261
2019-12-09,40.75206862,-73.96784384,286262
2019-12-09,40.77112927,-73.95772297,286262
2019-12-09,40.74290902,-73.97706058,286263
2019-12-09,40.74780373,-73.9734419,286263
2019-12-09,40.7568001,-73.98291153,286264
2019-12-09,40.75019995,-73.99093085,286264
2019-12-09,40.74322681432173,-73.97449783980846,286265
2019-12-09,40.7462009,-73.98855723,286265
2019-12-09,40.72019521437465,-74.0103006362915,286266
2019-12-09,40.7277140777778,-74.01129573583603,286266
2019-12-09,40.76341379,-73.99667444,286267
2019-12-09,40.76068327096592,-73.9845272898674,286267
2019-12-09,40.76068327096592,-73.9845272898674,286268
2019-12-09,40.76370739,-73.9851615,286268
2019-12-09,40.69795031569544,-73.97077560424805,286269
2019-12-09,40.680342423,-73.9557689392,286269
2019-12-09,40.73226398,-73.99852205,286270
2019-12-09,40.7403432,-73.98955109,286270
2019-12-09,40.749717753,-74.002950346,286271
2019-12-09,40.74734825,-73.99723551,286271
2019-12-09,40.74395411,-73.99144871,286272
2019-12-09,40.74734825,-73.99723551,286272
2019-12-09,40.73935542,-73.99931783,286273
2019-12-09,40.74173969,-73.99415556,286273
2019-12-09,40.77118287540658,-73.96409422159195,286274
2019-12-09,40.8021174,-73.9681805305,286274
2019-12-09,40.6794388,-73.9680438,286275
2019-12-09,40.6740123,-73.9671457,286275
2019-12-09,40.71559509,-73.9870295,286276
2019-12-09,40.71559509,-73.9870295,286276
2019-12-09,40.76341379,-73.99667444,286277
2019-12-09,40.74317449,-74.00366443,286277
2019-12-09,40.7403432,-73.98955109,286278
2019-12-09,40.72746420692392,-73.97950418293476,286278
2019-12-09,40.73331967,-73.99510132,286279
2019-12-09,40.72706363348306,-73.99662137031554,286279
2019-12-09,40.75172632,-73.98753523,286280
2019-12-09,40.76030096,-73.99884222,286280
2019-12-09,40.74096374,-73.98602213,286281
2019-12-09,40.72953837,-73.98426726,286281
2019-12-09,40.72706363348306,-73.99662137031554,286282
2019-12-09,40.73038599,-74.00214988,286282
2019-12-09,40.73935542,-73.99931783,286283
2019-12-09,40.74173969,-73.99415556,286283
2019-12-09,40.79017948095081,-73.97288918495178,286284
2019-12-09,40.7785669,-73.97754961,286284
2019-12-09,40.7919557,-73.968087,286285
2019-12-09,40.7919557,-73.968087,286285
2019-12-09,40.69839895,-73.98068914,286286
2019-12-09,40.69991755,-73.98971773,286286
2019-12-09,40.75466591,-73.99138152,286287
2019-12-09,40.74345335,-74.00004031,286287
2019-12-09,40.734232,-73.986923,286288
2019-12-09,40.72217444,-73.98368779,286288
2019-12-09,40.76228826,-73.98336183,286289
2019-12-09,40.74322681432173,-73.97449783980846,286289
2019-12-09,40.72743423,-73.99379025,286290
2019-12-09,40.71850211,-73.98329859,286290
2019-12-09,40.69610226,-73.96751037,286291
2019-12-09,40.68676793,-73.95928168,286291
2019-12-09,40.75510267,-73.97498696,286292
2019-12-09,40.7652654,-73.98192338,286292
2019-12-09,40.73020660529954,-73.99102628231049,286293
2019-12-09,40.72217444,-73.98368779,286293
2019-12-09,40.76780080148132,-73.96592080593109,286294
2019-12-09,40.76712840349542,-73.96224617958069,286294
2019-12-09,40.75513557,-73.98658032,286295
2019-12-09,40.75255434,-73.97282625,286295
2019-12-09,40.7190095,-73.95852515,286296
2019-12-09,40.73564,-73.95866,286296
2019-12-09,40.75500254,-73.98014437,286297
2019-12-09,40.74901271,-73.98848395,286297
2019-12-09,40.746745,-74.007756,286298
2019-12-09,40.754691750226016,-73.99740189313889,286298
2019-12-09,40.7941654,-73.974124,286299
2019-12-09,40.7919557,-73.968087,286299
2019-12-09,40.72243797,-74.00566443,286300
2019-12-09,40.714211,-73.981095,286300
2019-12-09,40.74322681432173,-73.97449783980846,286301
2019-12-09,40.72217444,-73.98368779,286301
2019-12-09,40.7652654,-73.98192338,286302
2019-12-09,40.768254,-73.988639,286302
2019-12-09,40.73535398,-74.00483091,286303
2019-12-09,40.75066386,-74.00176802,286303
2019-12-09,40.7643971,-73.97371465,286304
2019-12-09,40.8021174,-73.9681805305,286304
2019-12-09,40.74096374,-73.98602213,286305
2019-12-09,40.751581,-73.97791,286305
2019-12-09,40.75934501,-73.96759673,286306
2019-12-09,40.75206862,-73.96784384,286306
2019-12-09,40.68753406,-73.97265183,286307
2019-12-09,40.68691865,-73.976682,286307
2019-12-09,40.7734066,-73.97782542,286308
2019-12-09,40.751551,-73.993934,286308
2019-12-09,40.74177603,-74.00149746,286309
2019-12-09,40.73704984,-73.99009296,286309
2019-12-09,40.76302594280519,-73.97209525108337,286310
2019-12-09,40.770513,-73.988038,286310
2019-12-09,40.7505853470215,-73.9946848154068,286311
2019-12-09,40.76269882,-73.99301222,286311
2019-12-09,40.7643971,-73.97371465,286312
2019-12-09,40.76370739,-73.9851615,286312
2019-12-09,40.7454973,-74.00197139,286313
2019-12-09,40.73291553,-74.00711384,286313
2019-12-09,40.75500254,-73.98014437,286314
2019-12-09,40.746647,-73.993915,286314
2019-12-09,40.71494807,-74.00234482,286315
2019-12-09,40.71625008,-74.0091059,286315
2019-12-09,40.71754834,-74.01322069,286316
2019-12-09,40.72019521437465,-74.0103006362915,286316
2019-12-09,40.71334184275907,-74.00935515761375,286317
2019-12-09,40.71754834,-74.01322069,286317
2019-12-09,40.78307,-73.95939,286318
2019-12-09,40.7857851,-73.957481,286318
2019-12-09,40.72951496224949,-73.99075269699097,286319
2019-12-09,40.72621788,-73.98379855,286319
2019-12-09,40.72951496224949,-73.99075269699097,286320
2019-12-09,40.73221853,-73.98165557,286320
2019-12-09,40.724308321602166,-74.00473035871983,286321
2019-12-09,40.72368361,-73.97574813,286321
2019-12-09,40.74718234,-73.9432635,286322
2019-12-09,40.7675487799971,-73.9209334552288,286322
2019-12-09,40.75510267,-73.97498696,286323
2019-12-09,40.744219,-73.97121214,286323
2019-12-09,40.70255065,-74.0127234,286324
2019-12-09,40.70905623,-74.01043382,286324
2019-12-09,40.75466591,-73.99138152,286325
2019-12-09,40.76727216,-73.99392888,286325
2019-12-09,40.69102925677968,-73.99183362722397,286326
2019-12-09,40.71273266,-74.0046073,286326
2019-12-09,40.763189,-73.978434,286327
2019-12-09,40.72228087,-73.97668709,286327
2019-12-09,40.7208736,-73.98085795,286328
2019-12-09,40.71739973,-73.98016555,286328
2019-12-09,40.72951496224949,-73.99075269699097,286329
2019-12-09,40.72621788,-73.98379855,286329
2019-12-09,40.72521311,-73.97768752,286330
2019-12-09,40.730563,-73.973984,286330
2019-12-09,40.6787242,-73.99599099,286331
2019-12-09,40.6769993,-74.00647134,286331
2019-12-09,40.77515953434235,-73.98918695747852,286332
2019-12-09,40.78414472,-73.98362492,286332
2019-12-09,40.746647,-73.993915,286333
2019-12-09,40.74322681432173,-73.97449783980846,286333
2019-12-09,40.71427487,-73.98990025,286334
2019-12-09,40.71559509,-73.9870295,286334
2019-12-09,40.68382604,-73.97632328,286335
2019-12-09,40.68323865460341,-73.96599590778351,286335
2019-12-09,40.74322681432173,-73.97449783980846,286336
2019-12-09,40.7457121,-73.98194829,286336
2019-12-09,40.7277140777778,-74.01129573583603,286337
2019-12-09,40.7153379,-74.01658354,286337
2019-12-09,40.70838,-74.00495,286338
2019-12-09,40.71622644,-73.98261206,286338
2019-12-09,40.741459,-73.983293,286339
2019-12-09,40.76727216,-73.99392888,286339
2019-12-09,40.73944820130404,-74.00507032871246,286340
2019-12-09,40.73454567,-73.99074142,286340
2019-12-09,40.746745,-74.007756,286341
2019-12-09,40.74177603,-74.00149746,286341
2019-12-09,40.70255065,-74.0127234,286342
2019-12-09,40.70905623,-74.01043382,286342
2019-12-09,40.718822,-73.99596,286343
2019-12-09,40.7284186,-73.98713956,286343
2019-12-09,40.751873,-73.977706,286344
2019-12-09,40.75724567911726,-73.97805914282799,286344
2019-12-09,40.69991755,-73.98971773,286345
2019-12-09,40.69239502,-73.99337909,286345
2019-12-09,40.73564,-73.95866,286346
2019-12-09,40.72795,-73.95414,286346
2019-12-09,40.76727216,-73.99392888,286347
2019-12-09,40.7505853470215,-73.9946848154068,286347
2019-12-09,40.75323098,-73.97032517,286348
2019-12-09,40.701907,-74.013942,286348
2019-12-09,40.76727216,-73.99392888,286349
2019-12-09,40.79313480986663,-73.97700369358063,286349
2019-12-09,40.77492513,-73.98266566,286350
2019-12-09,40.7829391,-73.9786517,286350
2019-12-09,40.76227205,-73.98788205,286351
2019-12-09,40.75066386,-74.00176802,286351
2019-12-09,40.75038009,-73.98338988,286352
2019-12-09,40.7612274,-73.96094022,286352
2019-12-09,40.76312584,-73.96526895,286353
2019-12-09,40.7734066,-73.97782542,286353
2019-12-09,40.73704984,-73.99009296,286354
2019-12-09,40.72494672359416,-74.00165855884552,286354
2019-12-09,40.72185379,-74.00771779,286355
2019-12-09,40.73038599,-74.00214988,286355
2019-12-09,40.71910537,-73.99973337,286356
2019-12-09,40.7153379,-74.01658354,286356
2019-12-09,40.6809741,-73.9710097,286357
2019-12-09,40.6729679,-73.97087984,286357
2019-12-09,40.7403432,-73.98955109,286358
2019-12-09,40.75466591,-73.99138152,286358
2019-12-09,40.770845,-73.934171,286359
2019-12-09,40.76408932350688,-73.91065120697021,286359
2019-12-09,40.754120810779256,-73.98025184869766,286360
2019-12-09,40.751551,-73.993934,286360
2019-12-09,40.72494672359416,-74.00165855884552,286361
2019-12-09,40.735367055605394,-73.98797392845154,286361
2019-12-09,40.72362738,-73.99949601,286362
2019-12-09,40.73291553,-74.00711384,286362
2019-12-09,40.749717753,-74.002950346,286363
2019-12-09,40.74964,-73.98805,286363
2019-12-09,40.77573034,-73.9567526,286364
2019-12-09,40.76873687,-73.96119945,286364
2019-12-09,40.76344058,-73.98268129,286365
2019-12-09,40.751873,-73.977706,286365
2019-12-09,40.718822,-73.99596,286366
2019-12-09,40.71910537,-73.99973337,286366
2019-12-09,40.69236178,-73.98631746,286367
2019-12-09,40.69128258,-73.9452416,286367
2019-12-09,40.75594159,-74.0021163,286368
2019-12-09,40.76360467795863,-73.98917958140373,286368
2019-12-09,40.7923272,-73.9383,286369
2019-12-09,40.804213,-73.96699104,286369
2019-12-09,40.73172428,-74.00674436,286370
2019-12-09,40.70907,-73.92157,286370
2019-12-09,40.8143256,-73.9590255,286371
2019-12-09,40.7961535,-73.94782145,286371
2019-12-09,40.71406667,-73.99293911,286372
2019-12-09,40.72082834,-73.97793172,286372
2019-12-09,40.7172274,-73.98802084,286373
2019-12-09,40.714211,-73.981095,286373
2019-12-09,40.70706456,-74.00731853,286374
2019-12-09,40.71739973,-73.98016555,286374
2019-12-09,40.739445,-73.976806,286375
2019-12-09,40.75466591,-73.99138152,286375
2019-12-09,40.73381219196632,-73.98054420948029,286376
2019-12-09,40.7435337324616,-74.00367558002472,286376
2019-12-09,40.69580705,-73.97355569,286377
2019-12-09,40.6741806,-73.9564947,286377
2019-12-09,40.72243797,-74.00566443,286378
2019-12-09,40.72405549,-74.00965965,286378
2019-12-09,40.75510267,-73.97498696,286379
2019-12-09,40.710451,-73.960876,286379
2019-12-09,40.75001986,-73.96905301,286380
2019-12-09,40.68691865,-73.976682,286380
2019-12-09,40.75500254,-73.98014437,286381
2019-12-09,40.75513557,-73.98658032,286381
2019-12-09,40.73704984,-73.99009296,286382
2019-12-09,40.74345335,-74.00004031,286382
2019-12-09,40.69241829257847,-73.98949474096298,286383
2019-12-09,40.689888,-73.981013,286383
2019-12-09,40.73291553,-74.00711384,286384
2019-12-09,40.71754834,-74.01322069,286384
2019-12-09,40.74177603,-74.00149746,286385
2019-12-09,40.7158155,-73.99422366,286385
2019-12-09,40.68506807308177,-73.97790759801863,286386
2019-12-09,40.68415748,-73.96922273,286386
2019-12-09,40.72917025,-73.99810231,286387
2019-12-09,40.72746420692392,-73.97950418293476,286387
2019-12-09,40.76727216,-73.99392888,286388
2019-12-09,40.76228826,-73.98336183,286388
2019-12-09,40.76663814,-73.95348296,286389
2019-12-09,40.77140426,-73.9535166,286389
2019-12-09,40.69089272,-73.99612349,286390
2019-12-09,40.6802133,-73.98432695,286390
2019-12-09,40.72243797,-74.00566443,286391
2019-12-09,40.711066,-74.009447,286391
2019-12-09,40.73935542,-73.99931783,286392
2019-12-09,40.732339777151054,-73.97898383438587,286392
2019-12-09,40.75797322,-73.96603308,286393
2019-12-09,40.754120810779256,-73.98025184869766,286393
2019-12-09,40.8025566,-73.9490782,286394
2019-12-09,40.79313480986663,-73.97700369358063,286394
2019-12-09,40.7934337,-73.94945003,286395
2019-12-09,40.78112229934166,-73.94965589046478,286395
2019-12-09,40.72082834,-73.97793172,286396
2019-12-09,40.72299208,-73.97995466,286396
2019-12-09,40.73291553,-74.00711384,286397
2019-12-09,40.71427487,-73.98990025,286397
2019-12-09,40.751551,-73.993934,286398
2019-12-09,40.69766564,-73.98476437,286398
2019-12-09,40.72229346,-73.99147535,286399
2019-12-09,40.735367055605394,-73.98797392845154,286399
2019-12-09,40.76663814,-73.95348296,286400
2019-12-09,40.77573034,-73.9567526,286400
2019-12-09,40.6728155,-73.98352355,286401
2019-12-09,40.6881529,-73.99520919,286401
2019-12-09,40.72243797,-74.00566443,286402
2019-12-09,40.7361967,-74.00859207,286402
2019-12-09,40.75019995,-73.99093085,286403
2019-12-09,40.751873,-73.977706,286403
2019-12-09,40.72743423,-73.99379025,286404
2019-12-09,40.72082834,-73.97793172,286404
2019-12-09,40.746647,-73.993915,286405
2019-12-09,40.75714758,-73.97207836,286405
2019-12-09,40.675146838709786,-73.97523209452629,286406
2019-12-09,40.6750207,-73.97111473,286406
2019-12-09,40.75510267,-73.97498696,286407
2019-12-09,40.751551,-73.993934,286407
2019-12-09,40.7158155,-73.99422366,286408
2019-12-09,40.72746420692392,-73.97950418293476,286408
2019-12-09,40.72456089,-73.99565293,286409
2019-12-09,40.72953837,-73.98426726,286409
2019-12-09,40.693261,-73.968896,286410
2019-12-09,40.7158155,-73.99422366,286410
2019-12-09,40.6804836,-73.9646795,286411
2019-12-09,40.68506807308177,-73.97790759801863,286411
2019-12-09,40.70862144,-74.00722156,286412
2019-12-09,40.702461,-73.986842,286412
2019-12-09,40.73827428,-73.98751968,286413
2019-12-09,40.74096374,-73.98602213,286413
2019-12-09,40.722103786686034,-73.99724900722504,286414
2019-12-09,40.71850211,-73.98329859,286414
2019-12-09,40.73454567,-73.99074142,286415
2019-12-09,40.72966729392978,-73.98067966103554,286415
2019-12-09,40.70530954,-74.00612572,286416
2019-12-09,40.70905623,-74.01043382,286416
2019-12-09,40.72740794,-73.98142006,286417
2019-12-09,40.73020660529954,-73.99102628231049,286417
2019-12-09,40.73944820130404,-74.00507032871246,286418
2019-12-09,40.735238,-74.000271,286418
2019-12-09,40.7779453,-73.946041,286419
2019-12-09,40.78307,-73.95939,286419
2019-12-09,40.75001986,-73.96905301,286420
2019-12-09,40.749717753,-74.002950346,286420
2019-12-09,40.74780373,-73.9734419,286421
2019-12-09,40.732339777151054,-73.97898383438587,286421
2019-12-09,40.813358,-73.956461,286422
2019-12-09,40.8005385,-73.9419949,286422
2019-12-09,40.7505853470215,-73.9946848154068,286423
2019-12-09,40.74901271,-73.98848395,286423
2019-12-09,40.73381219196632,-73.98054420948029,286424
2019-12-09,40.73912601,-73.97973776,286424
2019-12-09,40.72405549,-74.00965965,286425
2019-12-09,40.7153379,-74.01658354,286425
2019-12-09,40.736502,-73.97809472,286426
2019-12-09,40.74395411,-73.99144871,286426
2019-12-09,40.72966729392978,-73.98067966103554,286427
2019-12-09,40.72580614,-73.97422494,286427
2019-12-09,40.716887,-73.963198,286428
2019-12-09,40.71413311,-73.95234386,286428
2019-12-09,40.74487634,-73.99529885,286429
2019-12-09,40.76087502,-74.00277668,286429
2019-12-09,40.71494807,-74.00234482,286430
2019-12-09,40.71625008,-74.0091059,286430
2019-12-09,40.73172428,-74.00674436,286431
2019-12-09,40.76727216,-73.99392888,286431
2019-12-09,40.735367055605394,-73.98797392845154,286432
2019-12-09,40.74286877312112,-73.98918628692627,286432
2019-12-09,40.7462009,-73.98855723,286433
2019-12-09,40.75299641,-73.98721619,286433
2019-12-09,40.749717753,-74.002950346,286434
2019-12-09,40.74734825,-73.99723551,286434
2019-12-09,40.76132983124814,-73.97982001304626,286435
2019-12-09,40.73532427,-73.99800419,286435
2019-12-09,40.71285887,-73.96590294,286436
2019-12-09,40.73181401720966,-73.95995020866394,286436
2019-12-09,40.74901271,-73.98848395,286437
2019-12-09,40.75466591,-73.99138152,286437
2019-12-09,40.7381765,-73.97738662,286438
2019-12-09,40.749156,-73.9916,286438
2019-12-09,40.6802133,-73.98432695,286439
2019-12-09,40.663779,-73.98396846,286439
2019-12-09,40.7505853470215,-73.9946848154068,286440
2019-12-09,40.75066386,-74.00176802,286440
2019-12-09,40.70955958,-74.00653609,286441
2019-12-09,40.71117444,-73.99682619,286441
2019-12-09,40.77118287540658,-73.96409422159195,286442
2019-12-09,40.75510267,-73.97498696,286442
2019-12-09,40.71427487,-73.98990025,286443
2019-12-09,40.71782143,-73.97628939,286443
2019-12-09,40.680944723477296,-73.97567331790923,286444
2019-12-09,40.680944723477296,-73.97567331790923,286444
2019-12-09,40.75323098,-73.97032517,286445
2019-12-09,40.76019252,-73.9912551,286445
2019-12-09,40.70955958,-74.00653609,286446
2019-12-09,40.71893904,-73.99266288,286446
2019-12-09,40.68926942,-73.98912867,286447
2019-12-09,40.69196035,-73.96536851,286447
2019-12-09,40.72917025,-73.99810231,286448
2019-12-09,40.7403432,-73.98955109,286448
2019-12-09,40.70706456,-74.00731853,286449
2019-12-09,40.72307749068673,-73.98583620786667,286449
2019-12-09,40.75323098,-73.97032517,286450
2019-12-09,40.75797322,-73.96603308,286450
2019-12-09,40.707873,-74.00167,286451
2019-12-09,40.72746420692392,-73.97950418293476,286451
2019-12-09,40.74173969,-73.99415556,286452
2019-12-09,40.74177603,-74.00149746,286452
2019-12-09,40.72951496224949,-73.99075269699097,286453
2019-12-09,40.72966729392978,-73.98067966103554,286453
2019-12-09,40.734814,-73.992085,286454
2019-12-09,40.73047747,-73.99906065,286454
2019-12-09,40.72066442,-73.98517977,286455
2019-12-09,40.72621788,-73.98379855,286455
2019-12-09,40.8021174,-73.9681805305,286456
2019-12-09,40.7937704,-73.971888,286456
2019-12-09,40.72405549,-74.00965965,286457
2019-12-09,40.71754834,-74.01322069,286457
2019-12-09,40.71285887,-73.96590294,286458
2019-12-09,40.70684203101325,-73.9544353965357,286458
2019-12-09,40.73726186,-73.99238967,286459
2019-12-09,40.75640548,-73.9900262,286459
2019-12-09,40.72311651,-73.95212324,286460
2019-12-09,40.715143,-73.944507,286460
2019-12-09,40.71219906,-73.97948148,286461
2019-12-09,40.72307749068673,-73.98583620786667,286461
2019-12-09,40.74524768,-73.94733276,286462
2019-12-09,40.74252,-73.948852,286462
2019-12-09,40.69236178,-73.98631746,286463
2019-12-09,40.6809833854,-73.9500479759,286463
2019-12-09,40.6831164,-73.99785267,286464
2019-12-09,40.680611,-73.99475825,286464
2019-12-09,40.734232,-73.986923,286465
2019-12-09,40.730563,-73.973984,286465
2019-12-09,40.76350532,-73.97109243,286466
2019-12-09,40.763954,-73.9646,286466
2019-12-09,40.6809833854,-73.9500479759,286467
2019-12-09,40.686203,-73.944694,286467
2019-12-09,40.75500254,-73.98014437,286468
2019-12-09,40.74691959,-74.00451887,286468
2019-12-09,40.7390169121,-74.0026376103,286469
2019-12-09,40.72621788,-73.98379855,286469
2019-12-09,40.749717753,-74.002950346,286470
2019-12-09,40.7505853470215,-73.9946848154068,286470
2019-12-09,40.746647,-73.993915,286471
2019-12-09,40.73535398,-74.00483091,286471
2019-12-09,40.75001986,-73.96905301,286472
2019-12-09,40.73624527,-73.98473765,286472
2019-12-09,40.76727216,-73.99392888,286473
2019-12-09,40.76344058,-73.98268129,286473
2019-12-09,40.7403432,-73.98955109,286474
2019-12-09,40.735238,-74.000271,286474
2019-12-09,40.76370739,-73.9851615,286475
2019-12-09,40.76019252,-73.9912551,286475
2019-12-09,40.73038599,-74.00214988,286476
2019-12-09,40.74395411,-73.99144871,286476
2019-12-09,40.74395411,-73.99144871,286477
2019-12-09,40.74290902,-73.97706058,286477
2019-12-09,40.73047309,-73.98672378,286478
2019-12-09,40.72746420692392,-73.97950418293476,286478
2019-12-09,40.6999974843885,-73.97440128028393,286479
2019-12-09,40.71019,-73.93734,286479
2019-12-09,40.73143724085228,-73.99490341544151,286480
2019-12-09,40.72621788,-73.98379855,286480
2019-12-09,40.73944820130404,-74.00507032871246,286481
2019-12-09,40.74345335,-74.00004031,286481
2019-12-09,40.808442,-73.9452087,286482
2019-12-09,40.805159,-73.954692,286482
2019-12-09,40.754691750226016,-73.99740189313889,286483
2019-12-09,40.751873,-73.977706,286483
2019-12-09,40.76019252,-73.9912551,286484
2019-12-09,40.76227205,-73.98788205,286484
2019-12-09,40.70538077,-73.94976519,286485
2019-12-09,40.70510918,-73.94407279,286485
2019-12-09,40.751581,-73.97791,286486
2019-12-09,40.75097711,-73.98765428,286486
2019-12-09,40.711863,-73.944024,286487
2019-12-09,40.711863,-73.944024,286487
2019-12-09,40.71413089,-73.9970468,286488
2019-12-09,40.72110063,-73.9919254,286488
2019-12-09,40.75500254,-73.98014437,286489
2019-12-09,40.76370739,-73.9851615,286489
2019-12-09,40.74394314,-73.97966069,286490
2019-12-09,40.73912601,-73.97973776,286490
2019-12-09,40.74177603,-74.00149746,286491
2019-12-09,40.73381219196632,-73.98054420948029,286491
2019-12-09,40.668127,-73.98377641,286492
2019-12-09,40.6765198,-73.9596082,286492
2019-12-09,40.714211,-73.981095,286493
2019-12-09,40.72229346,-73.99147535,286493
2019-12-09,40.749717753,-74.002950346,286494
2019-12-09,40.74286877312112,-73.98918628692627,286494
2019-12-09,40.73781509,-73.99994661,286495
2019-12-09,40.73020660529954,-73.99102628231049,286495
2019-12-09,40.75466591,-73.99138152,286496
2019-12-09,40.7454973,-74.00197139,286496
2019-12-09,40.70877084,-73.95095259,286497
2019-12-09,40.71167351,-73.95141312,286497
2019-12-09,40.74275382865903,-74.00747358798981,286498
2019-12-09,40.73291553,-74.00711384,286498
2019-12-09,40.72743423,-73.99379025,286499
2019-12-09,40.72362738,-73.99949601,286499
2019-12-09,40.74286877312112,-73.98918628692627,286500
2019-12-09,40.72110063,-73.9919254,286500
2019-12-09,40.7770575,-73.97898475,286501
2019-12-09,40.77314236,-73.95856158,286501
2019-12-09,40.72903917,-73.99404649,286502
2019-12-09,40.72217444,-73.98368779,286502
2019-12-09,40.73535398,-74.00483091,286503
2019-12-09,40.71602118,-73.99974372,286503
2019-12-09,40.70862144,-74.00722156,286504
2019-12-09,40.71117444,-73.99682619,286504
2019-12-09,40.75724567911726,-73.97805914282799,286505
2019-12-09,40.74901271,-73.98848395,286505
2019-12-09,40.738046142482766,-73.99642959237099,286506
2019-12-09,40.74173969,-73.99415556,286506
2019-12-09,40.71816969454208,-73.95520135760307,286507
2019-12-09,40.7239567849954,-73.94984364509583,286507
2019-12-09,40.73454567,-73.99074142,286508
2019-12-09,40.74691959,-74.00451887,286508
2019-12-09,40.69196035,-73.96536851,286509
2019-12-09,40.69308257,-73.97178913,286509
2019-12-09,40.74290902,-73.97706058,286510
2019-12-09,40.7739825,-73.9309134,286510
2019-12-09,40.72243797,-74.00566443,286511
2019-12-09,40.72779126,-73.98564945,286511
2019-12-09,40.69795031569544,-73.97077560424805,286512
2019-12-09,40.69196566,-73.9813018,286512
2019-12-09,40.7505853470215,-73.9946848154068,286513
2019-12-09,40.74286877312112,-73.98918628692627,286513
2019-12-09,40.75299641,-73.98721619,286514
2019-12-09,40.74780373,-73.9734419,286514
2019-12-09,40.76019252,-73.9912551,286515
2019-12-09,40.76030096,-73.99884222,286515
2019-12-09,40.7457121,-73.98194829,286516
2019-12-09,40.75019995,-73.99093085,286516
2019-12-09,40.6849894,-73.99440329,286517
2019-12-09,40.70365182,-74.01167797,286517
2019-12-09,40.720747,-73.986274,286518
2019-12-09,40.71605866,-73.99190759,286518
2019-12-09,40.73047747,-73.99906065,286519
2019-12-09,40.71559509,-73.9870295,286519
2019-12-09,40.77112927,-73.95772297,286520
2019-12-09,40.71605866,-73.99190759,286520
2019-12-09,40.75724567911726,-73.97805914282799,286521
2019-12-09,40.79127,-73.964839,286521
2019-12-09,40.71117444,-73.99682619,286522
2019-12-09,40.71427487,-73.98990025,286522
2019-12-09,40.74780373,-73.9734419,286523
2019-12-09,40.74394314,-73.97966069,286523
2019-12-09,40.7922553,-73.95249933,286524
2019-12-09,40.795346,-73.96186,286524
2019-12-09,40.7945663,-73.9362541,286525
2019-12-09,40.7869946,-73.94164802,286525
2019-12-09,40.75066386,-74.00176802,286526
2019-12-09,40.74734825,-73.99723551,286526
2019-12-09,40.804213,-73.96699104,286527
2019-12-09,40.795,-73.9645,286527
2019-12-09,40.76068327096592,-73.9845272898674,286528
2019-12-09,40.76030096,-73.99884222,286528
2019-12-09,40.73781509,-73.99994661,286529
2019-12-09,40.72307749068673,-73.98583620786667,286529
2019-12-09,40.7451677,-73.98683077,286530
2019-12-09,40.74937024193277,-73.99923384189606,286530
2019-12-09,40.7403432,-73.98955109,286531
2019-12-09,40.7381765,-73.97738662,286531
2019-12-09,40.81028506306003,-73.95736455917358,286532
2019-12-09,40.791976,-73.945993,286532
2019-12-09,40.7612274,-73.96094022,286533
2019-12-09,40.75455731,-73.96592976,286533
2019-12-09,40.761573,-73.972628,286534
2019-12-09,40.75828065,-73.97069431,286534
2019-12-09,40.73331967,-73.99510132,286535
2019-12-09,40.72740794,-73.98142006,286535
2019-12-09,40.70767788,-73.94016171,286536
2019-12-09,40.698617,-73.941342,286536
2019-12-09,40.805159,-73.954692,286537
2019-12-09,40.796879,-73.937261,286537
2019-12-09,40.75510267,-73.97498696,286538
2019-12-09,40.739445,-73.976806,286538
2019-12-09,40.74286877312112,-73.98918628692627,286539
2019-12-09,40.72019576,-73.98997825,286539
2019-12-09,40.7390169121,-74.0026376103,286540
2019-12-09,40.72966729392978,-73.98067966103554,286540
2019-12-09,40.739445,-73.976806,286541
2019-12-09,40.74311555376486,-73.98215353488922,286541
2019-12-09,40.7667405590595,-73.9790689945221,286542
2019-12-09,40.7734066,-73.97782542,286542
2019-12-09,40.76009437,-73.99461843,286543
2019-12-09,40.7667405590595,-73.9790689945221,286543
2019-12-09,40.7003,-73.991581,286544
2019-12-09,40.70140317257725,-73.98672670125961,286544
2019-12-09,40.76030096,-73.99884222,286545
2019-12-09,40.754691750226016,-73.99740189313889,286545
2019-12-09,40.7489006,-73.97604882,286546
2019-12-09,40.71406667,-73.99293911,286546
2019-12-09,40.71915571696044,-73.94885390996933,286547
2019-12-09,40.7190095,-73.95852515,286547
2019-12-09,40.7451677,-73.98683077,286548
2019-12-09,40.736502,-73.97809472,286548
2019-12-09,40.71605866,-73.99190759,286549
2019-12-09,40.71559509,-73.9870295,286549
2019-12-09,40.73381219196632,-73.98054420948029,286550
2019-12-09,40.73587678,-73.98205027,286550
2019-12-09,40.72228087,-73.97668709,286551
2019-12-09,40.7172274,-73.98802084,286551
2019-12-09,40.74177603,-74.00149746,286552
2019-12-09,40.73652889,-74.00618026,286552
2019-12-09,40.76132983124814,-73.97982001304626,286553
2019-12-09,40.76915505,-73.98191841,286553
2019-12-09,40.749156,-73.9916,286554
2019-12-09,40.76344058,-73.98268129,286554
2019-12-09,40.69363137,-73.96223558,286555
2019-12-09,40.69236178,-73.98631746,286555
2019-12-09,40.75019995,-73.99093085,286556
2019-12-09,40.74322681432173,-73.97449783980846,286556
2019-12-09,40.68926942,-73.98912867,286557
2019-12-09,40.6849668,-73.98620772,286557
2019-12-09,40.6746957,-73.99785768,286558
2019-12-09,40.6769993,-74.00647134,286558
2019-12-09,40.74177603,-74.00149746,286559
2019-12-09,40.73971301,-73.99456405,286559
2019-12-09,40.73143724085228,-73.99490341544151,286560
2019-12-09,40.7208736,-73.98085795,286560
2019-12-09,40.7462009,-73.98855723,286561
2019-12-09,40.749156,-73.9916,286561
2019-12-09,40.7675487799971,-73.9209334552288,286562
2019-12-09,40.7713615,-73.9246145,286562
2019-12-09,40.68402,-73.94977,286563
2019-12-09,40.6809833854,-73.9500479759,286563
2019-12-09,40.76915505,-73.98191841,286564
2019-12-09,40.77515953434235,-73.98918695747852,286564
2019-12-09,40.73971301,-73.99456405,286565
2019-12-09,40.72779126,-73.98564945,286565
2019-12-09,40.75724567911726,-73.97805914282799,286566
2019-12-09,40.75066386,-74.00176802,286566
2019-12-09,40.76030096,-73.99884222,286567
2019-12-09,40.751551,-73.993934,286567
2019-12-09,40.73704984,-73.99009296,286568
2019-12-09,40.72502876,-73.99069656,286568
2019-12-09,40.7839636,-73.9471673,286569
2019-12-09,40.8125511,-73.9492286,286569
2019-12-09,40.7462009,-73.98855723,286570
2019-12-09,40.735367055605394,-73.98797392845154,286570
2019-12-09,40.74780373,-73.9734419,286571
2019-12-09,40.72580614,-73.97422494,286571
2019-12-09,40.7652654,-73.98192338,286572
2019-12-09,40.75510267,-73.97498696,286572
2019-12-09,40.8038654,-73.9559308,286573
2019-12-09,40.804213,-73.96699104,286573
2019-12-09,40.74345335,-74.00004031,286574
2019-12-09,40.74691959,-74.00451887,286574
2019-12-09,40.75172632,-73.98753523,286575
2019-12-09,40.7668,-73.9347774,286575
2019-12-09,40.69196566,-73.9813018,286576
2019-12-09,40.69580705,-73.97355569,286576
2019-12-09,40.72019521437465,-74.0103006362915,286577
2019-12-09,40.717571,-74.005549,286577
2019-12-09,40.6750705,-73.98775226,286578
2019-12-09,40.6705135,-73.98876585,286578
2019-12-09,40.74177603,-74.00149746,286579
2019-12-09,40.74286877312112,-73.98918628692627,286579
2019-12-09,40.73269,-73.98974,286580
2019-12-09,40.72903917,-73.99404649,286580
2019-12-09,40.7937704,-73.971888,286581
2019-12-09,40.7882213,-73.97041561,286581
2019-12-09,40.70530954,-74.00612572,286582
2019-12-09,40.71076228,-73.99400398,286582
2019-12-09,40.73652889,-74.00618026,286583
2019-12-09,40.72502876,-73.99069656,286583
2019-12-09,40.7937704,-73.971888,286584
2019-12-09,40.7919557,-73.968087,286584
2019-12-09,40.72453734,-73.98185424,286585
2019-12-09,40.73971301,-73.99456405,286585
2019-12-09,40.663779,-73.98396846,286586
2019-12-09,40.6704836,-73.98208968,286586
2019-12-09,40.717571,-74.005549,286587
2019-12-09,40.7149787,-74.013012,286587
2019-12-09,40.6849894,-73.99440329,286588
2019-12-09,40.6786115,-73.99037292,286588
2019-12-09,40.74394314,-73.97966069,286589
2019-12-09,40.751873,-73.977706,286589
2019-12-09,40.72502876,-73.99069656,286590
2019-12-09,40.72066442,-73.98517977,286590
2019-12-09,40.72557,-73.94434,286591
2019-12-09,40.72036775298455,-73.96165072917938,286591
2019-12-09,40.74290902,-73.97706058,286592
2019-12-09,40.76227205,-73.98788205,286592
2019-12-09,40.72453734,-73.98185424,286593
2019-12-09,40.7403432,-73.98955109,286593
2019-12-09,40.71745169,-73.95850939,286594
2019-12-09,40.72079821,-73.95484712,286594
2019-12-09,40.689888,-73.981013,286595
2019-12-09,40.694546087246025,-73.95801365375519,286595
2019-12-09,40.72710258,-74.00297088,286596
2019-12-09,40.73172428,-74.00674436,286596
2019-12-09,40.749717753,-74.002950346,286597
2019-12-09,40.74395411,-73.99144871,286597
2019-12-09,40.74290902,-73.97706058,286598
2019-12-09,40.74475148,-73.99915362,286598
2019-12-09,40.7457121,-73.98194829,286599
2019-12-09,40.761573,-73.972628,286599
2019-12-09,40.76500525,-73.95818491,286600
2019-12-09,40.7643971,-73.97371465,286600
2019-12-09,40.751873,-73.977706,286601
2019-12-09,40.75019995,-73.99093085,286601
2019-12-09,40.74734825,-73.99723551,286602
2019-12-09,40.735238,-74.000271,286602
2019-12-09,40.74487634,-73.99529885,286603
2019-12-09,40.75172632,-73.98753523,286603
2019-12-09,40.768692,-73.9249574,286604
2019-12-09,40.7577284,-73.9166368,286604
2019-12-09,40.72502876,-73.99069656,286605
2019-12-09,40.73047309,-73.98672378,286605
2019-12-09,40.718822,-73.99596,286606
2019-12-09,40.72299208,-73.97995466,286606
2019-12-09,40.7829391,-73.9786517,286607
2019-12-09,40.770513,-73.988038,286607
2019-12-09,40.69165183,-73.9999786,286608
2019-12-09,40.6902375,-73.99203074,286608
2019-12-09,40.74096374,-73.98602213,286609
2019-12-09,40.75640548,-73.9900262,286609
2019-12-09,40.72779126,-73.98564945,286610
2019-12-09,40.720747,-73.986274,286610
2019-12-09,40.707644944175705,-73.96841526031494,286611
2019-12-09,40.694546087246025,-73.95801365375519,286611
2019-12-09,40.75323098,-73.97032517,286612
2019-12-09,40.75724567911726,-73.97805914282799,286612
2019-12-09,40.73047747,-73.99906065,286613
2019-12-09,40.73944820130404,-74.00507032871246,286613
2019-12-09,40.74177603,-74.00149746,286614
2019-12-09,40.7451677,-73.98683077,286614
2019-12-09,40.71911552,-74.00666661,286615
2019-12-09,40.71870987,-74.0090009,286615
2019-12-09,40.72917025,-73.99810231,286616
2019-12-09,40.751873,-73.977706,286616
2019-12-09,40.75255434,-73.97282625,286617
2019-12-09,40.75714758,-73.97207836,286617
2019-12-09,40.73020660529954,-73.99102628231049,286618
2019-12-09,40.72779126,-73.98564945,286618
2019-12-09,40.73381219196632,-73.98054420948029,286619
2019-12-09,40.73587678,-73.98205027,286619
2019-12-09,40.746745,-74.007756,286620
2019-12-09,40.74173969,-73.99415556,286620
2019-12-09,40.718822,-73.99596,286621
2019-12-09,40.722055,-73.989111,286621
2019-12-09,40.689888,-73.981013,286622
2019-12-09,40.6917823,-73.9737299,286622
2019-12-09,40.76341379,-73.99667444,286623
2019-12-09,40.75929124,-73.98859651,286623
2019-12-09,40.71269042,-73.98776323,286624
2019-12-09,40.71450451,-74.00562789,286624
2019-12-09,40.7568001,-73.98291153,286625
2019-12-09,40.74901271,-73.98848395,286625
2019-12-09,40.73381219196632,-73.98054420948029,286626
2019-12-09,40.73704984,-73.99009296,286626
2019-12-09,40.77966809007312,-73.98093044757842,286627
2019-12-09,40.78524672,-73.97667321,286627
2019-12-09,40.7568001,-73.98291153,286628
2019-12-09,40.75066386,-74.00176802,286628
2019-12-09,40.744219,-73.97121214,286629
2019-12-09,40.72521311,-73.97768752,286629
2019-12-09,40.802692,-73.96295,286630
2019-12-09,40.802692,-73.96295,286630
2019-12-09,40.7882213,-73.97041561,286631
2019-12-09,40.789622,-73.97757,286631
2019-12-09,40.7568001,-73.98291153,286632
2019-12-09,40.7505853470215,-73.9946848154068,286632
2019-12-09,40.72307749068673,-73.98583620786667,286633
2019-12-09,40.71413089,-73.9970468,286633
2019-12-09,40.70140317257725,-73.98672670125961,286634
2019-12-09,40.680944723477296,-73.97567331790923,286634
2019-12-09,40.714211,-73.981095,286635
2019-12-09,40.72453734,-73.98185424,286635
2019-12-09,40.72743423,-73.99379025,286636
2019-12-09,40.718822,-73.99596,286636
2019-12-09,40.7475739589548,-73.9788007736206,286637
2019-12-09,40.735445,-73.99431,286637
2019-12-09,40.693,-73.90824,286638
2019-12-09,40.69543,-73.9196,286638
2019-12-09,40.73454567,-73.99074142,286639
2019-12-09,40.72966729392978,-73.98067966103554,286639
2019-12-09,40.74322681432173,-73.97449783980846,286640
2019-12-09,40.739445,-73.976806,286640
2019-12-09,40.7892529,-73.93956237,286641
2019-12-09,40.7903051,-73.94755757,286641
2019-12-09,40.7882213,-73.97041561,286642
2019-12-09,40.770513,-73.988038,286642
2019-12-09,40.6740886,-73.9787282,286643
2019-12-09,40.6610633719006,-73.97945255041122,286643
2019-12-09,40.70569254,-74.01677685,286644
2019-12-09,40.70463,-74.01507,286644
2019-12-09,40.8045555,-73.9396861,286645
2019-12-09,40.791976,-73.945993,286645
2019-12-09,40.73726186,-73.99238967,286646
2019-12-09,40.74937024193277,-73.99923384189606,286646
2019-12-09,40.70510918,-73.94407279,286647
2019-12-09,40.69329,-73.92852,286647
2019-12-09,40.74487634,-73.99529885,286648
2019-12-09,40.77149671054441,-73.99046033620834,286648
2019-12-09,40.72951496224949,-73.99075269699097,286649
2019-12-09,40.72521311,-73.97768752,286649
2019-12-09,40.7668,-73.9347774,286650
2019-12-09,40.761584,-73.925921,286650
2019-12-09,40.72966729392978,-73.98067966103554,286651
2019-12-09,40.73454567,-73.99074142,286651
2019-12-09,40.73726186,-73.99238967,286652
2019-12-09,40.74937024193277,-73.99923384189606,286652
2019-12-09,40.73726186,-73.99238967,286653
2019-12-09,40.72779126,-73.98564945,286653
2019-12-09,40.75019995,-73.99093085,286654
2019-12-09,40.74444921,-73.98303529,286654
2019-12-09,40.722103786686034,-73.99724900722504,286655
2019-12-09,40.72746420692392,-73.97950418293476,286655
2019-12-09,40.68926942,-73.98912867,286656
2019-12-09,40.689888,-73.981013,286656
2019-12-09,40.72706363348306,-73.99662137031554,286657
2019-12-09,40.72966729392978,-73.98067966103554,286657
2019-12-09,40.702831,-73.9333,286658
2019-12-09,40.702831,-73.9333,286658
2019-12-09,40.724308321602166,-74.00473035871983,286659
2019-12-09,40.714211,-73.981095,286659
2019-12-09,40.72906,-73.95779,286660
2019-12-09,40.716887,-73.963198,286660
2019-12-09,40.7158155,-73.99422366,286661
2019-12-09,40.72066442,-73.98517977,286661
2019-12-09,40.7462009,-73.98855723,286662
2019-12-09,40.768254,-73.988639,286662
2019-12-09,40.72243797,-74.00566443,286663
2019-12-09,40.71559509,-73.9870295,286663
2019-12-09,40.71469,-73.95739,286664
2019-12-09,40.724308321602166,-74.00473035871983,286664
2019-12-09,40.72317958,-73.99480012,286665
2019-12-09,40.72740794,-73.98142006,286665
2019-12-09,40.718822,-73.99596,286666
2019-12-09,40.72951496224949,-73.99075269699097,286666
2019-12-09,40.75066386,-74.00176802,286667
2019-12-09,40.746647,-73.993915,286667
2019-12-09,40.77112927,-73.95772297,286668
2019-12-09,40.76800889305947,-73.96845281124115,286668
2019-12-09,40.80295,-73.942954,286669
2019-12-09,40.8025566,-73.9490782,286669
2019-12-09,40.74734825,-73.99723551,286670
2019-12-09,40.7505853470215,-73.9946848154068,286670
2019-12-09,40.72243797,-74.00566443,286671
2019-12-09,40.70905623,-74.01043382,286671
2019-12-09,40.695065,-73.987167,286672
2019-12-09,40.71117416,-74.00016545,286672
2019-12-09,40.761584,-73.925921,286673
2019-12-09,40.7675487799971,-73.9209334552288,286673
2019-12-09,40.74394314,-73.97966069,286674
2019-12-09,40.7475739589548,-73.9788007736206,286674
2019-12-09,40.72906,-73.95779,286675
2019-12-09,40.7190095,-73.95852515,286675
2019-12-09,40.73020660529954,-73.99102628231049,286676
2019-12-09,40.736502,-73.97809472,286676
2019-12-09,40.72405549,-74.00965965,286677
2019-12-09,40.74173969,-73.99415556,286677
2019-12-09,40.73827428,-73.98751968,286678
2019-12-09,40.73226398,-73.99852205,286678
2019-12-09,40.75019995,-73.99093085,286679
2019-12-09,40.74765947,-73.98490707,286679
2019-12-09,40.76500525,-73.95818491,286680
2019-12-09,40.7596276,-73.9321455,286680
2019-12-09,40.7575699,-73.99098507,286681
2019-12-09,40.73172428,-74.00674436,286681
2019-12-09,40.69795031569544,-73.97077560424805,286682
2019-12-09,40.716887,-73.963198,286682
2019-12-09,40.72110063,-73.9919254,286683
2019-12-09,40.72953837,-73.98426726,286683
2019-12-09,40.7462009,-73.98855723,286684
2019-12-09,40.75660359,-73.9979009,286684
2019-12-09,40.70838,-74.00495,286685
2019-12-09,40.71739973,-73.98016555,286685
2019-12-09,40.75992262,-73.97648516,286686
2019-12-09,40.7652654,-73.98192338,286686
2019-12-09,40.744219,-73.97121214,286687
2019-12-09,40.751551,-73.993934,286687
2019-12-09,40.73944820130404,-74.00507032871246,286688
2019-12-09,40.7454973,-74.00197139,286688
2019-12-09,40.741459,-73.983293,286689
2019-12-09,40.7699426,-73.96060712,286689
2019-12-09,40.746647,-73.993915,286690
2019-12-09,40.74177603,-74.00149746,286690
2019-12-09,40.74173969,-73.99415556,286691
2019-12-09,40.73535398,-74.00483091,286691
2019-12-09,40.73935542,-73.99931783,286692
2019-12-09,40.71850211,-73.98329859,286692
2019-12-09,40.749717753,-74.002950346,286693
2019-12-09,40.7505853470215,-73.9946848154068,286693
2019-12-09,40.752165280621966,-73.97992193698882,286694
2019-12-09,40.74734825,-73.99723551,286694
2019-12-09,40.6999974843885,-73.97440128028393,286695
2019-12-09,40.70140317257725,-73.98672670125961,286695
2019-12-09,40.8114323,-73.9518776,286696
2019-12-09,40.75797322,-73.96603308,286696
2019-12-09,40.76227205,-73.98788205,286697
2019-12-09,40.75724567911726,-73.97805914282799,286697
2019-12-09,40.7208736,-73.98085795,286698
2019-12-09,40.71219906,-73.97948148,286698
2019-12-09,40.73971301,-73.99456405,286699
2019-12-09,40.72743423,-73.99379025,286699
2019-12-09,40.749156,-73.9916,286700
2019-12-09,40.74394314,-73.97966069,286700
2019-12-09,40.77492513,-73.98266566,286701
2019-12-09,40.77966809007312,-73.98093044757842,286701
2019-12-09,40.79406660818552,-73.96286845207214,286702
2019-12-09,40.7835016,-73.955327,286702
2019-12-09,40.6809833854,-73.9500479759,286703
2019-12-09,40.6823687,-73.944118,286703
2019-12-09,40.73532427,-73.99800419,286704
2019-12-09,40.73172428,-74.00674436,286704
2019-12-09,40.77966809007312,-73.98093044757842,286705
2019-12-09,40.78499979,-73.97283406,286705
2019-12-09,40.76712840349542,-73.96224617958069,286706
2019-12-09,40.76915505,-73.98191841,286706
2019-12-09,40.72362738,-73.99949601,286707
2019-12-09,40.736502,-73.97809472,286707
2019-12-09,40.7728384,-73.94989233,286708
2019-12-09,40.7839636,-73.9471673,286708
2019-12-09,40.72494672359416,-74.00165855884552,286709
2019-12-09,40.73401143,-74.00293877,286709
2019-12-09,40.74144387,-73.97536082,286710
2019-12-09,40.72521311,-73.97768752,286710
2019-12-09,40.77492513,-73.98266566,286711
2019-12-09,40.7829391,-73.9786517,286711
2019-12-09,40.734814,-73.992085,286712
2019-12-09,40.73381219196632,-73.98054420948029,286712
2019-12-09,40.734232,-73.986923,286713
2019-12-09,40.74144387,-73.97536082,286713
2019-12-09,40.768254,-73.988639,286714
2019-12-09,40.74734825,-73.99723551,286714
2019-12-09,40.75898481399634,-73.99379968643188,286715
2019-12-09,40.75066386,-74.00176802,286715
2019-12-09,40.746745,-74.007756,286716
2019-12-09,40.73532427,-73.99800419,286716
2019-12-09,40.72521311,-73.97768752,286717
2019-12-09,40.72740794,-73.98142006,286717
2019-12-09,40.75255434,-73.97282625,286718
2019-12-09,40.76108,-73.930562,286718
2019-12-09,40.7747878,-73.9125551,286719
2019-12-09,40.7787185,-73.9145645,286719
2019-12-09,40.6802133,-73.98432695,286720
2019-12-09,40.69221589,-73.9842844,286720
2019-12-09,40.76712840349542,-73.96224617958069,286721
2019-12-09,40.76350532,-73.97109243,286721
2019-12-09,40.76227205,-73.98788205,286722
2019-12-09,40.76360467795863,-73.98917958140373,286722
2019-12-09,40.7904828,-73.95033068,286723
2019-12-09,40.8013066,-73.9398167,286723
2019-12-09,40.751396,-74.005226,286724
2019-12-09,40.789622,-73.97757,286724
2019-12-09,40.74395411,-73.99144871,286725
2019-12-09,40.74395411,-73.99144871,286725
2019-12-09,40.694281141397326,-73.99230033159256,286726
2019-12-09,40.6829151,-73.99318208,286726
2019-12-09,40.75797322,-73.96603308,286727
2019-12-09,40.77862688,-73.95772073,286727
2019-12-09,40.74317449,-74.00366443,286728
2019-12-09,40.74487634,-73.99529885,286728
2019-12-09,40.7451677,-73.98683077,286729
2019-12-09,40.74475148,-73.99915362,286729
2019-12-09,40.73221853,-73.98165557,286730
2019-12-09,40.735445,-73.99431,286730
2019-12-09,40.75172632,-73.98753523,286731
2019-12-09,40.73587678,-73.98205027,286731
2019-12-09,40.74469738,-73.93540375,286732
2019-12-09,40.75186951421875,-73.93349289894103,286732
2019-12-09,40.76727216,-73.99392888,286733
2019-12-09,40.76132983124814,-73.97982001304626,286733
2019-12-09,40.72710258,-74.00297088,286734
2019-12-09,40.72951496224949,-73.99075269699097,286734
2019-12-09,40.74173969,-73.99415556,286735
2019-12-09,40.73532427,-73.99800419,286735
2019-12-09,40.716887,-73.963198,286736
2019-12-09,40.73232194,-73.9550858,286736
2019-12-09,40.71850211,-73.98329859,286737
2019-12-09,40.72521311,-73.97768752,286737
2019-12-09,40.73172428,-74.00674436,286738
2019-12-09,40.74487634,-73.99529885,286738
2019-12-09,40.7031724,-73.940636,286739
2019-12-09,40.704508,-73.9351,286739
2019-12-09,40.73221853,-73.98165557,286740
2019-12-09,40.72521311,-73.97768752,286740
2019-12-09,40.6794388,-73.9680438,286741
2019-12-09,40.6829151,-73.99318208,286741
2019-12-09,40.76727216,-73.99392888,286742
2019-12-09,40.749717753,-74.002950346,286742
2019-12-09,40.76269882,-73.99301222,286743
2019-12-09,40.76227205,-73.98788205,286743
2019-12-09,40.71076228,-73.99400398,286744
2019-12-09,40.72580614,-73.97422494,286744
2019-12-09,40.69681963,-73.93756926,286745
2019-12-09,40.69237074,-73.93705428,286745
2019-12-09,40.69527008,-73.95238108,286746
2019-12-09,40.74937024193277,-73.99923384189606,286746
2019-12-09,40.75172632,-73.98753523,286747
2019-12-09,40.73971301,-73.99456405,286747
2019-12-09,40.722103786686034,-73.99724900722504,286748
2019-12-09,40.72019576,-73.98997825,286748
2019-12-09,40.78524672,-73.97667321,286749
2019-12-09,40.76590936,-73.97634151,286749
2019-12-09,40.7568001,-73.98291153,286750
2019-12-09,40.75455731,-73.96592976,286750
2019-12-09,40.749717753,-74.002950346,286751
2019-12-09,40.746647,-73.993915,286751
2019-12-09,40.71019,-73.93734,286752
2019-12-09,40.70538077,-73.94976519,286752
2019-12-09,40.73971301,-73.99456405,286753
2019-12-09,40.74734825,-73.99723551,286753
2019-12-09,40.73221853,-73.98165557,286754
2019-12-09,40.72453734,-73.98185424,286754
2019-12-09,40.75594159,-74.0021163,286755
2019-12-09,40.763954,-73.9646,286755
2019-12-09,40.71427487,-73.98990025,286756
2019-12-09,40.72368361,-73.97574813,286756
2019-12-09,40.74444921,-73.98303529,286757
2019-12-09,40.730563,-73.973984,286757
2019-12-09,40.72743423,-73.99379025,286758
2019-12-09,40.72740794,-73.98142006,286758
2019-12-09,40.735367055605394,-73.98797392845154,286759
2019-12-09,40.73221853,-73.98165557,286759
2019-12-09,40.76370739,-73.9851615,286760
2019-12-09,40.75929124,-73.98859651,286760
2019-12-09,40.8067581,-73.9607082,286761
2019-12-09,40.8014866,-73.9442507,286761
2019-12-09,40.74780373,-73.9734419,286762
2019-12-09,40.73587678,-73.98205027,286762
2019-12-09,40.749156,-73.9916,286763
2019-12-09,40.7475739589548,-73.9788007736206,286763
2019-12-09,40.7687620293096,-73.95840793848038,286764
2019-12-09,40.778301,-73.9488134,286764
2019-12-09,40.71076228,-73.99400398,286765
2019-12-09,40.713126,-73.984844,286765
2019-12-09,40.746745,-74.007756,286766
2019-12-09,40.73971301,-73.99456405,286766
2019-12-09,40.722055,-73.989111,286767
2019-12-09,40.71427487,-73.98990025,286767
2019-12-09,40.763189,-73.978434,286768
2019-12-09,40.76269882,-73.99301222,286768
2019-12-09,40.74317449,-74.00366443,286769
2019-12-09,40.74937024193277,-73.99923384189606,286769
2019-12-09,40.71939226,-74.00247214,286770
2019-12-09,40.7208736,-73.98085795,286770
2019-12-09,40.71269042,-73.98776323,286771
2019-12-09,40.713126,-73.984844,286771
2019-12-09,40.74334935,-74.00681753,286772
2019-12-09,40.74177603,-74.00149746,286772
2019-12-09,40.7892105,-73.94370784,286773
2019-12-09,40.7903051,-73.94755757,286773
2019-12-09,40.74173969,-73.99415556,286774
2019-12-09,40.73587678,-73.98205027,286774
2019-12-09,40.6849894,-73.99440329,286775
2019-12-09,40.69089272,-73.99612349,286775
2019-12-09,40.6765304,-73.97846879,286776
2019-12-09,40.68691865,-73.976682,286776
2019-12-09,40.688417427540834,-73.98451656103134,286777
2019-12-09,40.688417427540834,-73.98451656103134,286777
2019-12-09,40.67434,-74.00194698,286778
2019-12-09,40.6794327,-74.00785041,286778
2019-12-09,40.74964,-73.98805,286779
2019-12-09,40.73912601,-73.97973776,286779
2019-12-09,40.734814,-73.992085,286780
2019-12-09,40.75019995,-73.99093085,286780
2019-12-09,40.74286877312112,-73.98918628692627,286781
2019-12-09,40.7505853470215,-73.9946848154068,286781
2019-12-09,40.7801839724239,-73.97728532552719,286782
2019-12-09,40.777507027547976,-73.98888587951659,286782
2019-12-09,40.73381219196632,-73.98054420948029,286783
2019-12-09,40.73587678,-73.98205027,286783
2019-12-09,40.7403432,-73.98955109,286784
2019-12-09,40.7454973,-74.00197139,286784
2019-12-09,40.754120810779256,-73.98025184869766,286785
2019-12-09,40.736502,-73.97809472,286785
2019-12-09,40.76227205,-73.98788205,286786
2019-12-09,40.76269882,-73.99301222,286786
2019-12-09,40.75513557,-73.98658032,286787
2019-12-09,40.7505853470215,-73.9946848154068,286787
2019-12-09,40.73971301,-73.99456405,286788
2019-12-09,40.74691959,-74.00451887,286788
2019-12-09,40.6802133,-73.98432695,286789
2019-12-09,40.6737236,-73.9631611,286789
2019-12-09,40.68415748,-73.96922273,286790
2019-12-09,40.6794388,-73.9680438,286790
2019-12-09,40.770513,-73.988038,286791
2019-12-09,40.76915505,-73.98191841,286791
2019-12-09,40.72110063,-73.9919254,286792
2019-12-09,40.71167351,-73.95141312,286792
2019-12-09,40.75500254,-73.98014437,286793
2019-12-09,40.76019252,-73.9912551,286793
2019-12-09,40.813358,-73.956461,286794
2019-12-09,40.751396,-74.005226,286794
2019-12-09,40.7462009,-73.98855723,286795
2019-12-09,40.76019252,-73.9912551,286795
2019-12-09,40.711066,-74.009447,286796
2019-12-09,40.711512,-74.015756,286796
2019-12-09,40.72082834,-73.97793172,286797
2019-12-09,40.749717753,-74.002950346,286797
2019-12-09,40.710681,-73.93372,286798
2019-12-09,40.711863,-73.944024,286798
2019-12-09,40.71427487,-73.98990025,286799
2019-12-09,40.71269042,-73.98776323,286799
2019-12-09,40.70862144,-74.00722156,286800
2019-12-09,40.714211,-73.981095,286800
2019-12-09,40.72706363348306,-73.99662137031554,286801
2019-12-09,40.73652889,-74.00618026,286801
2019-12-09,40.77118287540658,-73.96409422159195,286802
2019-12-09,40.77573034,-73.9567526,286802
2019-12-09,40.77149671054441,-73.99046033620834,286803
2019-12-09,40.76915505,-73.98191841,286803
2019-12-09,40.75299641,-73.98721619,286804
2019-12-09,40.73935542,-73.99931783,286804
2019-12-09,40.75299641,-73.98721619,286805
2019-12-09,40.75299641,-73.98721619,286805
2019-12-09,40.73401143,-74.00293877,286806
2019-12-09,40.74691959,-74.00451887,286806
2019-12-09,40.7239567849954,-73.94984364509583,286807
2019-12-09,40.72606,-73.95621,286807
2019-12-09,40.715143,-73.944507,286808
2019-12-09,40.73555,-73.95284,286808
2019-12-09,40.71625008,-74.0091059,286809
2019-12-09,40.74317449,-74.00366443,286809
2019-12-09,40.73704984,-73.99009296,286810
2019-12-09,40.75513557,-73.98658032,286810
2019-12-09,40.74290902,-73.97706058,286811
2019-12-09,40.76500525,-73.95818491,286811
2019-12-09,40.68841,-73.979458,286812
2019-12-09,40.72311651,-73.95212324,286812
2019-12-09,40.72903917,-73.99404649,286813
2019-12-09,40.72521311,-73.97768752,286813
2019-12-09,40.746745,-74.007756,286814
2019-12-09,40.74177603,-74.00149746,286814
2019-12-09,40.71605866,-73.99190759,286815
2019-12-09,40.71782143,-73.97628939,286815
2019-12-09,40.72494672359416,-74.00165855884552,286816
2019-12-09,40.72110063,-73.9919254,286816
2019-12-09,40.73224119,-74.00026394,286817
2019-12-09,40.7451677,-73.98683077,286817
2019-12-09,40.6786115,-73.99037292,286818
2019-12-09,40.6849894,-73.99440329,286818
2019-12-09,40.751551,-73.993934,286819
2019-12-09,40.751396,-74.005226,286819
2019-12-09,40.76068327096592,-73.9845272898674,286820
2019-12-09,40.76228826,-73.98336183,286820
2019-12-09,40.71939226,-74.00247214,286821
2019-12-09,40.739445,-73.976806,286821
2019-12-09,40.70862144,-74.00722156,286822
2019-12-09,40.70355377,-74.00670227,286822
2019-12-09,40.716887,-73.963198,286823
2019-12-09,40.73232194,-73.9550858,286823
2019-12-09,40.6849668,-73.98620772,286824
2019-12-09,40.6853761,-73.98302136,286824
2019-12-09,40.7047177,-74.00926027,286825
2019-12-09,40.71413089,-73.9970468,286825
2019-12-09,40.71754834,-74.01322069,286826
2019-12-09,40.71273266,-74.0046073,286826
2019-12-09,40.76915505,-73.98191841,286827
2019-12-09,40.76068327096592,-73.9845272898674,286827
2019-12-09,40.77492513,-73.98266566,286828
2019-12-09,40.77515953434235,-73.98918695747852,286828
2019-12-09,40.76727216,-73.99392888,286829
2019-12-09,40.7361967,-74.00859207,286829
2019-12-09,40.76350532,-73.97109243,286830
2019-12-09,40.75797322,-73.96603308,286830
2019-12-09,40.739445,-73.976806,286831
2019-12-09,40.7462009,-73.98855723,286831
2019-12-09,40.77314236,-73.95856158,286832
2019-12-09,40.782593,-73.971211,286832
2019-12-09,40.7037992,-74.00838676,286833
2019-12-09,40.70905623,-74.01043382,286833
2019-12-09,40.76370739,-73.9851615,286834
2019-12-09,40.770513,-73.988038,286834
2019-12-09,40.722103786686034,-73.99724900722504,286835
2019-12-09,40.71893904,-73.99266288,286835
2019-12-09,40.72456089,-73.99565293,286836
2019-12-09,40.72110063,-73.9919254,286836
2019-12-09,40.752165280621966,-73.97992193698882,286837
2019-12-09,40.76132983124814,-73.97982001304626,286837
2019-12-09,40.75513557,-73.98658032,286838
2019-12-09,40.75660359,-73.9979009,286838
2019-12-09,40.72621788,-73.98379855,286839
2019-12-09,40.713126,-73.984844,286839
2019-12-09,40.80698,-73.941747,286840
2019-12-09,40.7922553,-73.95249933,286840
2019-12-09,40.763189,-73.978434,286841
2019-12-09,40.7462009,-73.98855723,286841
2019-12-09,40.76360467795863,-73.98917958140373,286842
2019-12-09,40.76227205,-73.98788205,286842
2019-12-09,40.718822,-73.99596,286843
2019-12-09,40.7208736,-73.98085795,286843
2019-12-09,40.74317449,-74.00366443,286844
2019-12-09,40.76360467795863,-73.98917958140373,286844
2019-12-09,40.7859201,-73.94860294,286845
2019-12-09,40.7862586,-73.94552579,286845
2019-12-09,40.71602118,-73.99974372,286846
2019-12-09,40.71307916,-73.99851193,286846
2019-12-09,40.713126,-73.984844,286847
2019-12-09,40.71427487,-73.98990025,286847
2019-12-09,40.71748752,-74.0104554,286848
2019-12-09,40.71893904,-73.99266288,286848
2019-12-09,40.72362738,-73.99949601,286849
2019-12-09,40.72502876,-73.99069656,286849
2019-12-09,40.74322681432173,-73.97449783980846,286850
2019-12-09,40.752957,-74.00264,286850
2019-12-09,40.7172274,-73.98802084,286851
2019-12-09,40.7172274,-73.98802084,286851
2019-12-09,40.70905623,-74.01043382,286852
2019-12-09,40.72019521437465,-74.0103006362915,286852
2019-12-09,40.75323098,-73.97032517,286853
2019-12-09,40.755293,-73.967641,286853
2019-12-09,40.76312584,-73.96526895,286854
2019-12-09,40.75022392,-73.97121414,286854
2019-12-09,40.74780373,-73.9734419,286855
2019-12-09,40.75299641,-73.98721619,286855
2019-12-09,40.76269882,-73.99301222,286856
2019-12-09,40.76068327096592,-73.9845272898674,286856
2019-12-09,40.74173969,-73.99415556,286857
2019-12-09,40.72743423,-73.99379025,286857
2019-12-09,40.73143724085228,-73.99490341544151,286858
2019-12-09,40.74096374,-73.98602213,286858
2019-12-09,40.76590936,-73.97634151,286859
2019-12-09,40.75255434,-73.97282625,286859
2019-12-09,40.7489006,-73.97604882,286860
2019-12-09,40.782593,-73.971211,286860
2019-12-09,40.67434,-74.00194698,286861
2019-12-09,40.6830456,-74.00348559,286861
2019-12-09,40.76590936,-73.97634151,286862
2019-12-09,40.75255434,-73.97282625,286862
2019-12-09,40.73269,-73.98974,286863
2019-12-09,40.72307749068673,-73.98583620786667,286863
2019-12-09,40.7451677,-73.98683077,286864
2019-12-09,40.7462009,-73.98855723,286864
2019-12-09,40.73624527,-73.98473765,286865
2019-12-09,40.72453734,-73.98185424,286865
2019-12-09,40.7403432,-73.98955109,286866
2019-12-09,40.73704984,-73.99009296,286866
2019-12-09,40.69681963,-73.93756926,286867
2019-12-09,40.6933982,-73.939877,286867
2019-12-09,40.76727216,-73.99392888,286868
2019-12-09,40.76341379,-73.99667444,286868
2019-12-09,40.72185379,-74.00771779,286869
2019-12-09,40.71625008,-74.0091059,286869
2019-12-09,40.768254,-73.988639,286870
2019-12-09,40.78414472,-73.98362492,286870
2019-12-09,40.75323098,-73.97032517,286871
2019-12-09,40.76068327096592,-73.9845272898674,286871
2019-12-09,40.69241829257847,-73.98949474096298,286872
2019-12-09,40.6849668,-73.98620772,286872
2019-12-09,40.70255088,-73.98940236,286873
2019-12-09,40.69512845,-73.99595065,286873
2019-12-09,40.71939226,-74.00247214,286874
2019-12-09,40.73143724085228,-73.99490341544151,286874
2019-12-09,40.69089272,-73.99612349,286875
2019-12-09,40.68539567,-73.97431458,286875
2019-12-09,40.711066,-74.009447,286876
2019-12-09,40.71910537,-73.99973337,286876
2019-12-09,40.7667405590595,-73.9790689945221,286877
2019-12-09,40.7867947,-73.977112,286877
2019-12-09,40.68506807308177,-73.97790759801863,286878
2019-12-09,40.6823687,-73.944118,286878
2019-12-09,40.74395411,-73.99144871,286879
2019-12-09,40.734814,-73.992085,286879
2019-12-09,40.814394437915816,-73.95324736833572,286880
2019-12-09,40.81028506306003,-73.95736455917358,286880
2019-12-09,40.751873,-73.977706,286881
2019-12-09,40.72453734,-73.98185424,286881
2019-12-09,40.663779,-73.98396846,286882
2019-12-09,40.6679411,-73.9588,286882
2019-12-09,40.71745169,-73.95850939,286883
2019-12-09,40.71044554,-73.96525063,286883
2019-12-09,40.751873,-73.977706,286884
2019-12-09,40.71602118,-73.99974372,286884
2019-12-09,40.72243797,-74.00566443,286885
2019-12-09,40.73291553,-74.00711384,286885
2019-12-09,40.7987859,-73.9523,286886
2019-12-09,40.77966809007312,-73.98093044757842,286886
2019-12-09,40.70122128,-74.01234218,286887
2019-12-09,40.71427487,-73.98990025,286887
2019-12-09,40.74780373,-73.9734419,286888
2019-12-09,40.751581,-73.97791,286888
2019-12-09,40.76068327096592,-73.9845272898674,286889
2019-12-09,40.72368361,-73.97574813,286889
2019-12-09,40.782454175279874,-73.9489196240902,286890
2019-12-09,40.7922553,-73.95249933,286890
2019-12-09,40.70530954,-74.00612572,286891
2019-12-09,40.72746420692392,-73.97950418293476,286891
2019-12-09,40.72951496224949,-73.99075269699097,286892
2019-12-09,40.734232,-73.986923,286892
2019-12-09,40.75019995,-73.99093085,286893
2019-12-09,40.74322681432173,-73.97449783980846,286893
2019-12-09,40.73935542,-73.99931783,286894
2019-12-09,40.74173969,-73.99415556,286894
2019-12-09,40.746647,-73.993915,286895
2019-12-09,40.73291553,-74.00711384,286895
2019-12-09,40.71534825,-73.96024116,286896
2019-12-09,40.71044554,-73.96525063,286896
2019-12-09,40.72966729392978,-73.98067966103554,286897
2019-12-09,40.73726186,-73.99238967,286897
2019-12-09,40.75001986,-73.96905301,286898
2019-12-09,40.714211,-73.981095,286898
2019-12-09,40.741459,-73.983293,286899
2019-12-09,40.74765947,-73.98490707,286899
2019-12-09,40.728846,-74.008591,286900
2019-12-09,40.75066386,-74.00176802,286900
2019-12-09,40.755293,-73.967641,286901
2019-12-09,40.76780080148132,-73.96592080593109,286901
2019-12-09,40.71117444,-73.99682619,286902
2019-12-09,40.70365182,-74.01167797,286902
2019-12-09,40.7403432,-73.98955109,286903
2019-12-09,40.74487634,-73.99529885,286903
2019-12-09,40.72494672359416,-74.00165855884552,286904
2019-12-09,40.73038599,-74.00214988,286904
2019-12-09,40.73587678,-73.98205027,286905
2019-12-09,40.73935542,-73.99931783,286905
2019-12-09,40.73726186,-73.99238967,286906
2019-12-09,40.72307749068673,-73.98583620786667,286906
2019-12-09,40.74487634,-73.99529885,286907
2019-12-09,40.7435337324616,-74.00367558002472,286907
2019-12-09,40.73020660529954,-73.99102628231049,286908
2019-12-09,40.73726186,-73.99238967,286908
2019-12-09,40.707174,-73.93581,286909
2019-12-09,40.72325,-73.94308,286909
2019-12-09,40.71307916,-73.99851193,286910
2019-12-09,40.71291224,-74.01020234,286910
2019-12-09,40.739445,-73.976806,286911
2019-12-09,40.73381219196632,-73.98054420948029,286911
2019-12-09,40.7857851,-73.957481,286912
2019-12-09,40.72953837,-73.98426726,286912
2019-12-09,40.65708866668485,-74.00870203971863,286913
2019-12-09,40.6751622,-73.9814832,286913
2019-12-09,40.74290902,-73.97706058,286914
2019-12-09,40.71782143,-73.97628939,286914
2019-12-09,40.6777287,-73.99364123,286915
2019-12-09,40.6773429,-74.01275056,286915
2019-12-09,40.70355377,-74.00670227,286916
2019-12-09,40.73314259,-73.97573881,286916
2019-12-09,40.72903917,-73.99404649,286917
2019-12-09,40.72966729392978,-73.98067966103554,286917
2019-12-09,40.7489006,-73.97604882,286918
2019-12-09,40.74394314,-73.97966069,286918
2019-12-09,40.72521311,-73.97768752,286919
2019-12-09,40.734232,-73.986923,286919
2019-12-09,40.7449067,-73.9534573,286920
2019-12-09,40.7614376,-73.9411265,286920
2019-12-09,40.77896784,-73.97374737,286921
2019-12-09,40.795,-73.9645,286921
2019-12-09,40.805159,-73.954692,286922
2019-12-09,40.8078316,-73.949373,286922
2019-12-09,40.74290902,-73.97706058,286923
2019-12-09,40.7546011026,-73.971878855,286923
2019-12-09,40.73226398,-73.99852205,286924
2019-12-09,40.73401143,-74.00293877,286924
2019-12-09,40.7781314,-73.96069399,286925
2019-12-09,40.7734066,-73.97782542,286925
2019-12-09,40.741459,-73.983293,286926
2019-12-09,40.72217444,-73.98368779,286926
2019-12-09,40.72903917,-73.99404649,286927
2019-12-09,40.70224,-73.982578,286927
2019-12-09,40.72217444,-73.98368779,286928
2019-12-09,40.73381219196632,-73.98054420948029,286928
2019-12-09,40.70355377,-74.00670227,286929
2019-12-09,40.7172274,-73.98802084,286929
2019-12-09,40.72779126,-73.98564945,286930
2019-12-09,40.72779126,-73.98564945,286930
2019-12-09,40.6740886,-73.9787282,286931
2019-12-09,40.668127,-73.98377641,286931
2019-12-09,40.76269882,-73.99301222,286932
2019-12-09,40.76227205,-73.98788205,286932
2019-12-09,40.72743423,-73.99379025,286933
2019-12-09,40.73226398,-73.99852205,286933
2019-12-09,40.773763,-73.96222088,286934
2019-12-09,40.7687620293096,-73.95840793848038,286934
2019-12-09,40.76030096,-73.99884222,286935
2019-12-09,40.76068327096592,-73.9845272898674,286935
2019-12-09,40.7801839724239,-73.97728532552719,286936
2019-12-09,40.76341379,-73.99667444,286936
2019-12-09,40.72325,-73.94308,286937
2019-12-09,40.74128309355993,-73.93725872039794,286937
2019-12-09,40.72710258,-74.00297088,286938
2019-12-09,40.746647,-73.993915,286938
2019-12-09,40.76727216,-73.99392888,286939
2019-12-09,40.76370739,-73.9851615,286939
2019-12-09,40.75714758,-73.97207836,286940
2019-12-09,40.76500525,-73.95818491,286940
2019-12-09,40.702013,-73.923769,286941
2019-12-09,40.705614,-73.92153,286941
2019-12-09,40.72066442,-73.98517977,286942
2019-12-09,40.72456089,-73.99565293,286942
2019-12-09,40.74901271,-73.98848395,286943
2019-12-09,40.8011939,-73.9500739,286943
2019-12-09,40.72362738,-73.99949601,286944
2019-12-09,40.72217444,-73.98368779,286944
2019-12-09,40.8109494,-73.9634,286945
2019-12-09,40.8082,-73.9641,286945
2019-12-09,40.74290902,-73.97706058,286946
2019-12-09,40.74290902,-73.97706058,286946
2019-12-09,40.78307,-73.95939,286947
2019-12-09,40.78499979,-73.97283406,286947
2019-12-09,40.7568001,-73.98291153,286948
2019-12-09,40.73704984,-73.99009296,286948
2019-12-09,40.72362738,-73.99949601,286949
2019-12-09,40.72110063,-73.9919254,286949
2019-12-09,40.72917025,-73.99810231,286950
2019-12-09,40.7208736,-73.98085795,286950
2019-12-09,40.72903917,-73.99404649,286951
2019-12-09,40.72621788,-73.98379855,286951
2019-12-09,40.7451677,-73.98683077,286952
2019-12-09,40.74444921,-73.98303529,286952
2019-12-09,40.795,-73.9645,286953
2019-12-09,40.8013066,-73.9398167,286953
2019-12-09,40.74317449,-74.00366443,286954
2019-12-09,40.751551,-73.993934,286954
2019-12-09,40.75097711,-73.98765428,286955
2019-12-09,40.75594159,-74.0021163,286955
2019-12-09,40.73331967,-73.99510132,286956
2019-12-09,40.72019576,-73.98997825,286956
2019-12-09,40.7945663,-73.9362541,286957
2019-12-09,40.7869946,-73.94164802,286957
2019-12-09,40.75066386,-74.00176802,286958
2019-12-09,40.7435337324616,-74.00367558002472,286958
2019-12-09,40.7451677,-73.98683077,286959
2019-12-09,40.75466591,-73.99138152,286959
2019-12-09,40.72494672359416,-74.00165855884552,286960
2019-12-09,40.714211,-73.981095,286960
2019-12-09,40.724812564400175,-73.94752621650696,286961
2019-12-09,40.7239567849954,-73.94984364509583,286961
2019-12-09,40.752269,-73.982079,286962
2019-12-09,40.75323098,-73.97032517,286962
2019-12-09,40.735445,-73.99431,286963
2019-12-09,40.7381765,-73.97738662,286963
2019-12-09,40.76590936,-73.97634151,286964
2019-12-09,40.77896784,-73.97374737,286964
2019-12-09,40.6751622,-73.9814832,286965
2019-12-09,40.68691865,-73.976682,286965
2019-12-09,40.73454567,-73.99074142,286966
2019-12-09,40.72746420692392,-73.97950418293476,286966
2019-12-09,40.74780373,-73.9734419,286967
2019-12-09,40.75066386,-74.00176802,286967
2019-12-09,40.73726186,-73.99238967,286968
2019-12-09,40.751396,-74.005226,286968
2019-12-09,40.73912601,-73.97973776,286969
2019-12-09,40.7457121,-73.98194829,286969
2019-12-09,40.754691750226016,-73.99740189313889,286970
2019-12-09,40.744219,-73.97121214,286970
2019-12-09,40.73038599,-74.00214988,286971
2019-12-09,40.7153379,-74.01658354,286971
2019-12-09,40.7647,-73.9240312,286972
2019-12-09,40.7692475,-73.9354504,286972
2019-12-09,40.76344058,-73.98268129,286973
2019-12-09,40.7785669,-73.97754961,286973
2019-12-09,40.71427487,-73.98990025,286974
2019-12-09,40.71269042,-73.98776323,286974
2019-12-09,40.72453734,-73.98185424,286975
2019-12-09,40.71559509,-73.9870295,286975
2019-12-09,40.74765947,-73.98490707,286976
2019-12-09,40.7489006,-73.97604882,286976
2019-12-09,40.72951496224949,-73.99075269699097,286977
2019-12-09,40.72453734,-73.98185424,286977
2019-12-09,40.7770575,-73.97898475,286978
2019-12-09,40.78414472,-73.98362492,286978
2019-12-09,40.72740794,-73.98142006,286979
2019-12-09,40.73269,-73.98974,286979
2019-12-09,40.7381765,-73.97738662,286980
2019-12-09,40.76269882,-73.99301222,286980
2019-12-09,40.73223272,-73.98889957,286981
2019-12-09,40.72521311,-73.97768752,286981
2019-12-09,40.72453734,-73.98185424,286982
2019-12-09,40.72453734,-73.98185424,286982
2019-12-09,40.72405549,-74.00965965,286983
2019-12-09,40.70955958,-74.00653609,286983
2019-12-09,40.74096374,-73.98602213,286984
2019-12-09,40.7381765,-73.97738662,286984
2019-12-09,40.77801203,-73.95407149,286985
2019-12-09,40.77112927,-73.95772297,286985
2019-12-09,40.6802133,-73.98432695,286986
2019-12-09,40.688417427540834,-73.98451656103134,286986
2019-12-09,40.77677702,-73.9590097,286987
2019-12-09,40.763189,-73.978434,286987
2019-12-09,40.7381765,-73.97738662,286988
2019-12-09,40.739445,-73.976806,286988
2019-12-09,40.7158155,-73.99422366,286989
2019-12-09,40.72082834,-73.97793172,286989
2019-12-09,40.68940747,-73.96885458,286990
2019-12-09,40.68506807308177,-73.97790759801863,286990
2019-12-09,40.7667405590595,-73.9790689945221,286991
2019-12-09,40.79127,-73.964839,286991
2019-12-09,40.77149671054441,-73.99046033620834,286992
2019-12-09,40.7973721,-73.97041192,286992
2019-12-09,40.6917823,-73.9737299,286993
2019-12-09,40.69221589,-73.9842844,286993
2019-12-09,40.75510267,-73.97498696,286994
2019-12-09,40.74173969,-73.99415556,286994
2019-12-09,40.7667405590595,-73.9790689945221,286995
2019-12-09,40.7904828,-73.95033068,286995
2019-12-09,40.72307749068673,-73.98583620786667,286996
2019-12-09,40.718822,-73.99596,286996
2019-12-09,40.73726186,-73.99238967,286997
2019-12-09,40.73535398,-74.00483091,286997
2019-12-09,40.77518615,-73.94446054,286998
2019-12-09,40.77140426,-73.9535166,286998
2019-12-09,40.75172632,-73.98753523,286999
2019-12-09,40.76370739,-73.9851615,286999
2019-12-09,40.76302594280519,-73.97209525108337,287000
2019-12-09,40.7667405590595,-73.9790689945221,287000
2019-12-09,40.7158155,-73.99422366,287001
2019-12-09,40.72307749068673,-73.98583620786667,287001
2019-12-09,40.73331967,-73.99510132,287002
2019-12-09,40.73020660529954,-73.99102628231049,287002
2019-12-09,40.7462009,-73.98855723,287003
2019-12-09,40.70538077,-73.94976519,287003
2019-12-09,40.72557,-73.94434,287004
2019-12-09,40.71816969454208,-73.95520135760307,287004
2019-12-09,40.751396,-74.005226,287005
2019-12-09,40.7451677,-73.98683077,287005
2019-12-09,40.70853074,-73.96408963,287006
2019-12-09,40.70853074,-73.96408963,287006
2019-12-09,40.734814,-73.992085,287007
2019-12-09,40.7390169121,-74.0026376103,287007
2019-12-09,40.73020660529954,-73.99102628231049,287008
2019-12-09,40.72521311,-73.97768752,287008
2019-12-09,40.72621788,-73.98379855,287009
2019-12-09,40.73143724085228,-73.99490341544151,287009
2019-12-09,40.72917025,-73.99810231,287010
2019-12-09,40.73038599,-74.00214988,287010
2019-12-09,40.7614376,-73.9411265,287011
2019-12-09,40.75110165,-73.94073717,287011
2019-12-09,40.7190095,-73.95852515,287012
2019-12-09,40.72606,-73.95621,287012
2019-12-09,40.7505853470215,-73.9946848154068,287013
2019-12-09,40.75255434,-73.97282625,287013
2019-12-09,40.74334935,-74.00681753,287014
2019-12-09,40.7390169121,-74.0026376103,287014
2019-12-09,40.744219,-73.97121214,287015
2019-12-09,40.7462009,-73.98855723,287015
2019-12-09,40.6729679,-73.97087984,287016
2019-12-09,40.68851534,-73.9647628,287016
2019-12-09,40.74173969,-73.99415556,287017
2019-12-09,40.73704984,-73.99009296,287017
2019-12-09,40.7597108,-73.97402311,287018
2019-12-09,40.79017948095081,-73.97288918495178,287018
2019-12-09,40.72779126,-73.98564945,287019
2019-12-09,40.7172274,-73.98802084,287019
2019-12-09,40.707873,-74.00167,287020
2019-12-09,40.70122128,-74.01234218,287020
2019-12-09,40.74334935,-74.00681753,287021
2019-12-09,40.701907,-74.013942,287021
2019-12-09,40.73143724085228,-73.99490341544151,287022
2019-12-09,40.7462009,-73.98855723,287022
2019-12-09,40.69165183,-73.9999786,287023
2019-12-09,40.6859296,-74.00242364,287023
2019-12-09,40.695065,-73.987167,287024
2019-12-09,40.69760127,-73.99344559,287024
2019-12-09,40.7153379,-74.01658354,287025
2019-12-09,40.711512,-74.015756,287025
2019-12-09,40.72706363348306,-73.99662137031554,287026
2019-12-09,40.73401143,-74.00293877,287026
2019-12-09,40.73532427,-73.99800419,287027
2019-12-09,40.72746420692392,-73.97950418293476,287027
2019-12-09,40.75510267,-73.97498696,287028
2019-12-09,40.71605866,-73.99190759,287028
2019-12-09,40.671907,-73.993612,287029
2019-12-09,40.6750207,-73.97111473,287029
2019-12-09,40.74734825,-73.99723551,287030
2019-12-09,40.7462009,-73.98855723,287030
2019-12-09,40.805726,-73.936322,287031
2019-12-09,40.804372,-73.951475,287031
2019-12-09,40.6705135,-73.98876585,287032
2019-12-09,40.6772744,-73.98282002,287032
2019-12-09,40.7390169121,-74.0026376103,287033
2019-12-09,40.72966729392978,-73.98067966103554,287033
2019-12-09,40.754120810779256,-73.98025184869766,287034
2019-12-09,40.74901271,-73.98848395,287034
2019-12-09,40.71260486,-73.96264403,287035
2019-12-09,40.71413311,-73.95234386,287035
2019-12-09,40.72951496224949,-73.99075269699097,287036
2019-12-09,40.72621788,-73.98379855,287036
2019-12-09,40.72779126,-73.98564945,287037
2019-12-09,40.73331967,-73.99510132,287037
2019-12-09,40.77579376683666,-73.9762057363987,287038
2019-12-09,40.799484,-73.955613,287038
2019-12-09,40.77492513,-73.98266566,287039
2019-12-09,40.76800889305947,-73.96845281124115,287039
2019-12-09,40.8086249,-73.9596214,287040
2019-12-09,40.8120562,-73.9612547,287040
2019-12-09,40.749156,-73.9916,287041
2019-12-09,40.74444921,-73.98303529,287041
2019-12-09,40.736502,-73.97809472,287042
2019-12-09,40.71406667,-73.99293911,287042
2019-12-09,40.69241829257847,-73.98949474096298,287043
2019-12-09,40.6783563,-74.00014502,287043
2019-12-09,40.76712840349542,-73.96224617958069,287044
2019-12-09,40.7687620293096,-73.95840793848038,287044
2019-12-09,40.74173969,-73.99415556,287045
2019-12-09,40.73827428,-73.98751968,287045
2019-12-09,40.680611,-73.99475825,287046
2019-12-09,40.6828003,-73.99990419,287046
2019-12-09,40.70463,-74.01507,287047
2019-12-09,40.711512,-74.015756,287047
2019-12-09,40.76068327096592,-73.9845272898674,287048
2019-12-09,40.74780373,-73.9734419,287048
2019-12-09,40.73020660529954,-73.99102628231049,287049
2019-12-09,40.73226398,-73.99852205,287049
2019-12-09,40.76341379,-73.99667444,287050
2019-12-09,40.74901271,-73.98848395,287050
2019-12-09,40.77579376683666,-73.9762057363987,287051
2019-12-09,40.799484,-73.955613,287051
2019-12-09,40.73454567,-73.99074142,287052
2019-12-09,40.72621788,-73.98379855,287052
2019-12-09,40.74395411,-73.99144871,287053
2019-12-09,40.720747,-73.986274,287053
2019-12-09,40.70955958,-74.00653609,287054
2019-12-09,40.73020660529954,-73.99102628231049,287054
2019-12-09,40.7435337324616,-74.00367558002472,287055
2019-12-09,40.74173969,-73.99415556,287055
2019-12-09,40.73224119,-74.00026394,287056
2019-12-09,40.72951496224949,-73.99075269699097,287056
2019-12-09,40.75513557,-73.98658032,287057
2019-12-09,40.76341379,-73.99667444,287057
2019-12-09,40.74173969,-73.99415556,287058
2019-12-09,40.77492513,-73.98266566,287058
2019-12-09,40.73020660529954,-73.99102628231049,287059
2019-12-09,40.72521311,-73.97768752,287059
2019-12-09,40.7403432,-73.98955109,287060
2019-12-09,40.72951496224949,-73.99075269699097,287060
2019-12-09,40.7277140777778,-74.01129573583603,287061
2019-12-09,40.75038009,-73.98338988,287061
2019-12-09,40.7172274,-73.98802084,287062
2019-12-09,40.714211,-73.981095,287062
2019-12-09,40.72743423,-73.99379025,287063
2019-12-09,40.71893904,-73.99266288,287063
2019-12-09,40.675146838709786,-73.97523209452629,287064
2019-12-09,40.68312489,-73.97895137,287064
2019-12-09,40.75019995,-73.99093085,287065
2019-12-09,40.79017948095081,-73.97288918495178,287065
2019-12-09,40.7568001,-73.98291153,287066
2019-12-09,40.75019995,-73.99093085,287066
2019-12-09,40.6746957,-73.99785768,287067
2019-12-09,40.6861758,-73.99645295,287067
2019-12-09,40.7462009,-73.98855723,287068
2019-12-09,40.74345335,-74.00004031,287068
2019-12-09,40.71146364,-74.00552427,287069
2019-12-09,40.71219906,-73.97948148,287069
2019-12-09,40.69573398,-73.97129668,287070
2019-12-09,40.68841,-73.979458,287070
2019-12-09,40.76227205,-73.98788205,287071
2019-12-09,40.76068327096592,-73.9845272898674,287071
2019-12-09,40.76800889305947,-73.96845281124115,287072
2019-12-09,40.7728384,-73.94989233,287072
2019-12-09,40.7475739589548,-73.9788007736206,287073
2019-12-09,40.7568001,-73.98291153,287073
2019-12-09,40.73038599,-74.00214988,287074
2019-12-09,40.72706363348306,-73.99662137031554,287074
2019-12-09,40.72966729392978,-73.98067966103554,287075
2019-12-09,40.73143724085228,-73.99490341544151,287075
2019-12-09,40.68186,-73.959432,287076
2019-12-09,40.6794268,-73.9298911,287076
2019-12-09,40.75097711,-73.98765428,287077
2019-12-09,40.76312584,-73.96526895,287077
2019-12-09,40.73624527,-73.98473765,287078
2019-12-09,40.74780373,-73.9734419,287078
2019-12-09,40.7158155,-73.99422366,287079
2019-12-09,40.7158155,-73.99422366,287079
2019-12-09,40.71559509,-73.9870295,287080
2019-12-09,40.72217444,-73.98368779,287080
2019-12-09,40.782593,-73.971211,287081
2019-12-09,40.76590936,-73.97634151,287081
2019-12-09,40.73047309,-73.98672378,287082
2019-12-09,40.7462009,-73.98855723,287082
2019-12-09,40.73704984,-73.99009296,287083
2019-12-09,40.74290902,-73.97706058,287083
2019-12-09,40.7381765,-73.97738662,287084
2019-12-09,40.739445,-73.976806,287084
2019-12-09,40.68962188790333,-73.98304268717766,287085
2019-12-09,40.68199044270703,-73.99079024791718,287085
2019-12-09,40.8025566,-73.9490782,287086
2019-12-09,40.796879,-73.937261,287086
2019-12-09,40.71450451,-74.00562789,287087
2019-12-09,40.71625008,-74.0091059,287087
2019-12-09,40.72917025,-73.99810231,287088
2019-12-09,40.71893904,-73.99266288,287088
2019-12-09,40.7158155,-73.99422366,287089
2019-12-09,40.73912601,-73.97973776,287089
2019-12-09,40.7381765,-73.97738662,287090
2019-12-09,40.730563,-73.973984,287090
2019-12-09,40.72456089,-73.99565293,287091
2019-12-09,40.71285887,-73.96590294,287091
2019-12-09,40.71044554,-73.96525063,287092
2019-12-09,40.71534825,-73.96024116,287092
2019-12-09,40.8014866,-73.9442507,287093
2019-12-09,40.801694,-73.957145,287093
2019-12-09,40.69236178,-73.98631746,287094
2019-12-09,40.6740886,-73.9787282,287094
2019-12-09,40.69196035,-73.96536851,287095
2019-12-09,40.6830456,-74.00348559,287095
2019-12-09,40.73038599,-74.00214988,287096
2019-12-09,40.72706363348306,-73.99662137031554,287096
2019-12-09,40.7687620293096,-73.95840793848038,287097
2019-12-09,40.7806284,-73.9521667,287097
2019-12-09,40.668127,-73.98377641,287098
2019-12-09,40.6740886,-73.9787282,287098
2019-12-09,40.7390169121,-74.0026376103,287099
2019-12-09,40.72951496224949,-73.99075269699097,287099
2019-12-09,40.75172632,-73.98753523,287100
2019-12-09,40.75500254,-73.98014437,287100
2019-12-09,40.7435337324616,-74.00367558002472,287101
2019-12-09,40.76727216,-73.99392888,287101
2019-12-09,40.71911552,-74.00666661,287102
2019-12-09,40.72405549,-74.00965965,287102
2019-12-09,40.718822,-73.99596,287103
2019-12-09,40.71291224,-74.01020234,287103
2019-12-09,40.6917823,-73.9737299,287104
2019-12-09,40.6802133,-73.98432695,287104
2019-12-09,40.71117416,-74.00016545,287105
2019-12-09,40.72217444,-73.98368779,287105
2019-12-09,40.68382604,-73.97632328,287106
2019-12-09,40.6704922,-73.98541675,287106
2019-12-09,40.695065,-73.987167,287107
2019-12-09,40.6751622,-73.9814832,287107
2019-12-09,40.72580614,-73.97422494,287108
2019-12-09,40.75299641,-73.98721619,287108
2019-12-09,40.72307749068673,-73.98583620786667,287109
2019-12-09,40.72903917,-73.99404649,287109
2019-12-09,40.72243797,-74.00566443,287110
2019-12-09,40.72746420692392,-73.97950418293476,287110
2019-12-09,40.763189,-73.978434,287111
2019-12-09,40.75640548,-73.9900262,287111
2019-12-09,40.6830456,-74.00348559,287112
2019-12-09,40.686371,-73.99383324,287112
2019-12-09,40.69236178,-73.98631746,287113
2019-12-09,40.69608941,-73.97803415,287113
2019-12-09,40.722055,-73.989111,287114
2019-12-09,40.71285887,-73.96590294,287114
2019-12-09,40.74394314,-73.97966069,287115
2019-12-09,40.749156,-73.9916,287115
2019-12-09,40.7390169121,-74.0026376103,287116
2019-12-09,40.73047309,-73.98672378,287116
2019-12-09,40.68691865,-73.976682,287117
2019-12-09,40.688417427540834,-73.98451656103134,287117
2019-12-09,40.75898481399634,-73.99379968643188,287118
2019-12-09,40.77149671054441,-73.99046033620834,287118
2019-12-09,40.71816969454208,-73.95520135760307,287119
2019-12-09,40.7239567849954,-73.94984364509583,287119
2019-12-09,40.71910537,-73.99973337,287120
2019-12-09,40.72082834,-73.97793172,287120
2019-12-09,40.71602118,-73.99974372,287121
2019-12-09,40.73221853,-73.98165557,287121
2019-12-09,40.751873,-73.977706,287122
2019-12-09,40.7462009,-73.98855723,287122
2019-12-09,40.749717753,-74.002950346,287123
2019-12-09,40.74734825,-73.99723551,287123
2019-12-09,40.70122128,-74.01234218,287124
2019-12-09,40.73314259,-73.97573881,287124
2019-12-09,40.751873,-73.977706,287125
2019-12-09,40.7462009,-73.98855723,287125
2019-12-09,40.68753406,-73.97265183,287126
2019-12-09,40.69535693320225,-73.99344027042389,287126
2019-12-09,40.76663814,-73.95348296,287127
2019-12-09,40.7770575,-73.97898475,287127
2019-12-09,40.76500525,-73.95818491,287128
2019-12-09,40.75001986,-73.96905301,287128
2019-12-09,40.72229346,-73.99147535,287129
2019-12-09,40.71335226222875,-73.9491033554077,287129
2019-12-09,40.809725,-73.953149,287130
2019-12-09,40.8045555,-73.9396861,287130
2019-12-09,40.72966729392978,-73.98067966103554,287131
2019-12-09,40.7208736,-73.98085795,287131
2019-12-09,40.75019995,-73.99093085,287132
2019-12-09,40.72453734,-73.98185424,287132
2019-12-09,40.69795031569544,-73.97077560424805,287133
2019-12-09,40.693261,-73.968896,287133
2019-12-09,40.73704984,-73.99009296,287134
2019-12-09,40.73587678,-73.98205027,287134
2019-12-09,40.808442,-73.9452087,287135
2019-12-09,40.801694,-73.957145,287135
2019-12-09,40.72953837,-73.98426726,287136
2019-12-09,40.70862144,-74.00722156,287136
2019-12-09,40.734232,-73.986923,287137
2019-12-09,40.7403432,-73.98955109,287137
2019-12-09,40.75660359,-73.9979009,287138
2019-12-09,40.74734825,-73.99723551,287138
2019-12-09,40.7475739589548,-73.9788007736206,287139
2019-12-09,40.75466591,-73.99138152,287139
2019-12-09,40.71273266,-74.0046073,287140
2019-12-09,40.71450451,-74.00562789,287140
2019-12-09,40.754691750226016,-73.99740189313889,287141
2019-12-09,40.74901271,-73.98848395,287141
2019-12-09,40.75640548,-73.9900262,287142
2019-12-09,40.74691959,-74.00451887,287142
2019-12-09,40.72951496224949,-73.99075269699097,287143
2019-12-09,40.735445,-73.99431,287143
2019-12-09,40.73912601,-73.97973776,287144
2019-12-09,40.72082834,-73.97793172,287144
2019-12-09,40.71406667,-73.99293911,287145
2019-12-09,40.71413089,-73.9970468,287145
2019-12-09,40.74731,-73.95451,287146
2019-12-09,40.72226,-73.93889,287146
2019-12-09,40.76800889305947,-73.96845281124115,287147
2019-12-09,40.76780080148132,-73.96592080593109,287147
2019-12-09,40.77515953434235,-73.98918695747852,287148
2019-12-09,40.77748046,-73.98288594,287148
2019-12-09,40.711863,-73.944024,287149
2019-12-09,40.711863,-73.944024,287149
2019-12-09,40.668127,-73.98377641,287150
2019-12-09,40.671907,-73.993612,287150
2019-12-09,40.71334184275907,-74.00935515761375,287151
2019-12-09,40.71307916,-73.99851193,287151
2019-12-09,40.739445,-73.976806,287152
2019-12-09,40.751581,-73.97791,287152
2019-12-09,40.74173969,-73.99415556,287153
2019-12-09,40.72903917,-73.99404649,287153
2019-12-09,40.74334935,-74.00681753,287154
2019-12-09,40.7390169121,-74.0026376103,287154
2019-12-09,40.72502876,-73.99069656,287155
2019-12-09,40.72966729392978,-73.98067966103554,287155
2019-12-09,40.71816969454208,-73.95520135760307,287156
2019-12-09,40.72325,-73.94308,287156
2019-12-09,40.7381765,-73.97738662,287157
2019-12-09,40.739445,-73.976806,287157
2019-12-09,40.74901271,-73.98848395,287158
2019-12-09,40.751873,-73.977706,287158
2019-12-09,40.75323098,-73.97032517,287159
2019-12-09,40.71926081,-73.98178024,287159
2019-12-09,40.739445,-73.976806,287160
2019-12-09,40.74322681432173,-73.97449783980846,287160
2019-12-09,40.7839636,-73.9471673,287161
2019-12-09,40.79127,-73.964839,287161
2019-12-09,40.72456089,-73.99565293,287162
2019-12-09,40.722103786686034,-73.99724900722504,287162
2019-12-09,40.71273266,-74.0046073,287163
2019-12-09,40.70277159,-73.99383605,287163
2019-12-09,40.76132983124814,-73.97982001304626,287164
2019-12-09,40.752165280621966,-73.97992193698882,287164
2019-12-09,40.77748046,-73.98288594,287165
2019-12-09,40.77515953434235,-73.98918695747852,287165
2019-12-09,40.698568,-73.918877,287166
2019-12-09,40.69385,-73.90974,287166
2019-12-09,40.71273266,-74.0046073,287167
2019-12-09,40.70277159,-73.99383605,287167
2019-12-09,40.74311555376486,-73.98215353488922,287168
2019-12-09,40.73454567,-73.99074142,287168
2019-12-09,40.72299208,-73.97995466,287169
2019-12-09,40.72502876,-73.99069656,287169
2019-12-09,40.71622644,-73.98261206,287170
2019-12-09,40.70255065,-74.0127234,287170
2019-12-09,40.72743423,-73.99379025,287171
2019-12-09,40.72307749068673,-73.98583620786667,287171
2019-12-09,40.74317449,-74.00366443,287172
2019-12-09,40.76030096,-73.99884222,287172
2019-12-09,40.74901271,-73.98848395,287173
2019-12-09,40.73971301,-73.99456405,287173
2019-12-09,40.738046142482766,-73.99642959237099,287174
2019-12-09,40.75066386,-74.00176802,287174
2019-12-09,40.735367055605394,-73.98797392845154,287175
2019-12-09,40.73935542,-73.99931783,287175
2019-12-09,40.717571,-74.005549,287176
2019-12-09,40.73935542,-73.99931783,287176
2019-12-09,40.7612274,-73.96094022,287177
2019-12-09,40.713126,-73.984844,287177
2019-12-09,40.7457121,-73.98194829,287178
2019-12-09,40.736502,-73.97809472,287178
2019-12-09,40.7284186,-73.98713956,287179
2019-12-09,40.72228087,-73.97668709,287179
2019-12-09,40.7153379,-74.01658354,287180
2019-12-09,40.71911552,-74.00666661,287180
2019-12-09,40.8120562,-73.9612547,287181
2019-12-09,40.8021174,-73.9681805305,287181
2019-12-09,40.7284186,-73.98713956,287182
2019-12-09,40.73331967,-73.99510132,287182
2019-12-09,40.69573398,-73.97129668,287183
2019-12-09,40.69795031569544,-73.97077560424805,287183
2019-12-09,40.73020660529954,-73.99102628231049,287184
2019-12-09,40.72746420692392,-73.97950418293476,287184
2019-12-09,40.751047,-73.93797,287185
2019-12-09,40.761584,-73.925921,287185
2019-12-09,40.710451,-73.960876,287186
2019-12-09,40.69425403,-73.94626915,287186
2019-12-09,40.71602118,-73.99974372,287187
2019-12-09,40.71625008,-74.0091059,287187
2019-12-09,40.72746420692392,-73.97950418293476,287188
2019-12-09,40.73454567,-73.99074142,287188
2019-12-09,40.73587678,-73.98205027,287189
2019-12-09,40.735367055605394,-73.98797392845154,287189
2019-12-09,40.77573034,-73.9567526,287190
2019-12-09,40.76312584,-73.96526895,287190
2019-12-09,40.73704984,-73.99009296,287191
2019-12-09,40.71413089,-73.9970468,287191
2019-12-09,40.73704984,-73.99009296,287192
2019-12-09,40.749156,-73.9916,287192
2019-12-09,40.7839636,-73.9471673,287193
2019-12-09,40.8067581,-73.9607082,287193
2019-12-09,40.66514681533792,-73.97637605667114,287194
2019-12-09,40.6750207,-73.97111473,287194
2019-12-09,40.74286877312112,-73.98918628692627,287195
2019-12-09,40.7454973,-74.00197139,287195
2019-12-09,40.74290902,-73.97706058,287196
2019-12-09,40.74487634,-73.99529885,287196
2019-12-09,40.7612274,-73.96094022,287197
2019-12-09,40.76087502,-74.00277668,287197
2019-12-09,40.73314259,-73.97573881,287198
2019-12-09,40.735445,-73.99431,287198
2019-12-09,40.77163851,-73.98261428,287199
2019-12-09,40.79329668,-73.9432083,287199
2019-12-09,40.754691750226016,-73.99740189313889,287200
2019-12-09,40.74173969,-73.99415556,287200
2019-12-09,40.71622644,-73.98261206,287201
2019-12-09,40.7208736,-73.98085795,287201
2019-12-09,40.74286877312112,-73.98918628692627,287202
2019-12-09,40.74734825,-73.99723551,287202
2019-12-09,40.73971301,-73.99456405,287203
2019-12-09,40.768254,-73.988639,287203
2019-12-09,40.7390169121,-74.0026376103,287204
2019-12-09,40.718822,-73.99596,287204
2019-12-09,40.6809833854,-73.9500479759,287205
2019-12-09,40.6803560840434,-73.9476791024208,287205
2019-12-09,40.72317958,-73.99480012,287206
2019-12-09,40.716887,-73.963198,287206
2019-12-09,40.71754834,-74.01322069,287207
2019-12-09,40.73291553,-74.00711384,287207
2019-12-09,40.71076228,-73.99400398,287208
2019-12-09,40.711066,-74.009447,287208
2019-12-09,40.69543,-73.9196,287209
2019-12-09,40.693,-73.90824,287209
2019-12-09,40.7892105,-73.94370784,287210
2019-12-09,40.7779453,-73.946041,287210
2019-12-09,40.72228087,-73.97668709,287211
2019-12-09,40.7284186,-73.98713956,287211
2019-12-09,40.72743423,-73.99379025,287212
2019-12-09,40.71850211,-73.98329859,287212
2019-12-09,40.7451677,-73.98683077,287213
2019-12-09,40.7568001,-73.98291153,287213
2019-12-09,40.6829151,-73.99318208,287214
2019-12-09,40.6829151,-73.99318208,287214
2019-12-09,40.7612274,-73.96094022,287215
2019-12-09,40.7727966,-73.95577801,287215
2019-12-09,40.7691572,-73.96703464,287216
2019-12-09,40.75934501,-73.96759673,287216
2019-12-09,40.69573398,-73.97129668,287217
2019-12-09,40.69196566,-73.9813018,287217
2019-12-09,40.7103685423523,-73.94705951213837,287218
2019-12-09,40.72084,-73.94844,287218
2019-12-09,40.76370739,-73.9851615,287219
2019-12-09,40.74177603,-74.00149746,287219
2019-12-09,40.7575699,-73.99098507,287220
2019-12-09,40.72036775298455,-73.96165072917938,287220
2019-12-09,40.74275382865903,-74.00747358798981,287221
2019-12-09,40.751551,-73.993934,287221
2019-12-09,40.71273266,-74.0046073,287222
2019-12-09,40.71450451,-74.00562789,287222
2019-12-09,40.722055,-73.989111,287223
2019-12-09,40.72917025,-73.99810231,287223
2019-12-09,40.71260486,-73.96264403,287224
2019-12-09,40.71816969454208,-73.95520135760307,287224
2019-12-09,40.7172274,-73.98802084,287225
2019-12-09,40.72082834,-73.97793172,287225
2019-12-09,40.74334935,-74.00681753,287226
2019-12-09,40.74238787,-73.99726235,287226
2019-12-09,40.7612274,-73.96094022,287227
2019-12-09,40.75892386377695,-73.96226227283478,287227
2019-12-09,40.75110165,-73.94073717,287228
2019-12-09,40.76108,-73.930562,287228
2019-12-09,40.752269,-73.982079,287229
2019-12-09,40.7961535,-73.94782145,287229
2019-12-09,40.72243797,-74.00566443,287230
2019-12-09,40.718822,-73.99596,287230
2019-12-09,40.73143724085228,-73.99490341544151,287231
2019-12-09,40.73587678,-73.98205027,287231
2019-12-09,40.739323,-74.008119,287232
2019-12-09,40.73704984,-73.99009296,287232
2019-12-09,40.77140426,-73.9535166,287233
2019-12-09,40.763189,-73.978434,287233
2019-12-09,40.752269,-73.982079,287234
2019-12-09,40.751873,-73.977706,287234
2019-12-09,40.7003,-73.991581,287235
2019-12-09,40.6769993,-74.00647134,287235
2019-12-09,40.7381765,-73.97738662,287236
2019-12-09,40.739445,-73.976806,287236
2019-12-09,40.70834698,-74.01713445,287237
2019-12-09,40.70255065,-74.0127234,287237
2019-12-09,40.795346,-73.96186,287238
2019-12-09,40.809725,-73.953149,287238
2019-12-09,40.768254,-73.988639,287239
2019-12-09,40.76500525,-73.95818491,287239
2019-12-09,40.75594159,-74.0021163,287240
2019-12-09,40.76030096,-73.99884222,287240
2019-12-09,40.74475148,-73.99915362,287241
2019-12-09,40.72456089,-73.99565293,287241
2019-12-09,40.70255088,-73.98940236,287242
2019-12-09,40.69196566,-73.9813018,287242
2019-12-09,40.663779,-73.98396846,287243
2019-12-09,40.668127,-73.98377641,287243
2019-12-09,40.7172274,-73.98802084,287244
2019-12-09,40.71427487,-73.98990025,287244
2019-12-09,40.73143724085228,-73.99490341544151,287245
2019-12-09,40.734814,-73.992085,287245
2019-12-09,40.746647,-73.993915,287246
2019-12-09,40.752165280621966,-73.97992193698882,287246
2019-12-09,40.7667405590595,-73.9790689945221,287247
2019-12-09,40.7667405590595,-73.9790689945221,287247
2019-12-09,40.72710258,-74.00297088,287248
2019-12-09,40.72740794,-73.98142006,287248
2019-12-09,40.69573398,-73.97129668,287249
2019-12-09,40.69794,-73.96986848,287249
2019-12-09,40.756913,-73.921631,287250
2019-12-09,40.7647,-73.9240312,287250
2019-12-09,40.73047309,-73.98672378,287251
2019-12-09,40.73314259,-73.97573881,287251
2019-12-09,40.8086249,-73.9596214,287252
2019-12-09,40.8107922,-73.9430681,287252
2019-12-09,40.74345335,-74.00004031,287253
2019-12-09,40.7505853470215,-73.9946848154068,287253
2019-12-09,40.78524672,-73.97667321,287254
2019-12-09,40.77966809007312,-73.98093044757842,287254
2019-12-09,40.7262807,-73.98978041,287255
2019-12-09,40.7208736,-73.98085795,287255
2019-12-09,40.72917025,-73.99810231,287256
2019-12-09,40.74734825,-73.99723551,287256
2019-12-09,40.752269,-73.982079,287257
2019-12-09,40.75299641,-73.98721619,287257
2019-12-09,40.739323,-74.008119,287258
2019-12-09,40.73401143,-74.00293877,287258
2019-12-09,40.73331967,-73.99510132,287259
2019-12-09,40.73172428,-74.00674436,287259
2019-12-09,40.71559509,-73.9870295,287260
2019-12-09,40.71427487,-73.98990025,287260
2019-12-09,40.714211,-73.981095,287261
2019-12-09,40.7172274,-73.98802084,287261
2019-12-09,40.768254,-73.988639,287262
2019-12-09,40.75724567911726,-73.97805914282799,287262
2019-12-09,40.73038599,-74.00214988,287263
2019-12-09,40.73535398,-74.00483091,287263
2019-12-09,40.73704984,-73.99009296,287264
2019-12-09,40.72953837,-73.98426726,287264
2019-12-09,40.713126,-73.984844,287265
2019-12-09,40.71427487,-73.98990025,287265
2019-12-09,40.7505853470215,-73.9946848154068,287266
2019-12-09,40.74345335,-74.00004031,287266
2019-12-09,40.72606,-73.95621,287267
2019-12-09,40.71773,-73.94051,287267
2019-12-09,40.71534825,-73.96024116,287268
2019-12-09,40.71816969454208,-73.95520135760307,287268
2019-12-09,40.72494672359416,-74.00165855884552,287269
2019-12-09,40.73704984,-73.99009296,287269
2019-12-09,40.73781509,-73.99994661,287270
2019-12-09,40.734232,-73.986923,287270
2019-12-09,40.75323098,-73.97032517,287271
2019-12-09,40.76095756,-73.96724467,287271
2019-12-09,40.71754834,-74.01322069,287272
2019-12-09,40.72456089,-73.99565293,287272
2019-12-09,40.77163851,-73.98261428,287273
2019-12-09,40.7867947,-73.977112,287273
2019-12-09,40.74311555376486,-73.98215353488922,287274
2019-12-09,40.75714758,-73.97207836,287274
2019-12-09,40.75640548,-73.9900262,287275
2019-12-09,40.7568001,-73.98291153,287275
2019-12-09,40.77579376683666,-73.9762057363987,287276
2019-12-09,40.7801839724239,-73.97728532552719,287276
2019-12-09,40.7403432,-73.98955109,287277
2019-12-09,40.77149671054441,-73.99046033620834,287277
2019-12-09,40.735367055605394,-73.98797392845154,287278
2019-12-09,40.72368361,-73.97574813,287278
2019-12-09,40.746745,-74.007756,287279
2019-12-09,40.74937024193277,-73.99923384189606,287279
2019-12-09,40.68822,-73.91966,287280
2019-12-09,40.68663,-73.9168,287280
2019-12-09,40.70411791,-73.94818595,287281
2019-12-09,40.69527008,-73.95238108,287281
2019-12-09,40.76227205,-73.98788205,287282
2019-12-09,40.754120810779256,-73.98025184869766,287282
2019-12-09,40.70862144,-74.00722156,287283
2019-12-09,40.71494807,-74.00234482,287283
2019-12-09,40.75052534,-73.94594845,287284
2019-12-09,40.7475739589548,-73.9788007736206,287284
2019-12-09,40.7262807,-73.98978041,287285
2019-12-09,40.73401143,-74.00293877,287285
2019-12-09,40.71494807,-74.00234482,287286
2019-12-09,40.71260486,-73.96264403,287286
2019-12-09,40.71739973,-73.98016555,287287
2019-12-09,40.74322681432173,-73.97449783980846,287287
2019-12-09,40.6707767,-73.9576801,287288
2019-12-09,40.6809833854,-73.9500479759,287288
2019-12-09,40.74691959,-74.00451887,287289
2019-12-09,40.74487634,-73.99529885,287289
2019-12-09,40.7381765,-73.97738662,287290
2019-12-09,40.739445,-73.976806,287290
2019-12-09,40.74232744,-73.95411749,287291
2019-12-09,40.73232194,-73.9550858,287291
2019-12-09,40.741459,-73.983293,287292
2019-12-09,40.74238787,-73.99726235,287292
2019-12-09,40.71893904,-73.99266288,287293
2019-12-09,40.71850211,-73.98329859,287293
2019-12-09,40.720747,-73.986274,287294
2019-12-09,40.7284186,-73.98713956,287294
2019-12-09,40.69573398,-73.97129668,287295
2019-12-09,40.69795031569544,-73.97077560424805,287295
2019-12-09,40.72185379,-74.00771779,287296
2019-12-09,40.71291224,-74.01020234,287296
2019-12-09,40.787801,-73.953559,287297
2019-12-09,40.79329668,-73.9432083,287297
2019-12-09,40.735445,-73.99431,287298
2019-12-09,40.73143724085228,-73.99490341544151,287298
2019-12-09,40.76727216,-73.99392888,287299
2019-12-09,40.76344058,-73.98268129,287299
2019-12-09,40.7945663,-73.9362541,287300
2019-12-09,40.8025566,-73.9490782,287300
2019-12-09,40.71273266,-74.0046073,287301
2019-12-09,40.69531727766904,-73.99015724658966,287301
2019-12-09,40.735238,-74.000271,287302
2019-12-09,40.73704984,-73.99009296,287302
2019-12-09,40.77515953434235,-73.98918695747852,287303
2019-12-09,40.77163851,-73.98261428,287303
2019-12-09,40.71273266,-74.0046073,287304
2019-12-09,40.71450451,-74.00562789,287304
2019-12-09,40.73535398,-74.00483091,287305
2019-12-09,40.73172428,-74.00674436,287305
2019-12-09,40.68962188790333,-73.98304268717766,287306
2019-12-09,40.6786115,-73.99037292,287306
2019-12-09,40.76915505,-73.98191841,287307
2019-12-09,40.7597108,-73.97402311,287307
2019-12-09,40.71291224,-74.01020234,287308
2019-12-09,40.71870987,-74.0090009,287308
2019-12-09,40.663779,-73.98396846,287309
2019-12-09,40.675146838709786,-73.97523209452629,287309
2019-12-09,40.71485150526252,-74.01122331619263,287310
2019-12-09,40.71334184275907,-74.00935515761375,287310
2019-12-09,40.74286877312112,-73.98918628692627,287311
2019-12-09,40.7505853470215,-73.9946848154068,287311
2019-12-09,40.724812564400175,-73.94752621650696,287312
2019-12-09,40.69795031569544,-73.97077560424805,287312
2019-12-09,40.763189,-73.978434,287313
2019-12-09,40.7390169121,-74.0026376103,287313
2019-12-09,40.76227205,-73.98788205,287314
2019-12-09,40.754120810779256,-73.98025184869766,287314
2019-12-09,40.72966729392978,-73.98067966103554,287315
2019-12-09,40.735445,-73.99431,287315
2019-12-09,40.71602118,-73.99974372,287316
2019-12-09,40.69580705,-73.97355569,287316
2019-12-09,40.75299641,-73.98721619,287317
2019-12-09,40.75660359,-73.9979009,287317
2019-12-09,40.74275382865903,-74.00747358798981,287318
2019-12-09,40.73401143,-74.00293877,287318
2019-12-09,40.724308321602166,-74.00473035871983,287319
2019-12-09,40.73291553,-74.00711384,287319
2019-12-09,40.7713937,-73.9077436,287320
2019-12-09,40.71907891179564,-73.94223690032959,287320
2019-12-09,40.69239502,-73.99337909,287321
2019-12-09,40.6861758,-73.99645295,287321
2019-12-09,40.69196566,-73.9813018,287322
2019-12-09,40.6792788,-73.98154004,287322
2019-12-09,40.78499979,-73.97283406,287323
2019-12-09,40.7919557,-73.968087,287323
2019-12-09,40.694546087246025,-73.95801365375519,287324
2019-12-09,40.68691865,-73.976682,287324
2019-12-09,40.72456089,-73.99565293,287325
2019-12-09,40.739323,-74.008119,287325
2019-12-09,40.76227205,-73.98788205,287326
2019-12-09,40.75172632,-73.98753523,287326
2019-12-09,40.77118287540658,-73.96409422159195,287327
2019-12-09,40.7770575,-73.97898475,287327
2019-12-09,40.73454567,-73.99074142,287328
2019-12-09,40.73224119,-74.00026394,287328
2019-12-09,40.72456089,-73.99565293,287329
2019-12-09,40.735238,-74.000271,287329
2019-12-09,40.73827428,-73.98751968,287330
2019-12-09,40.73047309,-73.98672378,287330
2019-12-09,40.72710258,-74.00297088,287331
2019-12-09,40.71285887,-73.96590294,287331
2019-12-09,40.69573398,-73.97129668,287332
2019-12-09,40.69580705,-73.97355569,287332
2019-12-09,40.663779,-73.98396846,287333
2019-12-09,40.6610633719006,-73.97945255041122,287333
2019-12-09,40.73532427,-73.99800419,287334
2019-12-09,40.73223272,-73.98889957,287334
2019-12-09,40.71413311,-73.95234386,287335
2019-12-09,40.70684203101325,-73.9544353965357,287335
2019-12-09,40.70834698,-74.01713445,287336
2019-12-09,40.74173969,-73.99415556,287336
2019-12-09,40.73047747,-73.99906065,287337
2019-12-09,40.7262807,-73.98978041,287337
2019-12-09,40.69985,-73.97141,287338
2019-12-09,40.71485150526252,-74.01122331619263,287338
2019-12-09,40.77801203,-73.95407149,287339
2019-12-09,40.77314236,-73.95856158,287339
2019-12-09,40.6786115,-73.99037292,287340
2019-12-09,40.72917025,-73.99810231,287340
2019-12-09,40.73704984,-73.99009296,287341
2019-12-09,40.74286877312112,-73.98918628692627,287341
2019-12-09,40.7158155,-73.99422366,287342
2019-12-09,40.71427487,-73.98990025,287342
2019-12-09,40.73047747,-73.99906065,287343
2019-12-09,40.72746420692392,-73.97950418293476,287343
2019-12-09,40.73143724085228,-73.99490341544151,287344
2019-12-09,40.73047309,-73.98672378,287344
2019-12-09,40.75513557,-73.98658032,287345
2019-12-09,40.7454973,-74.00197139,287345
2019-12-09,40.795346,-73.96186,287346
2019-12-09,40.76590936,-73.97634151,287346
2019-12-09,40.72019576,-73.98997825,287347
2019-12-09,40.707873,-74.00167,287347
2019-12-09,40.77149671054441,-73.99046033620834,287348
2019-12-09,40.76009437,-73.99461843,287348
2019-12-09,40.74286877312112,-73.98918628692627,287349
2019-12-09,40.7451677,-73.98683077,287349
2019-12-09,40.72066442,-73.98517977,287350
2019-12-09,40.7390169121,-74.0026376103,287350
2019-12-09,40.71605866,-73.99190759,287351
2019-12-09,40.70862144,-74.00722156,287351
2019-12-09,40.70905623,-74.01043382,287352
2019-12-09,40.7153379,-74.01658354,287352
2019-12-09,40.74734825,-73.99723551,287353
2019-12-09,40.74177603,-74.00149746,287353
2019-12-09,40.8107922,-73.9430681,287354
2019-12-09,40.7597108,-73.97402311,287354
2019-12-09,40.70905623,-74.01043382,287355
2019-12-09,40.7153379,-74.01658354,287355
2019-12-09,40.680611,-73.99475825,287356
2019-12-09,40.6773429,-74.01275056,287356
2019-12-09,40.7403432,-73.98955109,287357
2019-12-09,40.74734825,-73.99723551,287357
2019-12-09,40.69580705,-73.97355569,287358
2019-12-09,40.69573398,-73.97129668,287358
2019-12-09,40.746647,-73.993915,287359
2019-12-09,40.74395411,-73.99144871,287359
2019-12-09,40.6859296,-74.00242364,287360
2019-12-09,40.69239502,-73.99337909,287360
2019-12-09,40.7691572,-73.96703464,287361
2019-12-09,40.76712840349542,-73.96224617958069,287361
2019-12-09,40.735238,-74.000271,287362
2019-12-09,40.768254,-73.988639,287362
2019-12-09,40.722103786686034,-73.99724900722504,287363
2019-12-09,40.74901271,-73.98848395,287363
2019-12-09,40.75724567911726,-73.97805914282799,287364
2019-12-09,40.76360467795863,-73.98917958140373,287364
2019-12-09,40.72906,-73.95779,287365
2019-12-09,40.72226,-73.93889,287365
2019-12-09,40.75022392,-73.97121414,287366
2019-12-09,40.782454175279874,-73.9489196240902,287366
2019-12-09,40.763954,-73.9646,287367
2019-12-09,40.7172274,-73.98802084,287367
2019-12-09,40.73944820130404,-74.00507032871246,287368
2019-12-09,40.717571,-74.005549,287368
2019-12-09,40.8086249,-73.9596214,287369
2019-12-09,40.7937704,-73.971888,287369
2019-12-09,40.78307,-73.95939,287370
2019-12-09,40.7727966,-73.95577801,287370
2019-12-09,40.71427487,-73.98990025,287371
2019-12-09,40.71146364,-74.00552427,287371
2019-12-09,40.76712840349542,-73.96224617958069,287372
2019-12-09,40.76500525,-73.95818491,287372
2019-12-09,40.78307,-73.95939,287373
2019-12-09,40.7779453,-73.946041,287373
2019-12-09,40.77632142182271,-73.96427392959595,287374
2019-12-09,40.77632142182271,-73.96427392959595,287374
2019-12-09,40.78948541553215,-73.95242929458618,287375
2019-12-09,40.7892529,-73.93956237,287375
2019-12-09,40.714211,-73.981095,287376
2019-12-09,40.71782143,-73.97628939,287376
2019-12-09,40.7462009,-73.98855723,287377
2019-12-09,40.73532427,-73.99800419,287377
2019-12-09,40.69241829257847,-73.98949474096298,287378
2019-12-09,40.6828003,-73.99990419,287378
2019-12-09,40.69573398,-73.97129668,287379
2019-12-09,40.69794,-73.96986848,287379
2019-12-09,40.72903917,-73.99404649,287380
2019-12-09,40.73226398,-73.99852205,287380
2019-12-09,40.73401143,-74.00293877,287381
2019-12-09,40.7381765,-73.97738662,287381
2019-12-09,40.704508,-73.9351,287382
2019-12-09,40.7031724,-73.940636,287382
2019-12-09,40.73781509,-73.99994661,287383
2019-12-09,40.72621788,-73.98379855,287383
2019-12-09,40.6809833854,-73.9500479759,287384
2019-12-09,40.6851532,-73.94111,287384
2019-12-09,40.768254,-73.988639,287385
2019-12-09,40.7575699,-73.99098507,287385
2019-12-09,40.7239567849954,-73.94984364509583,287386
2019-12-09,40.72557,-73.94434,287386
2019-12-09,40.735367055605394,-73.98797392845154,287387
2019-12-09,40.76727216,-73.99392888,287387
2019-12-09,40.75640548,-73.9900262,287388
2019-12-09,40.78472675,-73.96961715,287388
2019-12-09,40.7612274,-73.96094022,287389
2019-12-09,40.7612274,-73.96094022,287389
2019-12-09,40.71307916,-73.99851193,287390
2019-12-09,40.711066,-74.009447,287390
2019-12-09,40.754120810779256,-73.98025184869766,287391
2019-12-09,40.75797322,-73.96603308,287391
2019-12-09,40.74487634,-73.99529885,287392
2019-12-09,40.75019995,-73.99093085,287392
2019-12-09,40.74937024193277,-73.99923384189606,287393
2019-12-09,40.75466591,-73.99138152,287393
2019-12-09,40.749717753,-74.002950346,287394
2019-12-09,40.73223272,-73.98889957,287394
2019-12-09,40.77163851,-73.98261428,287395
2019-12-09,40.79127,-73.964839,287395
2019-12-09,40.722103786686034,-73.99724900722504,287396
2019-12-09,40.73726186,-73.99238967,287396
2019-12-09,40.6809741,-73.9710097,287397
2019-12-09,40.68940747,-73.96885458,287397
2019-12-09,40.69474881,-73.98362464,287398
2019-12-09,40.72706363348306,-73.99662137031554,287398
2019-12-09,40.73912601,-73.97973776,287399
2019-12-09,40.739445,-73.976806,287399
2019-12-09,40.75724567911726,-73.97805914282799,287400
2019-12-09,40.75724567911726,-73.97805914282799,287400
2019-12-09,40.73587678,-73.98205027,287401
2019-12-09,40.73587678,-73.98205027,287401
2019-12-09,40.711512,-74.015756,287402
2019-12-09,40.7277140777778,-74.01129573583603,287402
2019-12-09,40.74734825,-73.99723551,287403
2019-12-09,40.76302594280519,-73.97209525108337,287403
2019-12-09,40.7779453,-73.946041,287404
2019-12-09,40.77140426,-73.9535166,287404
2019-12-09,40.69839895,-73.98068914,287405
2019-12-09,40.7158155,-73.99422366,287405
2019-12-09,40.69196566,-73.9813018,287406
2019-12-09,40.69327018,-73.97703874,287406
2019-12-09,40.716887,-73.963198,287407
2019-12-09,40.70853074,-73.96408963,287407
2019-12-09,40.768254,-73.988639,287408
2019-12-09,40.746647,-73.993915,287408
2019-12-09,40.735445,-73.99431,287409
2019-12-09,40.72917025,-73.99810231,287409
2019-12-09,40.76312584,-73.96526895,287410
2019-12-09,40.7612274,-73.96094022,287410
2019-12-09,40.68312489,-73.97895137,287411
2019-12-09,40.6772744,-73.98282002,287411
2019-12-09,40.73232194,-73.9550858,287412
2019-12-09,40.72036775298455,-73.96165072917938,287412
2019-12-09,40.70140317257725,-73.98672670125961,287413
2019-12-09,40.73020660529954,-73.99102628231049,287413
2019-12-09,40.72494672359416,-74.00165855884552,287414
2019-12-09,40.73535398,-74.00483091,287414
2019-12-09,40.7981856,-73.9605909006,287415
2019-12-09,40.8067581,-73.9607082,287415
2019-12-09,40.74096374,-73.98602213,287416
2019-12-09,40.74444921,-73.98303529,287416
2019-12-09,40.6867443,-73.99063168,287417
2019-12-09,40.68216564,-73.95399026,287417
2019-12-09,40.72019521437465,-74.0103006362915,287418
2019-12-09,40.72362738,-73.99949601,287418
2019-12-09,40.72456089,-73.99565293,287419
2019-12-09,40.7208736,-73.98085795,287419
2019-12-09,40.69573398,-73.97129668,287420
2019-12-09,40.69580705,-73.97355569,287420
2019-12-09,40.72951496224949,-73.99075269699097,287421
2019-12-09,40.7262807,-73.98978041,287421
2019-12-09,40.74444921,-73.98303529,287422
2019-12-09,40.75513557,-73.98658032,287422
2019-12-09,40.72706363348306,-73.99662137031554,287423
2019-12-09,40.74691959,-74.00451887,287423
2019-12-09,40.79406660818552,-73.96286845207214,287424
2019-12-09,40.77112927,-73.95772297,287424
2019-12-09,40.682601,-73.938037,287425
2019-12-09,40.68822,-73.91966,287425
2019-12-09,40.76019252,-73.9912551,287426
2019-12-09,40.7475739589548,-73.9788007736206,287426
2019-12-09,40.7857851,-73.957481,287427
2019-12-09,40.78499979,-73.97283406,287427
2019-12-09,40.6999974843885,-73.97440128028393,287428
2019-12-09,40.6999974843885,-73.97440128028393,287428
2019-12-09,40.74691959,-74.00451887,287429
2019-12-09,40.74487634,-73.99529885,287429
2019-12-09,40.7158155,-73.99422366,287430
2019-12-09,40.71076228,-73.99400398,287430
2019-12-09,40.715143,-73.944507,287431
2019-12-09,40.72577,-73.94173,287431
2019-12-09,40.73020660529954,-73.99102628231049,287432
2019-12-09,40.751396,-74.005226,287432
2019-12-09,40.735238,-74.000271,287433
2019-12-09,40.72494672359416,-74.00165855884552,287433
2019-12-09,40.7711528,-73.9170074,287434
2019-12-09,40.77485,-73.9342,287434
2019-12-09,40.71307916,-73.99851193,287435
2019-12-09,40.71406667,-73.99293911,287435
2019-12-09,40.71559509,-73.9870295,287436
2019-12-09,40.71076228,-73.99400398,287436
2019-12-09,40.72557,-73.94434,287437
2019-12-09,40.73555,-73.95284,287437
2019-12-09,40.7403432,-73.98955109,287438
2019-12-09,40.736502,-73.97809472,287438
2019-12-09,40.68506807308177,-73.97790759801863,287439
2019-12-09,40.6792788,-73.98154004,287439
2019-12-09,40.71559509,-73.9870295,287440
2019-12-09,40.72317958,-73.99480012,287440
2019-12-09,40.7489006,-73.97604882,287441
2019-12-09,40.738046142482766,-73.99642959237099,287441
2019-12-09,40.77118287540658,-73.96409422159195,287442
2019-12-09,40.76350532,-73.97109243,287442
2019-12-09,40.74475148,-73.99915362,287443
2019-12-09,40.746745,-74.007756,287443
2019-12-09,40.7568001,-73.98291153,287444
2019-12-09,40.74901271,-73.98848395,287444
2019-12-09,40.71413089,-73.9970468,287445
2019-12-09,40.7037992,-74.00838676,287445
2019-12-09,40.73781509,-73.99994661,287446
2019-12-09,40.73221853,-73.98165557,287446
2019-12-09,40.77477944895728,-73.95427465438843,287447
2019-12-09,40.752165280621966,-73.97992193698882,287447
2019-12-09,40.7489006,-73.97604882,287448
2019-12-09,40.7381765,-73.97738662,287448
2019-12-09,40.74444921,-73.98303529,287449
2019-12-09,40.74395411,-73.99144871,287449
2019-12-09,40.6776147,-73.97324283,287450
2019-12-09,40.6849894,-73.99440329,287450
2019-12-09,40.73381219196632,-73.98054420948029,287451
2019-12-09,40.72580614,-73.97422494,287451
2019-12-09,40.71485150526252,-74.01122331619263,287452
2019-12-09,40.71291224,-74.01020234,287452
2019-12-09,40.73226398,-73.99852205,287453
2019-12-09,40.73454567,-73.99074142,287453
2019-12-09,40.688417427540834,-73.98451656103134,287454
2019-12-09,40.6867443,-73.99063168,287454
2019-12-09,40.73269,-73.98974,287455
2019-12-09,40.73726186,-73.99238967,287455
2019-12-09,40.70365182,-74.01167797,287456
2019-12-09,40.72917025,-73.99810231,287456
2019-12-09,40.69573398,-73.97129668,287457
2019-12-09,40.69794,-73.96986848,287457
2019-12-09,40.7734066,-73.97782542,287458
2019-12-09,40.78307,-73.95939,287458
2019-12-09,40.76590936,-73.97634151,287459
2019-12-09,40.7882213,-73.97041561,287459
2019-12-09,40.73291553,-74.00711384,287460
2019-12-09,40.75929124,-73.98859651,287460
2019-12-09,40.722103786686034,-73.99724900722504,287461
2019-12-09,40.70717936,-74.00887308,287461
2019-12-09,40.734814,-73.992085,287462
2019-12-09,40.73381219196632,-73.98054420948029,287462
2019-12-09,40.716887,-73.963198,287463
2019-12-09,40.73555,-73.95284,287463
2019-12-09,40.770513,-73.988038,287464
2019-12-09,40.74173969,-73.99415556,287464
2019-12-09,40.773763,-73.96222088,287465
2019-12-09,40.763189,-73.978434,287465
2019-12-09,40.7687620293096,-73.95840793848038,287466
2019-12-09,40.787801,-73.953559,287466
2019-12-09,40.7973721,-73.97041192,287467
2019-12-09,40.78839,-73.9747,287467
2019-12-09,40.72456089,-73.99565293,287468
2019-12-09,40.71494807,-74.00234482,287468
2019-12-09,40.67363551341504,-74.01195555925369,287469
2019-12-09,40.6746957,-73.99785768,287469
2019-12-09,40.74173969,-73.99415556,287470
2019-12-09,40.73314259,-73.97573881,287470
2019-12-09,40.70955958,-74.00653609,287471
2019-12-09,40.71754834,-74.01322069,287471
2019-12-09,40.6750705,-73.98775226,287472
2019-12-09,40.675146838709786,-73.97523209452629,287472
2019-12-09,40.75455731,-73.96592976,287473
2019-12-09,40.77477944895728,-73.95427465438843,287473
2019-12-09,40.75466591,-73.99138152,287474
2019-12-09,40.74395411,-73.99144871,287474
2019-12-09,40.74286877312112,-73.98918628692627,287475
2019-12-09,40.73535398,-74.00483091,287475
2019-12-09,40.7671,-73.9169858,287476
2019-12-09,40.7675487799971,-73.9209334552288,287476
2019-12-09,40.72710258,-74.00297088,287477
2019-12-09,40.72082834,-73.97793172,287477
2019-12-09,40.74487634,-73.99529885,287478
2019-12-09,40.74345335,-74.00004031,287478
2019-12-09,40.7172274,-73.98802084,287479
2019-12-09,40.714211,-73.981095,287479
2019-12-09,40.71307916,-73.99851193,287480
2019-12-09,40.7284186,-73.98713956,287480
2019-12-09,40.7675487799971,-73.9209334552288,287481
2019-12-09,40.768692,-73.9249574,287481
2019-12-09,40.78499979,-73.97283406,287482
2019-12-09,40.7919557,-73.968087,287482
2019-12-09,40.6828003,-73.99990419,287483
2019-12-09,40.6786115,-73.99037292,287483
2019-12-09,40.72362738,-73.99949601,287484
2019-12-09,40.746745,-74.007756,287484
2019-12-09,40.73291553,-74.00711384,287485
2019-12-09,40.75929124,-73.98859651,287485
2019-12-09,40.74290902,-73.97706058,287486
2019-12-09,40.77282817,-73.96685276,287486
2019-12-09,40.74780373,-73.9734419,287487
2019-12-09,40.72066442,-73.98517977,287487
2019-12-09,40.72494672359416,-74.00165855884552,287488
2019-12-09,40.72917025,-73.99810231,287488
2019-12-09,40.7806284,-73.9521667,287489
2019-12-09,40.795,-73.9645,287489
2019-12-09,40.75500254,-73.98014437,287490
2019-12-09,40.77492513,-73.98266566,287490
2019-12-09,40.76227205,-73.98788205,287491
2019-12-09,40.76009437,-73.99461843,287491
2019-12-09,40.69236178,-73.98631746,287492
2019-12-09,40.6902375,-73.99203074,287492
2019-12-09,40.72019576,-73.98997825,287493
2019-12-09,40.72307749068673,-73.98583620786667,287493
2019-12-09,40.7643971,-73.97371465,287494
2019-12-09,40.76500525,-73.95818491,287494
2019-12-09,40.76030096,-73.99884222,287495
2019-12-09,40.71939226,-74.00247214,287495
2019-12-09,40.71605866,-73.99190759,287496
2019-12-09,40.720747,-73.986274,287496
2019-12-09,40.735445,-73.99431,287497
2019-12-09,40.74173969,-73.99415556,287497
2019-12-09,40.6765304,-73.97846879,287498
2019-12-09,40.6777287,-73.99364123,287498
2019-12-09,40.72710258,-74.00297088,287499
2019-12-09,40.71605866,-73.99190759,287499
2019-12-09,40.695065,-73.987167,287500
2019-12-09,40.69991755,-73.98971773,287500
2019-12-09,40.70538077,-73.94976519,287501
2019-12-09,40.71044554,-73.96525063,287501
2019-12-09,40.69239502,-73.99337909,287502
2019-12-09,40.69089272,-73.99612349,287502
2019-12-09,40.72710258,-74.00297088,287503
2019-12-09,40.73047747,-73.99906065,287503
2019-12-09,40.72621788,-73.98379855,287504
2019-12-09,40.73221853,-73.98165557,287504
2019-12-09,40.69573398,-73.97129668,287505
2019-12-09,40.69580705,-73.97355569,287505
2019-12-09,40.74469738,-73.93540375,287506
2019-12-09,40.7169811,-73.94485918,287506
2019-12-09,40.7403432,-73.98955109,287507
2019-12-09,40.72019576,-73.98997825,287507
2019-12-09,40.72110063,-73.9919254,287508
2019-12-09,40.71850211,-73.98329859,287508
2019-12-09,40.72362738,-73.99949601,287509
2019-12-09,40.73314259,-73.97573881,287509
2019-12-09,40.68989,-73.91458,287510
2019-12-09,40.69502,-73.92825,287510
2019-12-09,40.74286877312112,-73.98918628692627,287511
2019-12-09,40.71748752,-74.0104554,287511
2019-12-09,40.72456089,-73.99565293,287512
2019-12-09,40.75640548,-73.9900262,287512
2019-12-09,40.7390169121,-74.0026376103,287513
2019-12-09,40.73454567,-73.99074142,287513
2019-12-09,40.70907,-73.92157,287514
2019-12-09,40.7103685423523,-73.94705951213837,287514
2019-12-09,40.74765947,-73.98490707,287515
2019-12-09,40.77112927,-73.95772297,287515
2019-12-09,40.72743423,-73.99379025,287516
2019-12-09,40.72110063,-73.9919254,287516
2019-12-09,40.71450451,-74.00562789,287517
2019-12-09,40.71291224,-74.01020234,287517
2019-12-09,40.70706456,-74.00731853,287518
2019-12-09,40.71870987,-74.0090009,287518
2019-12-09,40.70905623,-74.01043382,287519
2019-12-09,40.74290902,-73.97706058,287519
2019-12-09,40.72019576,-73.98997825,287520
2019-12-09,40.72621788,-73.98379855,287520
2019-12-09,40.754691750226016,-73.99740189313889,287521
2019-12-09,40.749717753,-74.002950346,287521
2019-12-09,40.71625008,-74.0091059,287522
2019-12-09,40.70706456,-74.00731853,287522
2019-12-09,40.7652654,-73.98192338,287523
2019-12-09,40.76132983124814,-73.97982001304626,287523
2019-12-09,40.73020660529954,-73.99102628231049,287524
2019-12-09,40.73726186,-73.99238967,287524
2019-12-09,40.7675487799971,-73.9209334552288,287525
2019-12-09,40.7658346,-73.9265474,287525
2019-12-09,40.76019252,-73.9912551,287526
2019-12-09,40.74096374,-73.98602213,287526
2019-12-09,40.7262807,-73.98978041,287527
2019-12-09,40.672695,-73.954131,287527
2019-12-09,40.71559509,-73.9870295,287528
2019-12-09,40.714211,-73.981095,287528
2019-12-09,40.73221853,-73.98165557,287529
2019-12-09,40.72746420692392,-73.97950418293476,287529
2019-12-09,40.74238787,-73.99726235,287530
2019-12-09,40.7801839724239,-73.97728532552719,287530
2019-12-09,40.74469738,-73.93540375,287531
2019-12-09,40.755293,-73.967641,287531
2019-12-09,40.6809833854,-73.9500479759,287532
2019-12-09,40.6707767,-73.9576801,287532
2019-12-09,40.74311555376486,-73.98215353488922,287533
2019-12-09,40.7451677,-73.98683077,287533
2019-12-09,40.76360467795863,-73.98917958140373,287534
2019-12-09,40.76269882,-73.99301222,287534
2019-12-09,40.7485,-73.941275,287535
2019-12-09,40.7633589,-73.9286471,287535
2019-12-09,40.70365182,-74.01167797,287536
2019-12-09,40.751396,-74.005226,287536
2019-12-09,40.79329668,-73.9432083,287537
2019-12-09,40.804213,-73.96699104,287537
2019-12-09,40.72019576,-73.98997825,287538
2019-12-09,40.71494807,-74.00234482,287538
2019-12-09,40.73454567,-73.99074142,287539
2019-12-09,40.72966729392978,-73.98067966103554,287539
2019-12-09,40.6765304,-73.97846879,287540
2019-12-09,40.72606,-73.95621,287540
2019-12-09,40.75299641,-73.98721619,287541
2019-12-09,40.7652654,-73.98192338,287541
2019-12-09,40.77565541,-73.95068615,287542
2019-12-09,40.722103786686034,-73.99724900722504,287542
2019-12-09,40.73935542,-73.99931783,287543
2019-12-09,40.72621788,-73.98379855,287543
2019-12-09,40.72405549,-74.00965965,287544
2019-12-09,40.72243797,-74.00566443,287544
2019-12-09,40.751551,-73.993934,287545
2019-12-09,40.749717753,-74.002950346,287545
2019-12-09,40.67260298150126,-73.98983001708984,287546
2019-12-09,40.6787242,-73.99599099,287546
2019-12-09,40.7390169121,-74.0026376103,287547
2019-12-09,40.73652889,-74.00618026,287547
2019-12-09,40.69573398,-73.97129668,287548
2019-12-09,40.69794,-73.96986848,287548
2019-12-09,40.8005385,-73.9419949,287549
2019-12-09,40.7949879,-73.9333349,287549
2019-12-09,40.739445,-73.976806,287550
2019-12-09,40.76341379,-73.99667444,287550
2019-12-09,40.778301,-73.9488134,287551
2019-12-09,40.7835016,-73.955327,287551
2019-12-09,40.75500254,-73.98014437,287552
2019-12-09,40.76727216,-73.99392888,287552
2019-12-09,40.74286877312112,-73.98918628692627,287553
2019-12-09,40.751396,-74.005226,287553
2019-12-09,40.71748752,-74.0104554,287554
2019-12-09,40.7277140777778,-74.01129573583603,287554
2019-12-09,40.7829391,-73.9786517,287555
2019-12-09,40.77515953434235,-73.98918695747852,287555
2019-12-09,40.71605866,-73.99190759,287556
2019-12-09,40.71939226,-74.00247214,287556
2019-12-09,40.72966729392978,-73.98067966103554,287557
2019-12-09,40.722055,-73.989111,287557
2019-12-09,40.69239502,-73.99337909,287558
2019-12-09,40.6881529,-73.99520919,287558
2019-12-09,40.71605866,-73.99190759,287559
2019-12-09,40.71559509,-73.9870295,287559
2019-12-09,40.69573398,-73.97129668,287560
2019-12-09,40.69580705,-73.97355569,287560
2019-12-09,40.72706363348306,-73.99662137031554,287561
2019-12-09,40.70905623,-74.01043382,287561
2019-12-09,40.7047177,-74.00926027,287562
2019-12-09,40.71605866,-73.99190759,287562
2019-12-09,40.6864442,-73.98759104,287563
2019-12-09,40.6827549,-73.98258555,287563
2019-12-09,40.6828003,-73.99990419,287564
2019-12-09,40.69512845,-73.99595065,287564
2019-12-09,40.7403432,-73.98955109,287565
2019-12-09,40.75038009,-73.98338988,287565
2019-12-09,40.73944820130404,-74.00507032871246,287566
2019-12-09,40.73401143,-74.00293877,287566
2019-12-09,40.73726186,-73.99238967,287567
2019-12-09,40.749717753,-74.002950346,287567
2019-12-09,40.7734066,-73.97782542,287568
2019-12-09,40.751551,-73.993934,287568
2019-12-09,40.694546087246025,-73.95801365375519,287569
2019-12-09,40.70924826276157,-73.96063148975372,287569
2019-12-09,40.752269,-73.982079,287570
2019-12-09,40.777507027547976,-73.98888587951659,287570
2019-12-09,40.70838,-74.00495,287571
2019-12-09,40.70122128,-74.01234218,287571
2019-12-09,40.71625008,-74.0091059,287572
2019-12-09,40.7037992,-74.00838676,287572
2019-12-09,40.75934501,-73.96759673,287573
2019-12-09,40.7801839724239,-73.97728532552719,287573
2019-12-09,40.680611,-73.99475825,287574
2019-12-09,40.6773429,-74.01275056,287574
2019-12-09,40.75892386377695,-73.96226227283478,287575
2019-12-09,40.74144387,-73.97536082,287575
2019-12-09,40.7454973,-74.00197139,287576
2019-12-09,40.74734825,-73.99723551,287576
2019-12-09,40.73314259,-73.97573881,287577
2019-12-09,40.74096374,-73.98602213,287577
2019-12-09,40.75097711,-73.98765428,287578
2019-12-09,40.74487634,-73.99529885,287578
2019-12-09,40.76030096,-73.99884222,287579
2019-12-09,40.73944820130404,-74.00507032871246,287579
2019-12-09,40.70530954,-74.00612572,287580
2019-12-09,40.72743423,-73.99379025,287580
2019-12-09,40.6894932,-73.942061,287581
2019-12-09,40.6809833854,-73.9500479759,287581
2019-12-09,40.72217444,-73.98368779,287582
2019-12-09,40.71893904,-73.99266288,287582
2019-12-09,40.71910537,-73.99973337,287583
2019-12-09,40.7208736,-73.98085795,287583
2019-12-09,40.73454567,-73.99074142,287584
2019-12-09,40.73221853,-73.98165557,287584
2019-12-09,40.77632142182271,-73.96427392959595,287585
2019-12-09,40.77579376683666,-73.9762057363987,287585
2019-12-09,40.746647,-73.993915,287586
2019-12-09,40.7361967,-74.00859207,287586
2019-12-09,40.716887,-73.963198,287587
2019-12-09,40.707644944175705,-73.96841526031494,287587
2019-12-09,40.72494672359416,-74.00165855884552,287588
2019-12-09,40.72307749068673,-73.98583620786667,287588
2019-12-09,40.7652654,-73.98192338,287589
2019-12-09,40.75455731,-73.96592976,287589
2019-12-09,40.7643971,-73.97371465,287590
2019-12-09,40.7987859,-73.9523,287590
2019-12-09,40.77536905,-73.94803392,287591
2019-12-09,40.7817212,-73.94594,287591
2019-12-09,40.70569254,-74.01677685,287592
2019-12-09,40.72229346,-73.99147535,287592
2019-12-09,40.71622644,-73.98261206,287593
2019-12-09,40.73266,-73.95826,287593
2019-12-09,40.7734066,-73.97782542,287594
2019-12-09,40.751551,-73.993934,287594
2019-12-09,40.787801,-73.953559,287595
2019-12-09,40.76590936,-73.97634151,287595
2019-12-09,40.75500254,-73.98014437,287596
2019-12-09,40.73935542,-73.99931783,287596
2019-12-09,40.71559509,-73.9870295,287597
2019-12-09,40.714211,-73.981095,287597
2019-12-09,40.77862688,-73.95772073,287598
2019-12-09,40.74765947,-73.98490707,287598
2019-12-09,40.68981035,-73.97493121,287599
2019-12-09,40.69573398,-73.97129668,287599
2019-12-09,40.795,-73.9645,287600
2019-12-09,40.789622,-73.97757,287600
2019-12-09,40.75640548,-73.9900262,287601
2019-12-09,40.76344058,-73.98268129,287601
2019-12-09,40.6830456,-74.00348559,287602
2019-12-09,40.6853761,-73.98302136,287602
2019-12-09,40.716887,-73.963198,287603
2019-12-09,40.716887,-73.963198,287603
2019-12-09,40.76370739,-73.9851615,287604
2019-12-09,40.72917025,-73.99810231,287604
2019-12-09,40.741459,-73.983293,287605
2019-12-09,40.73221853,-73.98165557,287605
2019-12-09,40.76915505,-73.98191841,287606
2019-12-09,40.75892386377695,-73.96226227283478,287606
2019-12-09,40.74691959,-74.00451887,287607
2019-12-09,40.74177603,-74.00149746,287607
2019-12-09,40.7505853470215,-73.9946848154068,287608
2019-12-09,40.73401143,-74.00293877,287608
2019-12-09,40.68981035,-73.97493121,287609
2019-12-09,40.69573398,-73.97129668,287609
2019-12-09,40.75066386,-74.00176802,287610
2019-12-09,40.72779126,-73.98564945,287610
2019-12-09,40.76087502,-74.00277668,287611
2019-12-09,40.724308321602166,-74.00473035871983,287611
2019-12-09,40.72317958,-73.99480012,287612
2019-12-09,40.72453734,-73.98185424,287612
2019-12-09,40.72494672359416,-74.00165855884552,287613
2019-12-09,40.724308321602166,-74.00473035871983,287613
2019-12-09,40.71273266,-74.0046073,287614
2019-12-09,40.71494807,-74.00234482,287614
2019-12-09,40.72217444,-73.98368779,287615
2019-12-09,40.72229346,-73.99147535,287615
2019-12-09,40.75172632,-73.98753523,287616
2019-12-09,40.74901271,-73.98848395,287616
2019-12-09,40.73726186,-73.99238967,287617
2019-12-09,40.73704984,-73.99009296,287617
2019-12-09,40.71622644,-73.98261206,287618
2019-12-09,40.7284186,-73.98713956,287618
2019-12-09,40.751873,-73.977706,287620
2019-12-09,40.75828065,-73.97069431,287620
2019-12-09,40.73532427,-73.99800419,287621
2019-12-09,40.711512,-74.015756,287621
2019-12-09,40.74286877312112,-73.98918628692627,287622
2019-12-09,40.72917025,-73.99810231,287622
2019-12-09,40.71413089,-73.9970468,287623
2019-12-09,40.69474881,-73.98362464,287623
2019-12-09,40.71167351,-73.95141312,287624
2019-12-09,40.72179134,-73.9504154,287624
2019-12-09,40.75038009,-73.98338988,287625
2019-12-09,40.7462009,-73.98855723,287625
2019-12-09,40.75299641,-73.98721619,287626
2019-12-09,40.7451677,-73.98683077,287626
2019-12-09,40.76500525,-73.95818491,287627
2019-12-09,40.7770575,-73.97898475,287627
2019-12-09,40.75510267,-73.97498696,287628
2019-12-09,40.77112927,-73.95772297,287628
2019-12-09,40.77314236,-73.95856158,287629
2019-12-09,40.75110165,-73.94073717,287629
2019-12-09,40.73454567,-73.99074142,287630
2019-12-09,40.73226398,-73.99852205,287630
2019-12-09,40.756913,-73.921631,287631
2019-12-09,40.761584,-73.925921,287631
2019-12-09,40.751396,-74.005226,287632
2019-12-09,40.75594159,-74.0021163,287632
2019-12-09,40.751873,-73.977706,287633
2019-12-09,40.73221853,-73.98165557,287633
2019-12-09,40.76132983124814,-73.97982001304626,287634
2019-12-09,40.76727216,-73.99392888,287634
2019-12-09,40.735445,-73.99431,287635
2019-12-09,40.74765947,-73.98490707,287635
2019-12-09,40.7770575,-73.97898475,287636
2019-12-09,40.7922553,-73.95249933,287636
2019-12-09,40.73454567,-73.99074142,287637
2019-12-09,40.73912601,-73.97973776,287637
2019-12-09,40.73020660529954,-73.99102628231049,287638
2019-12-09,40.72621788,-73.98379855,287638
2019-12-09,40.754120810779256,-73.98025184869766,287639
2019-12-09,40.76132983124814,-73.97982001304626,287639
2019-12-09,40.73026,-73.95394,287640
2019-12-09,40.7190095,-73.95852515,287640
2019-12-09,40.76727216,-73.99392888,287641
2019-12-09,40.76228826,-73.98336183,287641
2019-12-09,40.799484,-73.955613,287642
2019-12-09,40.7667405590595,-73.9790689945221,287642
2019-12-09,40.73532427,-73.99800419,287643
2019-12-09,40.72953837,-73.98426726,287643
2019-12-09,40.79747,-73.93504,287644
2019-12-09,40.813358,-73.956461,287644
2019-12-09,40.74144387,-73.97536082,287645
2019-12-09,40.73038599,-74.00214988,287645
2019-12-09,40.71427487,-73.98990025,287646
2019-12-09,40.72453734,-73.98185424,287646
2019-12-09,40.73532427,-73.99800419,287647
2019-12-09,40.74780373,-73.9734419,287647
2019-12-09,40.7724607,-73.9468208,287648
2019-12-09,40.77677702,-73.9590097,287648
2019-12-09,40.73020660529954,-73.99102628231049,287649
2019-12-09,40.72779126,-73.98564945,287649
2019-12-09,40.71911552,-74.00666661,287650
2019-12-09,40.70569254,-74.01677685,287650
2019-12-09,40.7961535,-73.94782145,287651
2019-12-09,40.7949879,-73.9333349,287651
2019-12-09,40.73291553,-74.00711384,287652
2019-12-09,40.73224119,-74.00026394,287652
2019-12-09,40.75172632,-73.98753523,287653
2019-12-09,40.74096374,-73.98602213,287653
2019-12-09,40.799484,-73.955613,287654
2019-12-09,40.7667405590595,-73.9790689945221,287654
2019-12-09,40.71307916,-73.99851193,287655
2019-12-09,40.72706363348306,-73.99662137031554,287655
2019-12-09,40.69241829257847,-73.98949474096298,287656
2019-12-09,40.6737236,-73.9631611,287656
2019-12-09,40.73047309,-73.98672378,287657
2019-12-09,40.73047309,-73.98672378,287657
2019-12-09,40.7568001,-73.98291153,287658
2019-12-09,40.749717753,-74.002950346,287658
2019-12-09,40.751581,-73.97791,287659
2019-12-09,40.7462009,-73.98855723,287659
2019-12-09,40.736502,-73.97809472,287660
2019-12-09,40.7284186,-73.98713956,287660
2019-12-09,40.73226398,-73.99852205,287661
2019-12-09,40.73331967,-73.99510132,287661
2019-12-09,40.70684203101325,-73.9544353965357,287662
2019-12-09,40.71413311,-73.95234386,287662
2019-12-09,40.71273266,-74.0046073,287663
2019-12-09,40.70955958,-74.00653609,287663
2019-12-09,40.78057799010334,-73.98562431335449,287664
2019-12-09,40.722055,-73.989111,287664
2019-12-09,40.739445,-73.976806,287665
2019-12-09,40.74395411,-73.99144871,287665
2019-12-09,40.73401143,-74.00293877,287666
2019-12-09,40.751396,-74.005226,287666
2019-12-09,40.768254,-73.988639,287667
2019-12-09,40.7505853470215,-73.9946848154068,287667
2019-12-09,40.72706363348306,-73.99662137031554,287668
2019-12-09,40.730563,-73.973984,287668
2019-12-09,40.74691959,-74.00451887,287669
2019-12-09,40.74780373,-73.9734419,287669
2019-12-09,40.71427487,-73.98990025,287670
2019-12-09,40.72502876,-73.99069656,287670
2019-12-09,40.734232,-73.986923,287671
2019-12-09,40.734232,-73.986923,287671
2019-12-09,40.76312584,-73.96526895,287672
2019-12-09,40.773763,-73.96222088,287672
2019-12-09,40.7527085,-73.9397405,287673
2019-12-09,40.74718234,-73.9432635,287673
2019-12-09,40.75066386,-74.00176802,287674
2019-12-09,40.74173969,-73.99415556,287674
2019-12-09,40.76727216,-73.99392888,287675
2019-12-09,40.75797322,-73.96603308,287675
2019-12-09,40.76370739,-73.9851615,287676
2019-12-09,40.73291553,-74.00711384,287676
2019-12-09,40.751551,-73.993934,287677
2019-12-09,40.751396,-74.005226,287677
2019-12-09,40.70140317257725,-73.98672670125961,287678
2019-12-09,40.68402,-73.94977,287678
2019-12-09,40.74238787,-73.99726235,287679
2019-12-09,40.76009437,-73.99461843,287679
2019-12-09,40.74395411,-73.99144871,287680
2019-12-09,40.72966729392978,-73.98067966103554,287680
2019-12-09,40.75797322,-73.96603308,287681
2019-12-09,40.76227205,-73.98788205,287681
2019-12-09,40.74901271,-73.98848395,287682
2019-12-09,40.74765947,-73.98490707,287682
2019-12-09,40.73047747,-73.99906065,287683
2019-12-09,40.734814,-73.992085,287683
2019-12-09,40.78307,-73.95939,287684
2019-12-09,40.76590936,-73.97634151,287684
2019-12-09,40.7403432,-73.98955109,287685
2019-12-09,40.722103786686034,-73.99724900722504,287685
2019-12-09,40.7597108,-73.97402311,287686
2019-12-09,40.79313480986663,-73.97700369358063,287686
2019-12-09,40.7489006,-73.97604882,287687
2019-12-09,40.736502,-73.97809472,287687
2019-12-09,40.72082834,-73.97793172,287688
2019-12-09,40.7403432,-73.98955109,287688
2019-12-09,40.73652889,-74.00618026,287689
2019-12-09,40.72706363348306,-73.99662137031554,287689
2019-12-09,40.76009437,-73.99461843,287690
2019-12-09,40.7568001,-73.98291153,287690
2019-12-09,40.74317449,-74.00366443,287691
2019-12-09,40.74096374,-73.98602213,287691
2019-12-09,40.74311555376486,-73.98215353488922,287692
2019-12-09,40.73381219196632,-73.98054420948029,287692
2019-12-09,40.7505853470215,-73.9946848154068,287693
2019-12-09,40.763189,-73.978434,287693
2019-12-09,40.76471851944339,-73.96222069859505,287694
2019-12-09,40.77565541,-73.95068615,287694
2019-12-09,40.76500525,-73.95818491,287695
2019-12-09,40.7628138,-73.9342862,287695
2019-12-09,40.7277140777778,-74.01129573583603,287696
2019-12-09,40.7277140777778,-74.01129573583603,287696
2019-12-09,40.68506807308177,-73.97790759801863,287697
2019-12-09,40.69766564,-73.98476437,287697
2019-12-09,40.72502876,-73.99069656,287698
2019-12-09,40.73944820130404,-74.00507032871246,287698
2019-12-09,40.71146364,-74.00552427,287699
2019-12-09,40.71605866,-73.99190759,287699
2019-12-09,40.68691865,-73.976682,287700
2019-12-09,40.68506807308177,-73.97790759801863,287700
2019-12-09,40.72502876,-73.99069656,287701
2019-12-09,40.751873,-73.977706,287701
2019-12-09,40.74173969,-73.99415556,287702
2019-12-09,40.7475739589548,-73.9788007736206,287702
2019-12-09,40.72082834,-73.97793172,287703
2019-12-09,40.72019576,-73.98997825,287703
2019-12-09,40.74173969,-73.99415556,287704
2019-12-09,40.73704984,-73.99009296,287704
2019-12-09,40.7713937,-73.9077436,287705
2019-12-09,40.7774552,-73.9225403,287705
2019-12-09,40.74322681432173,-73.97449783980846,287706
2019-12-09,40.7489006,-73.97604882,287706
2019-12-09,40.71939226,-74.00247214,287707
2019-12-09,40.72953837,-73.98426726,287707
2019-12-09,40.75513557,-73.98658032,287708
2019-12-09,40.75992262,-73.97648516,287708
2019-12-09,40.72243797,-74.00566443,287709
2019-12-09,40.68323865460341,-73.96599590778351,287709
2019-12-09,40.73971301,-73.99456405,287710
2019-12-09,40.72743423,-73.99379025,287710
2019-12-09,40.76370739,-73.9851615,287711
2019-12-09,40.754691750226016,-73.99740189313889,287711
2019-12-09,40.76344058,-73.98268129,287712
2019-12-09,40.75714758,-73.97207836,287712
2019-12-09,40.6705135,-73.98876585,287713
2019-12-09,40.6740123,-73.9671457,287713
2019-12-09,40.74475148,-73.99915362,287714
2019-12-09,40.7435337324616,-74.00367558002472,287714
2019-12-09,40.73704984,-73.99009296,287715
2019-12-09,40.70862144,-74.00722156,287715
2019-12-09,40.7457121,-73.98194829,287716
2019-12-09,40.749156,-73.9916,287716
2019-12-09,40.74232744,-73.95411749,287717
2019-12-09,40.73555,-73.95284,287717
2019-12-09,40.760339,-73.9222427,287718
2019-12-09,40.7668,-73.9347774,287718
2019-12-09,40.74173969,-73.99415556,287719
2019-12-09,40.73704984,-73.99009296,287719
2019-12-09,40.73704984,-73.99009296,287720
2019-12-09,40.74444921,-73.98303529,287720
2019-12-09,40.7172274,-73.98802084,287721
2019-12-09,40.71173107,-73.99193043,287721
2019-12-09,40.76915505,-73.98191841,287722
2019-12-09,40.76663814,-73.95348296,287722
2019-12-09,40.74173969,-73.99415556,287723
2019-12-09,40.73532427,-73.99800419,287723
2019-12-09,40.728846,-74.008591,287724
2019-12-09,40.72953837,-73.98426726,287724
2019-12-09,40.72217444,-73.98368779,287725
2019-12-09,40.71782143,-73.97628939,287725
2019-12-09,40.70355377,-74.00670227,287726
2019-12-09,40.71427487,-73.98990025,287726
2019-12-09,40.74964,-73.98805,287727
2019-12-09,40.7489006,-73.97604882,287727
2019-12-09,40.8005385,-73.9419949,287728
2019-12-09,40.795,-73.9645,287728
2019-12-09,40.7989445,-73.944846,287729
2019-12-09,40.8045555,-73.9396861,287729
2019-12-09,40.686371,-73.99383324,287730
2019-12-09,40.6847514,-73.99917254,287730
2019-12-09,40.734232,-73.986923,287731
2019-12-09,40.75022392,-73.97121414,287731
2019-12-09,40.77477944895728,-73.95427465438843,287732
2019-12-09,40.8014866,-73.9442507,287732
2019-12-09,40.7390169121,-74.0026376103,287733
2019-12-09,40.7361967,-74.00859207,287733
2019-12-09,40.7675487799971,-73.9209334552288,287734
2019-12-09,40.7711528,-73.9170074,287734
2019-12-09,40.71739973,-73.98016555,287735
2019-12-09,40.711066,-74.009447,287735
2019-12-09,40.68981035,-73.97493121,287736
2019-12-09,40.6917823,-73.9737299,287736
2019-12-09,40.73912601,-73.97973776,287737
2019-12-09,40.7457121,-73.98194829,287737
2019-12-09,40.71044554,-73.96525063,287738
2019-12-09,40.716887,-73.963198,287738
2019-12-09,40.72606,-73.95621,287739
2019-12-09,40.73232194,-73.9550858,287739
2019-12-09,40.77282817,-73.96685276,287740
2019-12-09,40.7867947,-73.977112,287740
2019-12-09,40.74177603,-74.00149746,287741
2019-12-09,40.738046142482766,-73.99642959237099,287741
2019-12-09,40.75500254,-73.98014437,287742
2019-12-09,40.76302594280519,-73.97209525108337,287742
2019-12-09,40.75455731,-73.96592976,287743
2019-12-09,40.7403432,-73.98955109,287743
2019-12-09,40.72307749068673,-73.98583620786667,287744
2019-12-09,40.71893904,-73.99266288,287744
2019-12-09,40.73704984,-73.99009296,287745
2019-12-09,40.7454973,-74.00197139,287745
2019-12-09,40.72362738,-73.99949601,287746
2019-12-09,40.73381219196632,-73.98054420948029,287746
2019-12-09,40.74177603,-74.00149746,287747
2019-12-09,40.77677702,-73.9590097,287747
2019-12-09,40.70355377,-74.00670227,287748
2019-12-09,40.7381765,-73.97738662,287748
2019-12-09,40.73020660529954,-73.99102628231049,287749
2019-12-09,40.73038599,-74.00214988,287749
2019-12-09,40.697787,-73.973736,287750
2019-12-09,40.6809741,-73.9710097,287750
2019-12-09,40.70905623,-74.01043382,287751
2019-12-09,40.72019521437465,-74.0103006362915,287751
2019-12-09,40.70838,-74.00495,287752
2019-12-09,40.74096374,-73.98602213,287752
2019-12-09,40.71450451,-74.00562789,287753
2019-12-09,40.70706456,-74.00731853,287753
2019-12-09,40.74177603,-74.00149746,287754
2019-12-09,40.738046142482766,-73.99642959237099,287754
2019-12-09,40.76370739,-73.9851615,287755
2019-12-09,40.76009437,-73.99461843,287755
2019-12-09,40.73038599,-74.00214988,287756
2019-12-09,40.71559509,-73.9870295,287756
2019-12-09,40.75594159,-74.0021163,287757
2019-12-09,40.73291553,-74.00711384,287757
2019-12-09,40.7923272,-73.9383,287758
2019-12-09,40.804213,-73.96699104,287758
2019-12-09,40.722103786686034,-73.99724900722504,287759
2019-12-09,40.73532427,-73.99800419,287759
2019-12-09,40.73314259,-73.97573881,287760
2019-12-09,40.73624527,-73.98473765,287760
2019-12-09,40.75828065,-73.97069431,287761
2019-12-09,40.746647,-73.993915,287761
2019-12-09,40.69985,-73.97141,287762
2019-12-09,40.72795,-73.95414,287762
2019-12-09,40.7867947,-73.977112,287763
2019-12-09,40.79329668,-73.9432083,287763
2019-12-09,40.75510267,-73.97498696,287764
2019-12-09,40.75828065,-73.97069431,287764
2019-12-09,40.75510267,-73.97498696,287765
2019-12-09,40.74901271,-73.98848395,287765
2019-12-09,40.7489006,-73.97604882,287766
2019-12-09,40.73143724085228,-73.99490341544151,287766
2019-12-09,40.7575699,-73.99098507,287767
2019-12-09,40.76370739,-73.9851615,287767
2019-12-09,40.75299641,-73.98721619,287768
2019-12-09,40.75466591,-73.99138152,287768
2019-12-09,40.746647,-73.993915,287769
2019-12-09,40.7489006,-73.97604882,287769
2019-12-09,40.720747,-73.986274,287770
2019-12-09,40.71605866,-73.99190759,287770
2019-12-09,40.69839895,-73.98068914,287771
2019-12-09,40.69196566,-73.9813018,287771
2019-12-09,40.778301,-73.9488134,287772
2019-12-09,40.7892529,-73.93956237,287772
2019-12-09,40.74096374,-73.98602213,287773
2019-12-09,40.7381765,-73.97738662,287773
2019-12-09,40.75019995,-73.99093085,287774
2019-12-09,40.7454973,-74.00197139,287774
2019-12-09,40.76009437,-73.99461843,287775
2019-12-09,40.754120810779256,-73.98025184869766,287775
2019-12-09,40.69580705,-73.97355569,287776
2019-12-09,40.6792788,-73.98154004,287776
2019-12-09,40.68981035,-73.97493121,287777
2019-12-09,40.6917823,-73.9737299,287777
2019-12-09,40.752269,-73.982079,287778
2019-12-09,40.75172632,-73.98753523,287778
2019-12-09,40.759107,-73.959223,287779
2019-12-09,40.7727966,-73.95577801,287779
2019-12-09,40.76915505,-73.98191841,287780
2019-12-09,40.77966809007312,-73.98093044757842,287780
2019-12-09,40.72521311,-73.97768752,287781
2019-12-09,40.72966729392978,-73.98067966103554,287781
2019-12-09,40.7505853470215,-73.9946848154068,287782
2019-12-09,40.7284186,-73.98713956,287782
2019-12-09,40.711066,-74.009447,287783
2019-12-09,40.70355377,-74.00670227,287783
2019-12-09,40.74238787,-73.99726235,287784
2019-12-09,40.75097711,-73.98765428,287784
2019-12-09,40.746745,-74.007756,287785
2019-12-09,40.7284186,-73.98713956,287785
2019-12-09,40.778301,-73.9488134,287786
2019-12-09,40.8067581,-73.9607082,287786
2019-12-09,40.78499979,-73.97283406,287787
2019-12-09,40.76915505,-73.98191841,287787
2019-12-09,40.71076228,-73.99400398,287788
2019-12-09,40.71559509,-73.9870295,287788
2019-12-09,40.735445,-73.99431,287789
2019-12-09,40.7489006,-73.97604882,287789
2019-12-09,40.746745,-74.007756,287790
2019-12-09,40.7284186,-73.98713956,287790
2019-12-09,40.751873,-73.977706,287791
2019-12-09,40.74173969,-73.99415556,287791
2019-12-09,40.74311555376486,-73.98215353488922,287792
2019-12-09,40.7652654,-73.98192338,287792
2019-12-09,40.76915505,-73.98191841,287793
2019-12-09,40.787801,-73.953559,287793
2019-12-09,40.69196035,-73.96536851,287794
2019-12-09,40.68851534,-73.9647628,287794
2019-12-09,40.74780373,-73.9734419,287795
2019-12-09,40.75640548,-73.9900262,287795
2019-12-09,40.77565541,-73.95068615,287796
2019-12-09,40.76341379,-73.99667444,287796
2019-12-09,40.734814,-73.992085,287797
2019-12-09,40.73221853,-73.98165557,287797
2019-12-09,40.751873,-73.977706,287798
2019-12-09,40.76030096,-73.99884222,287798
2019-12-09,40.72307749068673,-73.98583620786667,287799
2019-12-09,40.73971301,-73.99456405,287799
2019-12-09,40.75640548,-73.9900262,287800
2019-12-09,40.754691750226016,-73.99740189313889,287800
2019-12-09,40.68691865,-73.976682,287801
2019-12-09,40.6751622,-73.9814832,287801
2019-12-09,40.71427487,-73.98990025,287802
2019-12-09,40.7158155,-73.99422366,287802
2019-12-09,40.7612274,-73.96094022,287803
2019-12-09,40.75206862,-73.96784384,287803
2019-12-09,40.7462009,-73.98855723,287804
2019-12-09,40.73912601,-73.97973776,287804
2019-12-09,40.71269042,-73.98776323,287805
2019-12-09,40.71269042,-73.98776323,287805
2019-12-09,40.74487634,-73.99529885,287806
2019-12-09,40.72743423,-73.99379025,287806
2019-12-09,40.716887,-73.963198,287807
2019-12-09,40.72906,-73.95779,287807
2019-12-09,40.7016657,-73.9437303,287808
2019-12-09,40.7016657,-73.9437303,287808
2019-12-09,40.70140317257725,-73.98672670125961,287809
2019-12-09,40.72743423,-73.99379025,287809
2019-12-09,40.72082834,-73.97793172,287810
2019-12-09,40.72580614,-73.97422494,287810
2019-12-09,40.7969347,-73.9643412291,287811
2019-12-09,40.7937704,-73.971888,287811
2019-12-09,40.71625008,-74.0091059,287812
2019-12-09,40.71307916,-73.99851193,287812
2019-12-09,40.69610226,-73.96751037,287813
2019-12-09,40.66314,-73.9605695,287813
2019-12-09,40.74475148,-73.99915362,287814
2019-12-09,40.70955958,-74.00653609,287814
2019-12-09,40.752269,-73.982079,287815
2019-12-09,40.74311555376486,-73.98215353488922,287815
2019-12-09,40.74394314,-73.97966069,287816
2019-12-09,40.73827428,-73.98751968,287816
2019-12-09,40.74734825,-73.99723551,287817
2019-12-09,40.7454973,-74.00197139,287817
2019-12-09,40.71910537,-73.99973337,287818
2019-12-09,40.74173969,-73.99415556,287818
2019-12-09,40.74708586,-73.94977234,287819
2019-12-09,40.745038,-73.957539,287819
2019-12-09,40.773763,-73.96222088,287820
2019-12-09,40.77314236,-73.95856158,287820
2019-12-09,40.72229346,-73.99147535,287821
2019-12-09,40.73331967,-73.99510132,287821
2019-12-09,40.74286877312112,-73.98918628692627,287822
2019-12-09,40.75019995,-73.99093085,287822
2019-12-09,40.76341379,-73.99667444,287823
2019-12-09,40.74173969,-73.99415556,287823
2019-12-09,40.70255065,-74.0127234,287824
2019-12-09,40.70834698,-74.01713445,287824
2019-12-09,40.69072549,-73.95133465,287825
2019-12-09,40.69502,-73.92825,287825
2019-12-09,40.73038599,-74.00214988,287826
2019-12-09,40.72706363348306,-73.99662137031554,287826
2019-12-09,40.754691750226016,-73.99740189313889,287827
2019-12-09,40.74444921,-73.98303529,287827
2019-12-09,40.70463,-74.01507,287828
2019-12-09,40.711512,-74.015756,287828
2019-12-09,40.71926081,-73.98178024,287829
2019-12-09,40.7172274,-73.98802084,287829
2019-12-09,40.71625008,-74.0091059,287830
2019-12-09,40.74096374,-73.98602213,287830
2019-12-09,40.73223272,-73.98889957,287831
2019-12-09,40.73401143,-74.00293877,287831
2019-12-09,40.739323,-74.008119,287832
2019-12-09,40.76087502,-74.00277668,287832
2019-12-09,40.746647,-73.993915,287833
2019-12-09,40.8078316,-73.949373,287833
2019-12-09,40.7779453,-73.946041,287834
2019-12-09,40.75255434,-73.97282625,287834
2019-12-09,40.755293,-73.967641,287835
2019-12-09,40.74290902,-73.97706058,287835
2019-12-09,40.73944820130404,-74.00507032871246,287836
2019-12-09,40.70834698,-74.01713445,287836
2019-12-09,40.69794,-73.96986848,287837
2019-12-09,40.71745169,-73.95850939,287837
2019-12-09,40.746647,-73.993915,287838
2019-12-09,40.73038599,-74.00214988,287838
2019-12-09,40.707873,-74.00167,287839
2019-12-09,40.70569254,-74.01677685,287839
2019-12-09,40.6881529,-73.99520919,287840
2019-12-09,40.6830456,-74.00348559,287840
2019-12-09,40.73331967,-73.99510132,287841
2019-12-09,40.73020660529954,-73.99102628231049,287841
2019-12-09,40.763189,-73.978434,287842
2019-12-09,40.74691959,-74.00451887,287842
2019-12-09,40.7403432,-73.98955109,287843
2019-12-09,40.75992262,-73.97648516,287843
2019-12-09,40.76712840349542,-73.96224617958069,287844
2019-12-09,40.74322681432173,-73.97449783980846,287844
2019-12-09,40.75019995,-73.99093085,287845
2019-12-09,40.7597108,-73.97402311,287845
2019-12-09,40.75038009,-73.98338988,287846
2019-12-09,40.754691750226016,-73.99740189313889,287846
2019-12-09,40.71273266,-74.0046073,287847
2019-12-09,40.71754834,-74.01322069,287847
2019-12-09,40.72706363348306,-73.99662137031554,287848
2019-12-09,40.735238,-74.000271,287848
2019-12-09,40.73912601,-73.97973776,287849
2019-12-09,40.7462009,-73.98855723,287849
2019-12-09,40.749156,-73.9916,287850
2019-12-09,40.74096374,-73.98602213,287850
2019-12-09,40.68981035,-73.97493121,287851
2019-12-09,40.6917823,-73.9737299,287851
2019-12-09,40.75172632,-73.98753523,287852
2019-12-09,40.7919557,-73.968087,287852
2019-12-09,40.735238,-74.000271,287853
2019-12-09,40.72743423,-73.99379025,287853
2019-12-09,40.665816,-73.956934,287854
2019-12-09,40.6707767,-73.9576801,287854
2019-12-09,40.73224119,-74.00026394,287855
2019-12-09,40.7867947,-73.977112,287855
2019-12-09,40.72299208,-73.97995466,287856
2019-12-09,40.72082834,-73.97793172,287856
2019-12-09,40.754691750226016,-73.99740189313889,287857
2019-12-09,40.74444921,-73.98303529,287857
2019-12-09,40.75323098,-73.97032517,287858
2019-12-09,40.77140426,-73.9535166,287858
2019-12-09,40.668127,-73.98377641,287859
2019-12-09,40.6686273,-73.98700053,287859
2019-12-09,40.75019995,-73.99093085,287860
2019-12-09,40.7597108,-73.97402311,287860
2019-12-09,40.69985,-73.97141,287861
2019-12-09,40.70140317257725,-73.98672670125961,287861
2019-12-09,40.738046142482766,-73.99642959237099,287862
2019-12-09,40.73827428,-73.98751968,287862
2019-12-09,40.71485150526252,-74.01122331619263,287863
2019-12-09,40.71485150526252,-74.01122331619263,287863
2019-12-09,40.76068327096592,-73.9845272898674,287864
2019-12-09,40.75724567911726,-73.97805914282799,287864
2019-12-09,40.6746957,-73.99785768,287865
2019-12-09,40.69089272,-73.99612349,287865
2019-12-09,40.8025566,-73.9490782,287866
2019-12-09,40.8086249,-73.9596214,287866
2019-12-09,40.72743423,-73.99379025,287867
2019-12-09,40.74290902,-73.97706058,287867
2019-12-09,40.734814,-73.992085,287868
2019-12-09,40.7454973,-74.00197139,287868
2019-12-09,40.668127,-73.98377641,287869
2019-12-09,40.6737236,-73.9631611,287869
2019-12-09,40.7489006,-73.97604882,287870
2019-12-09,40.75299641,-73.98721619,287870
2019-12-09,40.6767,-73.969024,287871
2019-12-09,40.6795766,-73.97854971,287871
2019-12-09,40.6763947,-73.99869893,287872
2019-12-09,40.69089272,-73.99612349,287872
2019-12-09,40.71167351,-73.95141312,287873
2019-12-09,40.7169811,-73.94485918,287873
2019-12-09,40.695065,-73.987167,287874
2019-12-09,40.71334184275907,-74.00935515761375,287874
2019-12-09,40.6793307,-73.97519523,287875
2019-12-09,40.68691865,-73.976682,287875
2019-12-09,40.6746957,-73.99785768,287876
2019-12-09,40.69089272,-73.99612349,287876
2019-12-09,40.752269,-73.982079,287877
2019-12-09,40.76068327096592,-73.9845272898674,287877
2019-12-09,40.739445,-73.976806,287878
2019-12-09,40.74290902,-73.97706058,287878
2019-12-09,40.69239502,-73.99337909,287879
2019-12-09,40.6881529,-73.99520919,287879
2019-12-09,40.722055,-73.989111,287880
2019-12-09,40.718822,-73.99596,287880
2019-12-09,40.778301,-73.9488134,287881
2019-12-09,40.7849032,-73.950503,287881
2019-12-09,40.74177603,-74.00149746,287882
2019-12-09,40.73781509,-73.99994661,287882
2019-12-09,40.71745169,-73.95850939,287883
2019-12-09,40.72557,-73.94434,287883
2019-12-09,40.734814,-73.992085,287884
2019-12-09,40.72706363348306,-73.99662137031554,287884
2019-12-09,40.7454973,-74.00197139,287885
2019-12-09,40.74487634,-73.99529885,287885
2019-12-09,40.68981035,-73.97493121,287886
2019-12-09,40.6917823,-73.9737299,287886
2019-12-09,40.7451677,-73.98683077,287887
2019-12-09,40.751396,-74.005226,287887
2019-12-09,40.7770575,-73.97898475,287888
2019-12-09,40.7867947,-73.977112,287888
2019-12-09,40.73935542,-73.99931783,287889
2019-12-09,40.7699426,-73.96060712,287889
2019-12-09,40.7687620293096,-73.95840793848038,287890
2019-12-09,40.7862586,-73.94552579,287890
2019-12-09,40.7462009,-73.98855723,287891
2019-12-09,40.74290902,-73.97706058,287891
2019-12-09,40.71494807,-74.00234482,287892
2019-12-09,40.751581,-73.97791,287892
2019-12-09,40.72966729392978,-73.98067966103554,287893
2019-12-09,40.714211,-73.981095,287893
2019-12-09,40.6802133,-73.98432695,287894
2019-12-09,40.6802133,-73.98432695,287894
2019-12-09,40.75594159,-74.0021163,287895
2019-12-09,40.76727216,-73.99392888,287895
2019-12-09,40.70862144,-74.00722156,287896
2019-12-09,40.72066442,-73.98517977,287896
2019-12-09,40.73532427,-73.99800419,287897
2019-12-09,40.71427487,-73.98990025,287897
2019-12-09,40.71754834,-74.01322069,287898
2019-12-09,40.74691959,-74.00451887,287898
2019-12-09,40.8082,-73.9641,287899
2019-12-09,40.7937704,-73.971888,287899
2019-12-09,40.7462009,-73.98855723,287900
2019-12-09,40.739445,-73.976806,287900
2019-12-09,40.71559509,-73.9870295,287901
2019-12-09,40.72066442,-73.98517977,287901
2019-12-09,40.75110165,-73.94073717,287902
2019-12-09,40.7614376,-73.9411265,287902
2019-12-09,40.75186951421875,-73.93349289894103,287903
2019-12-09,40.7767,-73.927631,287903
2019-12-09,40.75001986,-73.96905301,287904
2019-12-09,40.73381219196632,-73.98054420948029,287904
2019-12-09,40.76132983124814,-73.97982001304626,287905
2019-12-09,40.76370739,-73.9851615,287905
2019-12-09,40.71754834,-74.01322069,287906
2019-12-09,40.71146364,-74.00552427,287906
2019-12-09,40.69839895,-73.98068914,287907
2019-12-09,40.68753406,-73.97265183,287907
2019-12-09,40.6881529,-73.99520919,287908
2019-12-09,40.6728155,-73.98352355,287908
2019-12-09,40.73454567,-73.99074142,287909
2019-12-09,40.73047309,-73.98672378,287909
2019-12-09,40.75797322,-73.96603308,287910
2019-12-09,40.75510267,-73.97498696,287910
2019-12-09,40.73226398,-73.99852205,287911
2019-12-09,40.7403432,-73.98955109,287911
2019-12-09,40.717571,-74.005549,287912
2019-12-09,40.70717936,-74.00887308,287912
2019-12-09,40.75299641,-73.98721619,287913
2019-12-09,40.74395411,-73.99144871,287913
2019-12-09,40.7652654,-73.98192338,287914
2019-12-09,40.759125,-73.962658,287914
2019-12-09,40.74290902,-73.97706058,287915
2019-12-09,40.735238,-74.000271,287915
2019-12-09,40.6777287,-73.99364123,287916
2019-12-09,40.6777287,-73.99364123,287916
2019-12-09,40.73704984,-73.99009296,287917
2019-12-09,40.74444921,-73.98303529,287917
2019-12-09,40.74718234,-73.9432635,287918
2019-12-09,40.7423737,-73.9566,287918
2019-12-09,40.75172632,-73.98753523,287919
2019-12-09,40.74238787,-73.99726235,287919
2019-12-09,40.71335226222875,-73.9491033554077,287920
2019-12-09,40.72066442,-73.98517977,287920
2019-12-09,40.73935542,-73.99931783,287921
2019-12-09,40.73587678,-73.98205027,287921
2019-12-09,40.72903917,-73.99404649,287922
2019-12-09,40.736502,-73.97809472,287922
2019-12-09,40.69241829257847,-73.98949474096298,287923
2019-12-09,40.675146838709786,-73.97523209452629,287923
2019-12-09,40.72494672359416,-74.00165855884552,287924
2019-12-09,40.70834698,-74.01713445,287924
2019-12-09,40.6827549,-73.98258555,287925
2019-12-09,40.688417427540834,-73.98451656103134,287925
2019-12-09,40.73291553,-74.00711384,287926
2019-12-09,40.695065,-73.987167,287926
2019-12-09,40.7919557,-73.968087,287927
2019-12-09,40.7921,-73.9739,287927
2019-12-09,40.71167351,-73.95141312,287928
2019-12-09,40.72311651,-73.95212324,287928
2019-12-09,40.768254,-73.988639,287929
2019-12-09,40.76344058,-73.98268129,287929
2019-12-09,40.73143724085228,-73.99490341544151,287930
2019-12-09,40.73269,-73.98974,287930
2019-12-09,40.7262807,-73.98978041,287931
2019-12-09,40.72405549,-74.00965965,287931
2019-12-09,40.7149787,-74.013012,287932
2019-12-09,40.70530954,-74.00612572,287932
2019-12-09,40.751551,-73.993934,287933
2019-12-09,40.73971301,-73.99456405,287933
2019-12-09,40.694281141397326,-73.99230033159256,287934
2019-12-09,40.702461,-73.986842,287934
2019-12-09,40.668127,-73.98377641,287935
2019-12-09,40.6737236,-73.9631611,287935
2019-12-09,40.7770575,-73.97898475,287936
2019-12-09,40.76269882,-73.99301222,287936
2019-12-09,40.76095756,-73.96724467,287937
2019-12-09,40.7612274,-73.96094022,287937
2019-12-09,40.75714758,-73.97207836,287938
2019-12-09,40.7817212,-73.94594,287938
2019-12-09,40.7451677,-73.98683077,287939
2019-12-09,40.74311555376486,-73.98215353488922,287939
2019-12-09,40.71739973,-73.98016555,287940
2019-12-09,40.71427487,-73.98990025,287940
2019-12-09,40.77118287540658,-73.96409422159195,287941
2019-12-09,40.7806284,-73.9521667,287941
2019-12-09,40.713126,-73.984844,287942
2019-12-09,40.7037992,-74.00838676,287942
2019-12-09,40.73781509,-73.99994661,287943
2019-12-09,40.73781509,-73.99994661,287943
2019-12-09,40.74322681432173,-73.97449783980846,287944
2019-12-09,40.73221853,-73.98165557,287944
2019-12-09,40.7153379,-74.01658354,287945
2019-12-09,40.717571,-74.005549,287945
2019-12-09,40.75714758,-73.97207836,287946
2019-12-09,40.73381219196632,-73.98054420948029,287946
2019-12-09,40.6999974843885,-73.97440128028393,287947
2019-12-09,40.7003,-73.991581,287947
2019-12-09,40.70140317257725,-73.98672670125961,287948
2019-12-09,40.70862144,-74.00722156,287948
2019-12-09,40.71745169,-73.95850939,287949
2019-12-09,40.71044554,-73.96525063,287949
2019-12-09,40.71602118,-73.99974372,287950
2019-12-09,40.71117444,-73.99682619,287950
2019-12-09,40.7457121,-73.98194829,287951
2019-12-09,40.73827428,-73.98751968,287951
2019-12-09,40.75172632,-73.98753523,287952
2019-12-09,40.74901271,-73.98848395,287952
2019-12-09,40.73143724085228,-73.99490341544151,287953
2019-12-09,40.74173969,-73.99415556,287953
2019-12-09,40.74173969,-73.99415556,287954
2019-12-09,40.746647,-73.993915,287954
2019-12-09,40.718822,-73.99596,287955
2019-12-09,40.73587678,-73.98205027,287955
2019-12-09,40.69795031569544,-73.97077560424805,287956
2019-12-09,40.69165183,-73.9999786,287956
2019-12-09,40.751396,-74.005226,287957
2019-12-09,40.71334184275907,-74.00935515761375,287957
2019-12-09,40.7475739589548,-73.9788007736206,287958
2019-12-09,40.74286877312112,-73.98918628692627,287958
2019-12-09,40.72317958,-73.99480012,287959
2019-12-09,40.71559509,-73.9870295,287959
2019-12-09,40.76227205,-73.98788205,287960
2019-12-09,40.768254,-73.988639,287960
2019-12-09,40.73314259,-73.97573881,287961
2019-12-09,40.74173969,-73.99415556,287961
2019-12-09,40.6829151,-73.99318208,287962
2019-12-09,40.677236,-74.015665,287962
2019-12-09,40.68764484,-73.96968902,287963
2019-12-09,40.6917823,-73.9737299,287963
2019-12-09,40.73454567,-73.99074142,287964
2019-12-09,40.72743423,-73.99379025,287964
2019-12-09,40.7922553,-73.95249933,287965
2019-12-09,40.799484,-73.955613,287965
2019-12-09,40.74128309355993,-73.93725872039794,287966
2019-12-09,40.68650065,-73.96563307,287966
2019-12-09,40.71247661,-73.94100005,287967
2019-12-09,40.70684203101325,-73.9544353965357,287967
2019-12-09,40.75594159,-74.0021163,287968
2019-12-09,40.75724567911726,-73.97805914282799,287968
2019-12-09,40.751396,-74.005226,287969
2019-12-09,40.746647,-73.993915,287969
2019-12-09,40.7381765,-73.97738662,287970
2019-12-09,40.72740794,-73.98142006,287970
2019-12-09,40.722103786686034,-73.99724900722504,287971
2019-12-09,40.72621788,-73.98379855,287971
2019-12-09,40.74173969,-73.99415556,287972
2019-12-09,40.74177603,-74.00149746,287972
2019-12-09,40.75934501,-73.96759673,287973
2019-12-09,40.7652654,-73.98192338,287973
2019-12-09,40.73143724085228,-73.99490341544151,287974
2019-12-09,40.7403432,-73.98955109,287974
2019-12-09,40.7158155,-73.99422366,287975
2019-12-09,40.6783563,-74.00014502,287975
2019-12-09,40.7390169121,-74.0026376103,287976
2019-12-09,40.72405549,-74.00965965,287976
2019-12-09,40.7770575,-73.97898475,287977
2019-12-09,40.78472675,-73.96961715,287977
2019-12-09,40.71625008,-74.0091059,287978
2019-12-09,40.735367055605394,-73.98797392845154,287978
2019-12-09,40.754691750226016,-73.99740189313889,287979
2019-12-09,40.74275382865903,-74.00747358798981,287979
2019-12-09,40.72743423,-73.99379025,287980
2019-12-09,40.7381765,-73.97738662,287980
2019-12-09,40.77492513,-73.98266566,287981
2019-12-09,40.76370739,-73.9851615,287981
2019-12-09,40.6610633719006,-73.97945255041122,287982
2019-12-09,40.6686273,-73.98700053,287982
2019-12-09,40.74444921,-73.98303529,287983
2019-12-09,40.749717753,-74.002950346,287983
2019-12-09,40.76030096,-73.99884222,287984
2019-12-09,40.72706363348306,-73.99662137031554,287984
2019-12-09,40.71559509,-73.9870295,287985
2019-12-09,40.713126,-73.984844,287985
2019-12-09,40.78472675,-73.96961715,287986
2019-12-09,40.76915505,-73.98191841,287986
2019-12-09,40.7451677,-73.98683077,287987
2019-12-09,40.75640548,-73.9900262,287987
2019-12-09,40.71427487,-73.98990025,287988
2019-12-09,40.72917025,-73.99810231,287988
2019-12-09,40.72248188638219,-73.95921930670738,287989
2019-12-09,40.71286844,-73.95698119,287989
2019-12-09,40.74096374,-73.98602213,287990
2019-12-09,40.746745,-74.007756,287990
2019-12-09,40.7734066,-73.97782542,287991
2019-12-09,40.76019252,-73.9912551,287991
2019-12-09,40.73587678,-73.98205027,287992
2019-12-09,40.73827428,-73.98751968,287992
2019-12-09,40.74232744,-73.95411749,287993
2019-12-09,40.74731,-73.95451,287993
2019-12-09,40.68539567,-73.97431458,287994
2019-12-09,40.6737236,-73.9631611,287994
2019-12-09,40.73704984,-73.99009296,287995
2019-12-09,40.71219906,-73.97948148,287995
2019-12-09,40.735445,-73.99431,287996
2019-12-09,40.72917025,-73.99810231,287996
2019-12-09,40.70113,-73.91422,287997
2019-12-09,40.69839895,-73.98068914,287997
2019-12-09,40.71534825,-73.96024116,287998
2019-12-09,40.71907891179564,-73.94223690032959,287998
2019-12-09,40.754691750226016,-73.99740189313889,287999
2019-12-09,40.74275382865903,-74.00747358798981,287999
2019-12-09,40.680611,-73.99475825,288000
2019-12-09,40.6828003,-73.99990419,288000
2019-12-09,40.710451,-73.960876,288001
2019-12-09,40.710451,-73.960876,288001
2019-12-09,40.754120810779256,-73.98025184869766,288002
2019-12-09,40.736502,-73.97809472,288002
2019-12-09,40.718822,-73.99596,288003
2019-12-09,40.72317958,-73.99480012,288003
2019-12-09,40.6686627,-73.97988067,288004
2019-12-09,40.663779,-73.98396846,288004
2019-12-09,40.77118287540658,-73.96409422159195,288005
2019-12-09,40.7667405590595,-73.9790689945221,288005
2019-12-09,40.7208736,-73.98085795,288006
2019-12-09,40.72368361,-73.97574813,288006
2019-12-09,40.74765947,-73.98490707,288007
2019-12-09,40.749156,-73.9916,288007
2019-12-09,40.6827549,-73.98258555,288008
2019-12-09,40.68926942,-73.98912867,288008
2019-12-09,40.70862144,-74.00722156,288009
2019-12-09,40.71559509,-73.9870295,288009
2019-12-09,40.73587678,-73.98205027,288010
2019-12-09,40.74173969,-73.99415556,288010
2019-12-09,40.71219906,-73.97948148,288011
2019-12-09,40.71427487,-73.98990025,288011
2019-12-09,40.73454567,-73.99074142,288012
2019-12-09,40.71893904,-73.99266288,288012
2019-12-09,40.761573,-73.972628,288013
2019-12-09,40.761573,-73.972628,288013
2019-12-09,40.74311555376486,-73.98215353488922,288014
2019-12-09,40.739445,-73.976806,288014
2019-12-09,40.7546011026,-73.971878855,288015
2019-12-09,40.76095756,-73.96724467,288015
2019-12-09,40.6809741,-73.9710097,288016
2019-12-09,40.6902375,-73.99203074,288016
2019-12-09,40.7767,-73.927631,288017
2019-12-09,40.774591,-73.918544,288017
2019-12-09,40.761573,-73.972628,288018
2019-12-09,40.75510267,-73.97498696,288018
2019-12-09,40.68683208,-73.9796772,288019
2019-12-09,40.6792788,-73.98154004,288019
2019-12-09,40.7003,-73.991581,288020
2019-12-09,40.70255088,-73.98940236,288020
2019-12-09,40.74901271,-73.98848395,288021
2019-12-09,40.75172632,-73.98753523,288021
2019-12-09,40.73704984,-73.99009296,288022
2019-12-09,40.7505853470215,-73.9946848154068,288022
2019-12-09,40.76132983124814,-73.97982001304626,288023
2019-12-09,40.74901271,-73.98848395,288023
2019-12-09,40.71910537,-73.99973337,288024
2019-12-09,40.72456089,-73.99565293,288024
2019-12-09,40.73726186,-73.99238967,288025
2019-12-09,40.746647,-73.993915,288025
2019-12-09,40.73223272,-73.98889957,288026
2019-12-09,40.73143724085228,-73.99490341544151,288026
2019-12-09,40.74444921,-73.98303529,288027
2019-12-09,40.73971301,-73.99456405,288027
2019-12-09,40.713126,-73.984844,288028
2019-12-09,40.7284186,-73.98713956,288028
2019-12-09,40.73532427,-73.99800419,288029
2019-12-09,40.72228087,-73.97668709,288029
2019-12-09,40.72521311,-73.97768752,288030
2019-12-09,40.72453734,-73.98185424,288030
2019-12-09,40.75001986,-73.96905301,288031
2019-12-09,40.76500525,-73.95818491,288031
2019-12-09,40.735238,-74.000271,288032
2019-12-09,40.73781509,-73.99994661,288032
2019-12-09,40.7612274,-73.96094022,288033
2019-12-09,40.77140426,-73.9535166,288033
2019-12-09,40.77140426,-73.9535166,288034
2019-12-09,40.76500525,-73.95818491,288034
2019-12-09,40.72521311,-73.97768752,288035
2019-12-09,40.72521311,-73.97768752,288035
2019-12-09,40.69064807082943,-73.95746178925037,288036
2019-12-09,40.698,-73.9127,288036
2019-12-09,40.71019,-73.93734,288037
2019-12-09,40.70907,-73.92157,288037
2019-12-09,40.7462009,-73.98855723,288038
2019-12-09,40.75038009,-73.98338988,288038
2019-12-09,40.710451,-73.960876,288039
2019-12-09,40.7190095,-73.95852515,288039
2019-12-09,40.74937024193277,-73.99923384189606,288040
2019-12-09,40.74734825,-73.99723551,288040
2019-12-09,40.7941654,-73.974124,288041
2019-12-09,40.7921,-73.9739,288041
2019-12-09,40.7699426,-73.96060712,288042
2019-12-09,40.77536905,-73.94803392,288042
2019-12-09,40.76227205,-73.98788205,288043
2019-12-09,40.770513,-73.988038,288043
2019-12-09,40.72228087,-73.97668709,288044
2019-12-09,40.735445,-73.99431,288044
2019-12-09,40.72456089,-73.99565293,288045
2019-12-09,40.72019576,-73.98997825,288045
2019-12-09,40.751873,-73.977706,288046
2019-12-09,40.74780373,-73.9734419,288046
2019-12-09,40.73269,-73.98974,288047
2019-12-09,40.72502876,-73.99069656,288047
2019-12-09,40.71291224,-74.01020234,288048
2019-12-09,40.751873,-73.977706,288048
2019-12-09,40.7989445,-73.944846,288049
2019-12-09,40.76590936,-73.97634151,288049
2019-12-09,40.76915505,-73.98191841,288050
2019-12-09,40.79127,-73.964839,288050
2019-12-09,40.68962188790333,-73.98304268717766,288051
2019-12-09,40.68539567,-73.97431458,288051
2019-12-09,40.7462009,-73.98855723,288052
2019-12-09,40.74311555376486,-73.98215353488922,288052
2019-12-09,40.74901271,-73.98848395,288053
2019-12-09,40.722103786686034,-73.99724900722504,288053
2019-12-09,40.75019995,-73.99093085,288054
2019-12-09,40.770513,-73.988038,288054
2019-12-09,40.68691865,-73.976682,288055
2019-12-09,40.71534825,-73.96024116,288055
2019-12-09,40.6711978,-73.97484126,288056
2019-12-09,40.668127,-73.98377641,288056
2019-12-09,40.6705135,-73.98876585,288057
2019-12-09,40.6802133,-73.98432695,288057
2019-12-09,40.72951496224949,-73.99075269699097,288058
2019-12-09,40.72019576,-73.98997825,288058
2019-12-09,40.754120810779256,-73.98025184869766,288059
2019-12-09,40.75255434,-73.97282625,288059
2019-12-09,40.6803560840434,-73.9476791024208,288060
2019-12-09,40.68506807308177,-73.97790759801863,288060
2019-12-09,40.72317958,-73.99480012,288061
2019-12-09,40.75038009,-73.98338988,288061
2019-12-09,40.735367055605394,-73.98797392845154,288062
2019-12-09,40.74286877312112,-73.98918628692627,288062
2019-12-09,40.71754834,-74.01322069,288063
2019-12-09,40.71273266,-74.0046073,288063
2019-12-09,40.71754834,-74.01322069,288064
2019-12-09,40.71273266,-74.0046073,288064
2019-12-09,40.722103786686034,-73.99724900722504,288065
2019-12-09,40.72066442,-73.98517977,288065
2019-12-09,40.734814,-73.992085,288066
2019-12-09,40.72494672359416,-74.00165855884552,288066
2019-12-09,40.72743423,-73.99379025,288067
2019-12-09,40.72066442,-73.98517977,288067
2019-12-09,40.69165183,-73.9999786,288068
2019-12-09,40.6859296,-74.00242364,288068
2019-12-09,40.73587678,-73.98205027,288069
2019-12-09,40.74964,-73.98805,288069
2019-12-09,40.71915571696044,-73.94885390996933,288070
2019-12-09,40.71335226222875,-73.9491033554077,288070
2019-12-09,40.752165280621966,-73.97992193698882,288071
2019-12-09,40.74395411,-73.99144871,288071
2019-12-09,40.73726186,-73.99238967,288072
2019-12-09,40.75929124,-73.98859651,288072
2019-12-09,40.706237,-73.933871,288073
2019-12-09,40.71286844,-73.95698119,288073
2019-12-09,40.75299641,-73.98721619,288074
2019-12-09,40.7489006,-73.97604882,288074
2019-12-09,40.73944820130404,-74.00507032871246,288075
2019-12-09,40.734814,-73.992085,288075
2019-12-09,40.74966,-73.9521,288076
2019-12-09,40.74232744,-73.95411749,288076
2019-12-09,40.76370739,-73.9851615,288077
2019-12-09,40.7770575,-73.97898475,288077
2019-12-09,40.74096374,-73.98602213,288078
2019-12-09,40.73726186,-73.99238967,288078
2019-12-09,40.72743423,-73.99379025,288079
2019-12-09,40.73726186,-73.99238967,288079
2019-12-09,40.74177603,-74.00149746,288080
2019-12-09,40.70862144,-74.00722156,288080
2019-12-09,40.7158155,-73.99422366,288081
2019-12-09,40.71427487,-73.98990025,288081
2019-12-09,40.7462009,-73.98855723,288082
2019-12-09,40.76068327096592,-73.9845272898674,288082
2019-12-09,40.718822,-73.99596,288083
2019-12-09,40.72706363348306,-73.99662137031554,288083
2019-12-09,40.68683208,-73.9796772,288084
2019-12-09,40.69196035,-73.96536851,288084
2019-12-09,40.73221853,-73.98165557,288085
2019-12-09,40.72746420692392,-73.97950418293476,288085
2019-12-09,40.74901271,-73.98848395,288086
2019-12-09,40.751873,-73.977706,288086
2019-12-09,40.7172274,-73.98802084,288087
2019-12-09,40.71173107,-73.99193043,288087
2019-12-09,40.711066,-74.009447,288088
2019-12-09,40.73454567,-73.99074142,288088
2019-12-09,40.76095756,-73.96724467,288089
2019-12-09,40.77966809007312,-73.98093044757842,288089
2019-12-09,40.72311651,-73.95212324,288090
2019-12-09,40.71882,-73.93948,288090
2019-12-09,40.74317449,-74.00366443,288091
2019-12-09,40.74691959,-74.00451887,288091
2019-12-09,40.76312584,-73.96526895,288092
2019-12-09,40.7691572,-73.96703464,288092
2019-12-09,40.74691959,-74.00451887,288093
2019-12-09,40.74173969,-73.99415556,288093
2019-12-09,40.73331967,-73.99510132,288094
2019-12-09,40.73781509,-73.99994661,288094
2019-12-09,40.71605866,-73.99190759,288095
2019-12-09,40.707873,-74.00167,288095
2019-12-09,40.7937704,-73.971888,288096
2019-12-09,40.770513,-73.988038,288096
2019-12-09,40.718822,-73.99596,288097
2019-12-09,40.70538077,-73.94976519,288097
2019-12-09,40.735238,-74.000271,288098
2019-12-09,40.7403432,-73.98955109,288098
2019-12-09,40.72903917,-73.99404649,288099
2019-12-09,40.74144387,-73.97536082,288099
2019-12-09,40.77140426,-73.9535166,288100
2019-12-09,40.76500525,-73.95818491,288100
2019-12-09,40.7451677,-73.98683077,288101
2019-12-09,40.72710258,-74.00297088,288101
2019-12-09,40.74173969,-73.99415556,288102
2019-12-09,40.74096374,-73.98602213,288102
2019-12-09,40.69165183,-73.9999786,288103
2019-12-09,40.68763155,-74.0016256,288103
2019-12-09,40.73020660529954,-73.99102628231049,288104
2019-12-09,40.73535398,-74.00483091,288104
2019-12-09,40.75022392,-73.97121414,288105
2019-12-09,40.75299641,-73.98721619,288105
2019-12-09,40.75466591,-73.99138152,288106
2019-12-09,40.7981856,-73.9605909006,288106
2019-12-09,40.77149671054441,-73.99046033620834,288107
2019-12-09,40.73454567,-73.99074142,288107
2019-12-09,40.73020660529954,-73.99102628231049,288108
2019-12-09,40.72456089,-73.99565293,288108
2019-12-09,40.68539567,-73.97431458,288109
2019-12-09,40.6794388,-73.9680438,288109
2019-12-09,40.72307749068673,-73.98583620786667,288110
2019-12-09,40.73314259,-73.97573881,288110
2019-12-09,40.749156,-73.9916,288111
2019-12-09,40.739445,-73.976806,288111
2019-12-09,40.72453734,-73.98185424,288112
2019-12-09,40.72299208,-73.97995466,288112
2019-12-09,40.77477944895728,-73.95427465438843,288113
2019-12-09,40.77518615,-73.94446054,288113
2019-12-09,40.724308321602166,-74.00473035871983,288114
2019-12-09,40.71605866,-73.99190759,288114
2019-12-09,40.72325,-73.94308,288115
2019-12-09,40.71167351,-73.95141312,288115
2019-12-09,40.70122128,-74.01234218,288116
2019-12-09,40.72217444,-73.98368779,288116
2019-12-09,40.7869946,-73.94164802,288117
2019-12-09,40.7949879,-73.9333349,288117
2019-12-09,40.71910537,-73.99973337,288118
2019-12-09,40.7158155,-73.99422366,288118
2019-12-09,40.72228087,-73.97668709,288119
2019-12-09,40.71739973,-73.98016555,288119
2019-12-09,40.70255065,-74.0127234,288120
2019-12-09,40.711066,-74.009447,288120
2019-12-09,40.72706363348306,-73.99662137031554,288122
2019-12-09,40.72453734,-73.98185424,288122
2019-12-09,40.72917025,-73.99810231,288123
2019-12-09,40.72740794,-73.98142006,288123
2019-12-09,40.76590936,-73.97634151,288124
2019-12-09,40.7981856,-73.9605909006,288124
2019-12-09,40.7451677,-73.98683077,288125
2019-12-09,40.74475148,-73.99915362,288125
2019-12-09,40.71625008,-74.0091059,288126
2019-12-09,40.71602118,-73.99974372,288126
2019-12-09,40.7172274,-73.98802084,288127
2019-12-09,40.71850211,-73.98329859,288127
2019-12-09,40.74173969,-73.99415556,288128
2019-12-09,40.75640548,-73.9900262,288128
2019-12-09,40.763954,-73.9646,288129
2019-12-09,40.77140426,-73.9535166,288129
2019-12-09,40.72917025,-73.99810231,288130
2019-12-09,40.72621788,-73.98379855,288130
2019-12-09,40.69047,-73.923511,288131
2019-12-09,40.71534825,-73.96024116,288131
2019-12-09,40.801694,-73.957145,288132
2019-12-09,40.8045555,-73.9396861,288132
2019-12-09,40.74286877312112,-73.98918628692627,288133
2019-12-09,40.722103786686034,-73.99724900722504,288133
2019-12-09,40.76712840349542,-73.96224617958069,288134
2019-12-09,40.77573034,-73.9567526,288134
2019-12-09,40.6728155,-73.98352355,288135
2019-12-09,40.663779,-73.98396846,288135
2019-12-09,40.695065,-73.987167,288136
2019-12-09,40.68764484,-73.96968902,288136
2019-12-09,40.76344058,-73.98268129,288137
2019-12-09,40.782593,-73.971211,288137
2019-12-09,40.7770575,-73.97898475,288138
2019-12-09,40.746745,-74.007756,288138
2019-12-09,40.68764484,-73.96968902,288139
2019-12-09,40.68691865,-73.976682,288139
2019-12-09,40.73726186,-73.99238967,288140
2019-12-09,40.73944820130404,-74.00507032871246,288140
2019-12-09,40.74173969,-73.99415556,288141
2019-12-09,40.75019995,-73.99093085,288141
2019-12-09,40.741459,-73.983293,288142
2019-12-09,40.7451677,-73.98683077,288142
2019-12-09,40.74394314,-73.97966069,288143
2019-12-09,40.736502,-73.97809472,288143
2019-12-09,40.74238787,-73.99726235,288144
2019-12-09,40.7208736,-73.98085795,288144
2019-12-09,40.7546011026,-73.971878855,288145
2019-12-09,40.74901271,-73.98848395,288145
2019-12-09,40.74487634,-73.99529885,288146
2019-12-09,40.73704984,-73.99009296,288146
2019-12-09,40.72307749068673,-73.98583620786667,288147
2019-12-09,40.71559509,-73.9870295,288147
2019-12-09,40.68382604,-73.97632328,288148
2019-12-09,40.6776147,-73.97324283,288148
2019-12-09,40.73226398,-73.99852205,288149
2019-12-09,40.7403432,-73.98955109,288149
2019-12-09,40.738046142482766,-73.99642959237099,288150
2019-12-09,40.72903917,-73.99404649,288150
2019-12-09,40.74765947,-73.98490707,288151
2019-12-09,40.754120810779256,-73.98025184869766,288151
2019-12-09,40.74290902,-73.97706058,288152
2019-12-09,40.76500525,-73.95818491,288152
2019-12-09,40.75513557,-73.98658032,288153
2019-12-09,40.75992262,-73.97648516,288153
2019-12-09,40.74487634,-73.99529885,288154
2019-12-09,40.751396,-74.005226,288154
2019-12-09,40.71939226,-74.00247214,288155
2019-12-09,40.711512,-74.015756,288155
2019-12-09,40.72917025,-73.99810231,288156
2019-12-09,40.73381219196632,-73.98054420948029,288156
2019-12-09,40.736502,-73.97809472,288157
2019-12-09,40.72743423,-73.99379025,288157
2019-12-09,40.751873,-73.977706,288158
2019-12-09,40.7505853470215,-73.9946848154068,288158
2019-12-09,40.7262807,-73.98978041,288159
2019-12-09,40.7284186,-73.98713956,288159
2019-12-09,40.72325,-73.94308,288160
2019-12-09,40.7239567849954,-73.94984364509583,288160
2019-12-09,40.7454973,-74.00197139,288161
2019-12-09,40.746745,-74.007756,288161
2019-12-09,40.73587678,-73.98205027,288162
2019-12-09,40.74144387,-73.97536082,288162
2019-12-09,40.735367055605394,-73.98797392845154,288163
2019-12-09,40.75513557,-73.98658032,288163
2019-12-09,40.76915505,-73.98191841,288164
2019-12-09,40.76370739,-73.9851615,288164
2019-12-09,40.76350532,-73.97109243,288165
2019-12-09,40.7727966,-73.95577801,288165
2019-12-09,40.70706456,-74.00731853,288166
2019-12-09,40.749156,-73.9916,288166
2019-12-09,40.76344058,-73.98268129,288167
2019-12-09,40.7597108,-73.97402311,288167
2019-12-09,40.74096374,-73.98602213,288168
2019-12-09,40.72019576,-73.98997825,288168
2019-12-09,40.738046142482766,-73.99642959237099,288169
2019-12-09,40.73047747,-73.99906065,288169
2019-12-09,40.76087502,-74.00277668,288170
2019-12-09,40.78414472,-73.98362492,288170
2019-12-09,40.746745,-74.007756,288171
2019-12-09,40.72362738,-73.99949601,288171
2019-12-09,40.70255065,-74.0127234,288172
2019-12-09,40.71622644,-73.98261206,288172
2019-12-09,40.73652889,-74.00618026,288173
2019-12-09,40.7454973,-74.00197139,288173
2019-12-09,40.67260298150126,-73.98983001708984,288174
2019-12-09,40.689888,-73.981013,288174
2019-12-09,40.70838,-74.00495,288175
2019-12-09,40.804213,-73.96699104,288175
2019-12-09,40.6746957,-73.99785768,288176
2019-12-09,40.6763744,-74.00324957,288176
2019-12-09,40.71117444,-73.99682619,288177
2019-12-09,40.70838,-74.00495,288177
2019-12-09,40.734814,-73.992085,288178
2019-12-09,40.734232,-73.986923,288178
2019-12-09,40.76915505,-73.98191841,288179
2019-12-09,40.768254,-73.988639,288179
2019-12-09,40.716887,-73.963198,288180
2019-12-09,40.71745169,-73.95850939,288180
2019-12-09,40.71413089,-73.9970468,288181
2019-12-09,40.71622644,-73.98261206,288181
2019-12-09,40.713126,-73.984844,288182
2019-12-09,40.71559509,-73.9870295,288182
2019-12-09,40.76009437,-73.99461843,288183
2019-12-09,40.75594159,-74.0021163,288183
2019-12-09,40.735367055605394,-73.98797392845154,288184
2019-12-09,40.73226398,-73.99852205,288184
2019-12-09,40.76727216,-73.99392888,288185
2019-12-09,40.75594159,-74.0021163,288185
2019-12-09,40.73047747,-73.99906065,288186
2019-12-09,40.735238,-74.000271,288186
2019-12-09,40.773763,-73.96222088,288187
2019-12-09,40.782454175279874,-73.9489196240902,288187
2019-12-09,40.71534825,-73.96024116,288188
2019-12-09,40.71286844,-73.95698119,288188
2019-12-09,40.76132983124814,-73.97982001304626,288189
2019-12-09,40.7462009,-73.98855723,288189
2019-12-09,40.73454567,-73.99074142,288190
2019-12-09,40.73221853,-73.98165557,288190
2019-12-09,40.75019995,-73.99093085,288191
2019-12-09,40.74765947,-73.98490707,288191
2019-12-09,40.73971301,-73.99456405,288192
2019-12-09,40.73704984,-73.99009296,288192
2019-12-09,40.6845683,-73.95881081,288193
2019-12-09,40.6776147,-73.97324283,288193
2019-12-09,40.734814,-73.992085,288194
2019-12-09,40.735367055605394,-73.98797392845154,288194
2019-12-09,40.6800105,-73.938475,288195
2019-12-09,40.682601,-73.938037,288195
2019-12-09,40.76341379,-73.99667444,288196
2019-12-09,40.766368,-73.971518,288196
2019-12-09,40.71602118,-73.99974372,288197
2019-12-09,40.71427487,-73.98990025,288197
2019-12-09,40.7284186,-73.98713956,288198
2019-12-09,40.722103786686034,-73.99724900722504,288198
2019-12-09,40.73624527,-73.98473765,288199
2019-12-09,40.73454567,-73.99074142,288199
2019-12-09,40.802692,-73.96295,288200
2019-12-09,40.7987859,-73.9523,288200
2019-12-09,40.72019576,-73.98997825,288201
2019-12-09,40.72317958,-73.99480012,288201
2019-12-09,40.74232744,-73.95411749,288202
2019-12-09,40.73232194,-73.9550858,288202
2019-12-09,40.71117444,-73.99682619,288203
2019-12-09,40.71605866,-73.99190759,288203
2019-12-09,40.76370739,-73.9851615,288204
2019-12-09,40.75019995,-73.99093085,288204
2019-12-09,40.77748046,-73.98288594,288205
2019-12-09,40.76344058,-73.98268129,288205
2019-12-09,40.75714758,-73.97207836,288206
2019-12-09,40.74322681432173,-73.97449783980846,288206
2019-12-09,40.74173969,-73.99415556,288207
2019-12-09,40.74173969,-73.99415556,288207
2019-12-09,40.751581,-73.97791,288208
2019-12-09,40.73454567,-73.99074142,288208
2019-12-09,40.73535398,-74.00483091,288209
2019-12-09,40.7403432,-73.98955109,288209
2019-12-09,40.752269,-73.982079,288210
2019-12-09,40.76780080148132,-73.96592080593109,288210
2019-12-09,40.69221589,-73.9842844,288211
2019-12-09,40.702461,-73.986842,288211
2019-12-09,40.72708584,-73.95299117,288212
2019-12-09,40.72906,-73.95779,288212
2019-12-09,40.7457121,-73.98194829,288213
2019-12-09,40.7689738,-73.95482273,288213
2019-12-09,40.76228826,-73.98336183,288214
2019-12-09,40.7505853470215,-73.9946848154068,288214
2019-12-09,40.71754834,-74.01322069,288215
2019-12-09,40.71910537,-73.99973337,288215
2019-12-09,40.73381219196632,-73.98054420948029,288216
2019-12-09,40.730563,-73.973984,288216
2019-12-09,40.72953837,-73.98426726,288217
2019-12-09,40.74173969,-73.99415556,288217
2019-12-09,40.73652889,-74.00618026,288218
2019-12-09,40.7454973,-74.00197139,288218
2019-12-09,40.72710258,-74.00297088,288219
2019-12-09,40.728846,-74.008591,288219
2019-12-09,40.782593,-73.971211,288220
2019-12-09,40.799484,-73.955613,288220
2019-12-09,40.73454567,-73.99074142,288221
2019-12-09,40.73020660529954,-73.99102628231049,288221
2019-12-09,40.74322681432173,-73.97449783980846,288222
2019-12-09,40.7475739589548,-73.9788007736206,288222
2019-12-09,40.73221853,-73.98165557,288223
2019-12-09,40.7208736,-73.98085795,288223
2019-12-09,40.7941654,-73.974124,288224
2019-12-09,40.789622,-73.97757,288224
2019-12-09,40.70924826276157,-73.96063148975372,288225
2019-12-09,40.71285887,-73.96590294,288225
2019-12-09,40.76341379,-73.99667444,288226
2019-12-09,40.7568001,-73.98291153,288226
2019-12-09,40.72243797,-74.00566443,288227
2019-12-09,40.69239502,-73.99337909,288227
2019-12-09,40.6800105,-73.938475,288228
2019-12-09,40.6809741,-73.9710097,288228
2019-12-09,40.7172274,-73.98802084,288229
2019-12-09,40.71893904,-73.99266288,288229
2019-12-09,40.72953837,-73.98426726,288230
2019-12-09,40.74173969,-73.99415556,288230
2019-12-09,40.73454567,-73.99074142,288231
2019-12-09,40.73221853,-73.98165557,288231
2019-12-09,40.741459,-73.983293,288232
2019-12-09,40.75019995,-73.99093085,288232
2019-12-09,40.7568001,-73.98291153,288233
2019-12-09,40.7451677,-73.98683077,288233
2019-12-09,40.75022392,-73.97121414,288234
2019-12-09,40.75714758,-73.97207836,288234
2019-12-09,40.751873,-73.977706,288235
2019-12-09,40.7505853470215,-73.9946848154068,288235
2019-12-09,40.74901271,-73.98848395,288236
2019-12-09,40.74173969,-73.99415556,288236
2019-12-09,40.741459,-73.983293,288237
2019-12-09,40.75019995,-73.99093085,288237
2019-12-09,40.782593,-73.971211,288238
2019-12-09,40.78499979,-73.97283406,288238
2019-12-09,40.74395411,-73.99144871,288239
2019-12-09,40.73532427,-73.99800419,288239
2019-12-09,40.714211,-73.981095,288240
2019-12-09,40.73226398,-73.99852205,288240
2019-12-09,40.73020660529954,-73.99102628231049,288241
2019-12-09,40.74144387,-73.97536082,288241
2019-12-09,40.72740794,-73.98142006,288242
2019-12-09,40.74317449,-74.00366443,288242
2019-12-09,40.797911,-73.9423,288243
2019-12-09,40.7949879,-73.9333349,288243
2019-12-09,40.7208736,-73.98085795,288244
2019-12-09,40.722055,-73.989111,288244
2019-12-09,40.76019252,-73.9912551,288245
2019-12-09,40.7568001,-73.98291153,288245
2019-12-09,40.72917025,-73.99810231,288246
2019-12-09,40.72185379,-74.00771779,288246
2019-12-09,40.72036775298455,-73.96165072917938,288247
2019-12-09,40.72606,-73.95621,288247
2019-12-09,40.76915505,-73.98191841,288248
2019-12-09,40.752165280621966,-73.97992193698882,288248
2019-12-09,40.69512845,-73.99595065,288249
2019-12-09,40.69241829257847,-73.98949474096298,288249
2019-12-09,40.716887,-73.963198,288250
2019-12-09,40.72456089,-73.99565293,288250
2019-12-09,40.75022392,-73.97121414,288251
2019-12-09,40.7612274,-73.96094022,288251
2019-12-09,40.73454567,-73.99074142,288252
2019-12-09,40.73226398,-73.99852205,288252
2019-12-09,40.7781314,-73.96069399,288253
2019-12-09,40.7575699,-73.99098507,288253
2019-12-09,40.7172274,-73.98802084,288254
2019-12-09,40.72903917,-73.99404649,288254
2019-12-09,40.751873,-73.977706,288255
2019-12-09,40.75510267,-73.97498696,288255
2019-12-09,40.6859296,-74.00242364,288256
2019-12-09,40.6777287,-73.99364123,288256
2019-12-09,40.77515953434235,-73.98918695747852,288257
2019-12-09,40.78499979,-73.97283406,288257
2019-12-09,40.77140426,-73.9535166,288258
2019-12-09,40.778301,-73.9488134,288258
2019-12-09,40.689888,-73.981013,288259
2019-12-09,40.6917823,-73.9737299,288259
2019-12-09,40.76727216,-73.99392888,288260
2019-12-09,40.74487634,-73.99529885,288260
2019-12-09,40.789622,-73.97757,288261
2019-12-09,40.7973721,-73.97041192,288261
2019-12-09,40.74173969,-73.99415556,288262
2019-12-09,40.739445,-73.976806,288262
2019-12-09,40.72903917,-73.99404649,288263
2019-12-09,40.74780373,-73.9734419,288263
2019-12-09,40.76269882,-73.99301222,288264
2019-12-09,40.77492513,-73.98266566,288264
2019-12-09,40.73224119,-74.00026394,288265
2019-12-09,40.72082834,-73.97793172,288265
2019-12-09,40.7770575,-73.97898475,288266
2019-12-09,40.77118287540658,-73.96409422159195,288266
2019-12-09,40.75019995,-73.99093085,288267
2019-12-09,40.75513557,-73.98658032,288267
2019-12-09,40.76068327096592,-73.9845272898674,288268
2019-12-09,40.74144387,-73.97536082,288268
2019-12-09,40.7454973,-74.00197139,288269
2019-12-09,40.72951496224949,-73.99075269699097,288269
2019-12-09,40.72307749068673,-73.98583620786667,288270
2019-12-09,40.72082834,-73.97793172,288270
2019-12-09,40.7727966,-73.95577801,288271
2019-12-09,40.781410700190015,-73.95595908164978,288271
2019-12-09,40.68506807308177,-73.97790759801863,288272
2019-12-09,40.6902375,-73.99203074,288272
2019-12-09,40.74487634,-73.99529885,288273
2019-12-09,40.751396,-74.005226,288273
2019-12-09,40.75038009,-73.98338988,288274
2019-12-09,40.75019995,-73.99093085,288274
2019-12-09,40.7770575,-73.97898475,288275
2019-12-09,40.7937704,-73.971888,288275
2019-12-09,40.70538077,-73.94976519,288276
2019-12-09,40.70870368,-73.9448625,288276
2019-12-09,40.71939226,-74.00247214,288277
2019-12-09,40.680342423,-73.9557689392,288277
2019-12-09,40.75510267,-73.97498696,288278
2019-12-09,40.75255434,-73.97282625,288278
2019-12-09,40.75110165,-73.94073717,288279
2019-12-09,40.7713615,-73.9246145,288279
2019-12-09,40.76727216,-73.99392888,288280
2019-12-09,40.77492513,-73.98266566,288280
2019-12-09,40.73827428,-73.98751968,288281
2019-12-09,40.72502876,-73.99069656,288281
2019-12-09,40.72966729392978,-73.98067966103554,288282
2019-12-09,40.71782143,-73.97628939,288282
2019-12-09,40.74173969,-73.99415556,288283
2019-12-09,40.734814,-73.992085,288283
2019-12-09,40.74901271,-73.98848395,288284
2019-12-09,40.777507027547976,-73.98888587951659,288284
2019-12-09,40.749717753,-74.002950346,288285
2019-12-09,40.751551,-73.993934,288285
2019-12-09,40.74964,-73.98805,288286
2019-12-09,40.73912601,-73.97973776,288286
2019-12-09,40.6711978,-73.97484126,288287
2019-12-09,40.69102925677968,-73.99183362722397,288287
2019-12-09,40.71291224,-74.01020234,288288
2019-12-09,40.72299208,-73.97995466,288288
2019-12-09,40.76590936,-73.97634151,288289
2019-12-09,40.76663814,-73.95348296,288289
2019-12-09,40.72951496224949,-73.99075269699097,288290
2019-12-09,40.72019576,-73.98997825,288290
2019-12-09,40.73038599,-74.00214988,288291
2019-12-09,40.72621788,-73.98379855,288291
2019-12-09,40.7746671,-73.98470567,288292
2019-12-09,40.78839,-73.9747,288292
2019-12-09,40.711512,-74.015756,288293
2019-12-09,40.70365182,-74.01167797,288293
2019-12-09,40.7877214,-73.94728331,288294
2019-12-09,40.7934337,-73.94945003,288294
2019-12-09,40.73143724085228,-73.99490341544151,288295
2019-12-09,40.735445,-73.99431,288295
2019-12-09,40.73726186,-73.99238967,288296
2019-12-09,40.751396,-74.005226,288296
2019-12-09,40.73291553,-74.00711384,288297
2019-12-09,40.746647,-73.993915,288297
2019-12-09,40.73827428,-73.98751968,288298
2019-12-09,40.72710258,-74.00297088,288298
2019-12-09,40.74096374,-73.98602213,288299
2019-12-09,40.73221853,-73.98165557,288299
2019-12-09,40.724308321602166,-74.00473035871983,288300
2019-12-09,40.739323,-74.008119,288300
2019-12-09,40.72079821,-73.95484712,288301
2019-12-09,40.72079821,-73.95484712,288301
2019-12-09,40.71173107,-73.99193043,288302
2019-12-09,40.713126,-73.984844,288302
2019-12-09,40.7675487799971,-73.9209334552288,288303
2019-12-09,40.7713615,-73.9246145,288303
2019-12-09,40.734814,-73.992085,288304
2019-12-09,40.73726186,-73.99238967,288304
2019-12-09,40.8025566,-73.9490782,288305
2019-12-09,40.8014866,-73.9442507,288305
2019-12-09,40.78414472,-73.98362492,288306
2019-12-09,40.768254,-73.988639,288306
2019-12-09,40.73971301,-73.99456405,288307
2019-12-09,40.75466591,-73.99138152,288307
2019-12-09,40.7675487799971,-73.9209334552288,288308
2019-12-09,40.7713615,-73.9246145,288308
2019-12-09,40.76663814,-73.95348296,288309
2019-12-09,40.76500525,-73.95818491,288309
2019-12-09,40.74345335,-74.00004031,288310
2019-12-09,40.73935542,-73.99931783,288310
2019-12-09,40.72317958,-73.99480012,288311
2019-12-09,40.72710258,-74.00297088,288311
2019-12-09,40.73314259,-73.97573881,288312
2019-12-09,40.736502,-73.97809472,288312
2019-12-09,40.7403432,-73.98955109,288313
2019-12-09,40.73047309,-73.98672378,288313
2019-12-09,40.754120810779256,-73.98025184869766,288314
2019-12-09,40.751873,-73.977706,288314
2019-12-09,40.7575699,-73.99098507,288315
2019-12-09,40.77966809007312,-73.98093044757842,288315
2019-12-09,40.70862144,-74.00722156,288316
2019-12-09,40.70862144,-74.00722156,288316
2019-12-09,40.68962188790333,-73.98304268717766,288317
2019-12-09,40.68323865460341,-73.96599590778351,288317
2019-12-09,40.71870987,-74.0090009,288318
2019-12-09,40.71911552,-74.00666661,288318
2019-12-09,40.68851534,-73.9647628,288319
2019-12-09,40.6729679,-73.97087984,288319
2019-12-09,40.72743423,-73.99379025,288320
2019-12-09,40.722103786686034,-73.99724900722504,288320
2019-12-09,40.76087502,-74.00277668,288321
2019-12-09,40.751551,-73.993934,288321
2019-12-09,40.751396,-74.005226,288322
2019-12-09,40.735238,-74.000271,288322
2019-12-09,40.72951496224949,-73.99075269699097,288323
2019-12-09,40.72621788,-73.98379855,288323
2019-12-09,40.73454567,-73.99074142,288324
2019-12-09,40.73020660529954,-73.99102628231049,288324
2019-12-09,40.6740123,-73.9671457,288325
2019-12-09,40.68763155,-74.0016256,288325
2019-12-09,40.6642406,-73.9574686,288326
2019-12-09,40.72158,-73.94546,288326
2019-12-09,40.7403432,-73.98955109,288327
2019-12-09,40.73587678,-73.98205027,288327
2019-12-09,40.68851534,-73.9647628,288328
2019-12-09,40.68691865,-73.976682,288328
2019-12-09,40.72019576,-73.98997825,288329
2019-12-09,40.722103786686034,-73.99724900722504,288329
2019-12-09,40.7785669,-73.97754961,288330
2019-12-09,40.77149671054441,-73.99046033620834,288330
2019-12-09,40.74487634,-73.99529885,288331
2019-12-09,40.74691959,-74.00451887,288331
2019-12-09,40.73314259,-73.97573881,288332
2019-12-09,40.7403432,-73.98955109,288332
2019-12-09,40.71911552,-74.00666661,288333
2019-12-09,40.74765947,-73.98490707,288333
2019-12-09,40.7451677,-73.98683077,288334
2019-12-09,40.734232,-73.986923,288334
2019-12-09,40.76019252,-73.9912551,288335
2019-12-09,40.77492513,-73.98266566,288335
2019-12-09,40.74286877312112,-73.98918628692627,288336
2019-12-09,40.73652889,-74.00618026,288336
2019-12-09,40.76471851944339,-73.96222069859505,288337
2019-12-09,40.7691572,-73.96703464,288337
2019-12-09,40.7149787,-74.013012,288338
2019-12-09,40.722103786686034,-73.99724900722504,288338
2019-12-09,40.6703837,-73.97839676,288339
2019-12-09,40.6777287,-73.99364123,288339
2019-12-09,40.7390169121,-74.0026376103,288340
2019-12-09,40.73047747,-73.99906065,288340
2019-12-09,40.74444921,-73.98303529,288341
2019-12-09,40.74444921,-73.98303529,288341
2019-12-09,40.72953837,-73.98426726,288342
2019-12-09,40.71413089,-73.9970468,288342
2019-12-09,40.72311651,-73.95212324,288343
2019-12-09,40.72311651,-73.95212324,288343
2019-12-09,40.77477944895728,-73.95427465438843,288344
2019-12-09,40.78948541553215,-73.95242929458618,288344
2019-12-09,40.74901271,-73.98848395,288345
2019-12-09,40.74444921,-73.98303529,288345
2019-12-09,40.77515953434235,-73.98918695747852,288346
2019-12-09,40.76132983124814,-73.97982001304626,288346
2019-12-09,40.71559509,-73.9870295,288347
2019-12-09,40.714211,-73.981095,288347
2019-12-09,40.77632142182271,-73.96427392959595,288348
2019-12-09,40.76590936,-73.97634151,288348
2019-12-09,40.71534825,-73.96024116,288349
2019-12-09,40.716887,-73.963198,288349
2019-12-09,40.75001986,-73.96905301,288350
2019-12-09,40.7361967,-74.00859207,288350
2019-12-09,40.72621788,-73.98379855,288351
2019-12-09,40.718822,-73.99596,288351
2019-12-09,40.6902375,-73.99203074,288352
2019-12-09,40.6827549,-73.98258555,288352
2019-12-09,40.77966809007312,-73.98093044757842,288353
2019-12-09,40.777507027547976,-73.98888587951659,288353
2019-12-09,40.71260486,-73.96264403,288354
2019-12-09,40.724812564400175,-73.94752621650696,288354
2019-12-09,40.71910537,-73.99973337,288355
2019-12-09,40.72019576,-73.98997825,288355
2019-12-09,40.73143724085228,-73.99490341544151,288356
2019-12-09,40.73143724085228,-73.99490341544151,288356
2019-12-09,40.7597108,-73.97402311,288357
2019-12-09,40.75640548,-73.9900262,288357
2019-12-09,40.76009437,-73.99461843,288358
2019-12-09,40.754120810779256,-73.98025184869766,288358
2019-12-09,40.76068327096592,-73.9845272898674,288359
2019-12-09,40.76068327096592,-73.9845272898674,288359
2019-12-09,40.72951496224949,-73.99075269699097,288360
2019-12-09,40.6707767,-73.9576801,288360
2019-12-09,40.73971301,-73.99456405,288361
2019-12-09,40.72966729392978,-73.98067966103554,288361
2019-12-09,40.72966729392978,-73.98067966103554,288362
2019-12-09,40.734814,-73.992085,288362
2019-12-09,40.74765947,-73.98490707,288363
2019-12-09,40.7451677,-73.98683077,288363
2019-12-09,40.73704984,-73.99009296,288364
2019-12-09,40.74177603,-74.00149746,288364
2019-12-09,40.76344058,-73.98268129,288365
2019-12-09,40.74901271,-73.98848395,288365
2019-12-09,40.74345335,-74.00004031,288366
2019-12-09,40.735367055605394,-73.98797392845154,288366
2019-12-09,40.72951496224949,-73.99075269699097,288367
2019-12-09,40.71850211,-73.98329859,288367
2019-12-09,40.68962188790333,-73.98304268717766,288368
2019-12-09,40.68962188790333,-73.98304268717766,288368
2019-12-09,40.7208736,-73.98085795,288369
2019-12-09,40.71739973,-73.98016555,288369
2019-12-09,40.741459,-73.983293,288370
2019-12-09,40.7489006,-73.97604882,288370
2019-12-09,40.722103786686034,-73.99724900722504,288371
2019-12-09,40.72317958,-73.99480012,288371
2019-12-09,40.73912601,-73.97973776,288372
2019-12-09,40.72228087,-73.97668709,288372
2019-12-09,40.74691959,-74.00451887,288373
2019-12-09,40.74173969,-73.99415556,288373
2019-12-09,40.734814,-73.992085,288374
2019-12-09,40.73143724085228,-73.99490341544151,288374
2019-12-09,40.78307,-73.95939,288375
2019-12-09,40.7643971,-73.97371465,288375
2019-12-09,40.70905623,-74.01043382,288376
2019-12-09,40.70255065,-74.0127234,288376
2019-12-09,40.72706363348306,-73.99662137031554,288377
2019-12-09,40.735238,-74.000271,288377
2019-12-09,40.77314236,-73.95856158,288378
2019-12-09,40.77536905,-73.94803392,288378
2019-12-09,40.761584,-73.925921,288379
2019-12-09,40.763154,-73.920827,288379
2019-12-09,40.7403432,-73.98955109,288380
2019-12-09,40.746745,-74.007756,288380
2019-12-09,40.71739973,-73.98016555,288381
2019-12-09,40.714211,-73.981095,288381
2019-12-09,40.72456089,-73.99565293,288382
2019-12-09,40.74173969,-73.99415556,288382
2019-12-09,40.73221853,-73.98165557,288383
2019-12-09,40.73223272,-73.98889957,288383
2019-12-09,40.805159,-73.954692,288384
2019-12-09,40.8029263,-73.9379,288384
2019-12-09,40.7652654,-73.98192338,288385
2019-12-09,40.7643971,-73.97371465,288385
2019-12-09,40.76087502,-74.00277668,288386
2019-12-09,40.70955958,-74.00653609,288386
2019-12-09,40.73221853,-73.98165557,288387
2019-12-09,40.76269882,-73.99301222,288387
2019-12-09,40.7770575,-73.97898475,288388
2019-12-09,40.73726186,-73.99238967,288388
2019-12-09,40.7882213,-73.97041561,288389
2019-12-09,40.7727966,-73.95577801,288389
2019-12-09,40.70365182,-74.01167797,288390
2019-12-09,40.71269042,-73.98776323,288390
2019-12-09,40.76500525,-73.95818491,288391
2019-12-09,40.77140426,-73.9535166,288391
2019-12-09,40.722103786686034,-73.99724900722504,288392
2019-12-09,40.722103786686034,-73.99724900722504,288392
2019-12-09,40.698617,-73.941342,288393
2019-12-09,40.69425403,-73.94626915,288393
2019-12-09,40.75019995,-73.99093085,288394
2019-12-09,40.763189,-73.978434,288394
2019-12-09,40.7675487799971,-73.9209334552288,288395
2019-12-09,40.7739825,-73.9309134,288395
2019-12-09,40.76370739,-73.9851615,288396
2019-12-09,40.75929124,-73.98859651,288396
2019-12-09,40.7919557,-73.968087,288397
2019-12-09,40.76030096,-73.99884222,288397
2019-12-09,40.72953837,-73.98426726,288398
2019-12-09,40.722055,-73.989111,288398
2019-12-09,40.751396,-74.005226,288399
2019-12-09,40.73726186,-73.99238967,288399
2019-12-09,40.75640548,-73.9900262,288400
2019-12-09,40.76068327096592,-73.9845272898674,288400
2019-12-09,40.74765947,-73.98490707,288401
2019-12-09,40.718822,-73.99596,288401
2019-12-09,40.72229346,-73.99147535,288402
2019-12-09,40.72019576,-73.98997825,288402
2019-12-09,40.72903917,-73.99404649,288403
2019-12-09,40.735445,-73.99431,288403
2019-12-09,40.72621788,-73.98379855,288404
2019-12-09,40.72362738,-73.99949601,288404
2019-12-09,40.71782143,-73.97628939,288405
2019-12-09,40.72621788,-73.98379855,288405
2019-12-09,40.77632142182271,-73.96427392959595,288406
2019-12-09,40.804213,-73.96699104,288406
2019-12-09,40.711512,-74.015756,288407
2019-12-09,40.70463,-74.01507,288407
2019-12-09,40.6728155,-73.98352355,288408
2019-12-09,40.67909799721684,-73.98765474557877,288408
2019-12-09,40.74487634,-73.99529885,288409
2019-12-09,40.749717753,-74.002950346,288409
2019-12-09,40.70706456,-74.00731853,288410
2019-12-09,40.7037992,-74.00838676,288410
2019-12-09,40.78499979,-73.97283406,288411
2019-12-09,40.75714758,-73.97207836,288411
2019-12-09,40.7462009,-73.98855723,288412
2019-12-09,40.751396,-74.005226,288412
2019-12-09,40.73143724085228,-73.99490341544151,288413
2019-12-09,40.72966729392978,-73.98067966103554,288413
2019-12-09,40.68851534,-73.9647628,288414
2019-12-09,40.69196035,-73.96536851,288414
2019-12-09,40.72706363348306,-73.99662137031554,288415
2019-12-09,40.73401143,-74.00293877,288415
2019-12-09,40.6773429,-74.01275056,288416
2019-12-09,40.69535693320225,-73.99344027042389,288416
2019-12-09,40.707873,-74.00167,288417
2019-12-09,40.70862144,-74.00722156,288417
2019-12-09,40.71850211,-73.98329859,288418
2019-12-09,40.71939226,-74.00247214,288418
2019-12-09,40.75466591,-73.99138152,288419
2019-12-09,40.7489006,-73.97604882,288419
2019-12-09,40.8006721,-73.9349,288420
2019-12-09,40.8029263,-73.9379,288420
2019-12-09,40.722055,-73.989111,288421
2019-12-09,40.73726186,-73.99238967,288421
2019-12-09,40.76873687,-73.96119945,288422
2019-12-09,40.7839636,-73.9471673,288422
2019-12-09,40.77579376683666,-73.9762057363987,288423
2019-12-09,40.78307,-73.95939,288423
2019-12-09,40.77579376683666,-73.9762057363987,288424
2019-12-09,40.78307,-73.95939,288424
2019-12-09,40.76915505,-73.98191841,288425
2019-12-09,40.76370739,-73.9851615,288425
2019-12-09,40.73704984,-73.99009296,288426
2019-12-09,40.72621788,-73.98379855,288426
2019-12-09,40.70140317257725,-73.98672670125961,288427
2019-12-09,40.68506807308177,-73.97790759801863,288427
2019-12-09,40.74734825,-73.99723551,288428
2019-12-09,40.74286877312112,-73.98918628692627,288428
2019-12-09,40.7568001,-73.98291153,288429
2019-12-09,40.7475739589548,-73.9788007736206,288429
2019-12-09,40.76228826,-73.98336183,288430
2019-12-09,40.7652654,-73.98192338,288430
2019-12-09,40.77515953434235,-73.98918695747852,288431
2019-12-09,40.78414472,-73.98362492,288431
2019-12-09,40.71173107,-73.99193043,288432
2019-12-09,40.7172274,-73.98802084,288432
2019-12-09,40.75052534,-73.94594845,288433
2019-12-09,40.74966,-73.9521,288433
2019-12-09,40.74173969,-73.99415556,288434
2019-12-09,40.75066386,-74.00176802,288434
2019-12-09,40.7728384,-73.94989233,288435
2019-12-09,40.77565541,-73.95068615,288435
2019-12-09,40.70255088,-73.98940236,288436
2019-12-09,40.69221589,-73.9842844,288436
2019-12-09,40.7770575,-73.97898475,288437
2019-12-09,40.78057799010334,-73.98562431335449,288437
2019-12-09,40.7239567849954,-73.94984364509583,288438
2019-12-09,40.72557,-73.94434,288438
2019-12-09,40.808442,-73.9452087,288439
2019-12-09,40.8107922,-73.9430681,288439
2019-12-09,40.72110063,-73.9919254,288440
2019-12-09,40.72494672359416,-74.00165855884552,288440
2019-12-09,40.75724567911726,-73.97805914282799,288441
2019-12-09,40.7652654,-73.98192338,288441
2019-12-09,40.752165280621966,-73.97992193698882,288442
2019-12-09,40.75097711,-73.98765428,288442
2019-12-09,40.72311651,-73.95212324,288443
2019-12-09,40.71924,-73.95242,288443
2019-12-09,40.736502,-73.97809472,288444
2019-12-09,40.7403432,-73.98955109,288444
2019-12-09,40.68691865,-73.976682,288445
2019-12-09,40.68506807308177,-73.97790759801863,288445
2019-12-09,40.73038599,-74.00214988,288446
2019-12-09,40.746745,-74.007756,288446
2019-12-09,40.72710258,-74.00297088,288447
2019-12-09,40.72456089,-73.99565293,288447
2019-12-09,40.75466591,-73.99138152,288448
2019-12-09,40.79017948095081,-73.97288918495178,288448
2019-12-09,40.76068327096592,-73.9845272898674,288449
2019-12-09,40.76873687,-73.96119945,288449
2019-12-09,40.70140317257725,-73.98672670125961,288450
2019-12-09,40.6999974843885,-73.97440128028393,288450
2019-12-09,40.73291553,-74.00711384,288451
2019-12-09,40.728846,-74.008591,288451
2019-12-09,40.71559509,-73.9870295,288452
2019-12-09,40.71269042,-73.98776323,288452
2019-12-09,40.72903917,-73.99404649,288453
2019-12-09,40.74096374,-73.98602213,288453
2019-12-09,40.73291553,-74.00711384,288454
2019-12-09,40.73401143,-74.00293877,288454
2019-12-09,40.751873,-73.977706,288455
2019-12-09,40.74765947,-73.98490707,288455
2019-12-09,40.72710258,-74.00297088,288456
2019-12-09,40.71754834,-74.01322069,288456
2019-12-09,40.73652889,-74.00618026,288457
2019-12-09,40.739323,-74.008119,288457
2019-12-09,40.763189,-73.978434,288458
2019-12-09,40.75828065,-73.97069431,288458
2019-12-09,40.68940747,-73.96885458,288459
2019-12-09,40.70076,-73.93641,288459
2019-12-09,40.7961535,-73.94782145,288460
2019-12-09,40.79747,-73.93504,288460
2019-12-09,40.73269,-73.98974,288461
2019-12-09,40.72740794,-73.98142006,288461
2019-12-09,40.718822,-73.99596,288462
2019-12-09,40.7208736,-73.98085795,288462
2019-12-09,40.71559509,-73.9870295,288463
2019-12-09,40.71494807,-74.00234482,288463
2019-12-09,40.74765947,-73.98490707,288464
2019-12-09,40.73221853,-73.98165557,288464
2019-12-09,40.70140317257725,-73.98672670125961,288465
2019-12-09,40.68323865460341,-73.96599590778351,288465
2019-12-09,40.7457121,-73.98194829,288466
2019-12-09,40.75714758,-73.97207836,288466
2019-12-09,40.7675487799971,-73.9209334552288,288467
2019-12-09,40.7739825,-73.9309134,288467
2019-12-09,40.73935542,-73.99931783,288468
2019-12-09,40.76228826,-73.98336183,288468
2019-12-09,40.73827428,-73.98751968,288469
2019-12-09,40.71850211,-73.98329859,288469
2019-12-09,40.746647,-73.993915,288470
2019-12-09,40.763189,-73.978434,288470
2019-12-09,40.75097711,-73.98765428,288471
2019-12-09,40.7462009,-73.98855723,288471
2019-12-09,40.74275382865903,-74.00747358798981,288472
2019-12-09,40.72456089,-73.99565293,288472
2019-12-09,40.72951496224949,-73.99075269699097,288473
2019-12-09,40.72621788,-73.98379855,288473
2019-12-09,40.72710258,-74.00297088,288474
2019-12-09,40.7149787,-74.013012,288474
2019-12-09,40.75828065,-73.97069431,288475
2019-12-09,40.75594159,-74.0021163,288475
2019-12-09,40.7454973,-74.00197139,288476
2019-12-09,40.74173969,-73.99415556,288476
2019-12-09,40.74345335,-74.00004031,288477
2019-12-09,40.768254,-73.988639,288477
2019-12-09,40.768254,-73.988639,288478
2019-12-09,40.7643971,-73.97371465,288478
2019-12-09,40.7652654,-73.98192338,288479
2019-12-09,40.7652654,-73.98192338,288479
2019-12-09,40.741459,-73.983293,288480
2019-12-09,40.734232,-73.986923,288480
2019-12-09,40.74487634,-73.99529885,288481
2019-12-09,40.76019252,-73.9912551,288481
2019-12-09,40.74286877312112,-73.98918628692627,288482
2019-12-09,40.7390169121,-74.0026376103,288482
2019-12-09,40.72066442,-73.98517977,288483
2019-12-09,40.722103786686034,-73.99724900722504,288483
2019-12-09,40.751551,-73.993934,288484
2019-12-09,40.76019252,-73.9912551,288484
2019-12-09,40.79313480986663,-73.97700369358063,288485
2019-12-09,40.7919557,-73.968087,288485
2019-12-09,40.75323098,-73.97032517,288486
2019-12-09,40.75001986,-73.96905301,288486
2019-12-09,40.69363137,-73.96223558,288487
2019-12-09,40.69196035,-73.96536851,288487
2019-12-09,40.73269,-73.98974,288488
2019-12-09,40.735445,-73.99431,288488
2019-12-09,40.68539567,-73.97431458,288489
2019-12-09,40.68506807308177,-73.97790759801863,288489
2019-12-09,40.74290902,-73.97706058,288490
2019-12-09,40.739445,-73.976806,288490
2019-12-09,40.71427487,-73.98990025,288491
2019-12-09,40.713126,-73.984844,288491
2019-12-09,40.74290902,-73.97706058,288492
2019-12-09,40.75001986,-73.96905301,288492
2019-12-09,40.7597108,-73.97402311,288493
2019-12-09,40.74444921,-73.98303529,288493
2019-12-09,40.71893904,-73.99266288,288494
2019-12-09,40.722103786686034,-73.99724900722504,288494
2019-12-09,40.73532427,-73.99800419,288495
2019-12-09,40.73532427,-73.99800419,288495
2019-12-09,40.73935542,-73.99931783,288496
2019-12-09,40.73314259,-73.97573881,288496
2019-12-09,40.6763744,-74.00324957,288497
2019-12-09,40.6746957,-73.99785768,288497
2019-12-09,40.76019252,-73.9912551,288498
2019-12-09,40.75660359,-73.9979009,288498
2019-12-09,40.754120810779256,-73.98025184869766,288499
2019-12-09,40.73827428,-73.98751968,288499
2019-12-09,40.73020660529954,-73.99102628231049,288500
2019-12-09,40.7262807,-73.98978041,288500
2019-12-09,40.75323098,-73.97032517,288501
2019-12-09,40.7158155,-73.99422366,288501
2019-12-09,40.74177603,-74.00149746,288502
2019-12-09,40.746745,-74.007756,288502
2019-12-09,40.71173107,-73.99193043,288503
2019-12-09,40.7172274,-73.98802084,288503
2019-12-09,40.71273266,-74.0046073,288504
2019-12-09,40.71307916,-73.99851193,288504
2019-12-09,40.69943,-73.91337,288505
2019-12-09,40.69385,-73.90974,288505
2019-12-09,40.72903917,-73.99404649,288506
2019-12-09,40.73221853,-73.98165557,288506
2019-12-09,40.751551,-73.993934,288507
2019-12-09,40.77149671054441,-73.99046033620834,288507
2019-12-09,40.77163851,-73.98261428,288508
2019-12-09,40.7801839724239,-73.97728532552719,288508
2019-12-09,40.754120810779256,-73.98025184869766,288509
2019-12-09,40.751873,-73.977706,288509
2019-12-09,40.77282817,-73.96685276,288510
2019-12-09,40.7612274,-73.96094022,288510
2019-12-09,40.76228826,-73.98336183,288511
2019-12-09,40.7568001,-73.98291153,288511
2019-12-09,40.74937024193277,-73.99923384189606,288512
2019-12-09,40.74734825,-73.99723551,288512
2019-12-09,40.7284186,-73.98713956,288513
2019-12-09,40.72746420692392,-73.97950418293476,288513
2019-12-09,40.79406660818552,-73.96286845207214,288514
2019-12-09,40.7981856,-73.9605909006,288514
2019-12-09,40.6827549,-73.98258555,288515
2019-12-09,40.68926942,-73.98912867,288515
2019-12-09,40.76370739,-73.9851615,288516
2019-12-09,40.722103786686034,-73.99724900722504,288516
2019-12-09,40.71773,-73.94051,288517
2019-12-09,40.72606,-73.95621,288517
2019-12-09,40.751396,-74.005226,288518
2019-12-09,40.76009437,-73.99461843,288518
2019-12-09,40.72743423,-73.99379025,288520
2019-12-09,40.72951496224949,-73.99075269699097,288520
2019-12-09,40.75724567911726,-73.97805914282799,288521
2019-12-09,40.75466591,-73.99138152,288521
2019-12-09,40.75640548,-73.9900262,288522
2019-12-09,40.75513557,-73.98658032,288522
2019-12-09,40.7277140777778,-74.01129573583603,288523
2019-12-09,40.7652654,-73.98192338,288523
2019-12-09,40.754120810779256,-73.98025184869766,288524
2019-12-09,40.74475148,-73.99915362,288524
2019-12-09,40.76350532,-73.97109243,288525
2019-12-09,40.72405549,-74.00965965,288525
2019-12-09,40.706237,-73.933871,288526
2019-12-09,40.705614,-73.92153,288526
2019-12-09,40.68851534,-73.9647628,288527
2019-12-09,40.69363137,-73.96223558,288527
2019-12-09,40.710451,-73.960876,288528
2019-12-09,40.704508,-73.9351,288528
2019-12-09,40.741459,-73.983293,288529
2019-12-09,40.74286877312112,-73.98918628692627,288529
2019-12-09,40.734814,-73.992085,288530
2019-12-09,40.7454973,-74.00197139,288530
2019-12-09,40.705614,-73.92153,288531
2019-12-09,40.702013,-73.923769,288531
2019-12-09,40.72494672359416,-74.00165855884552,288532
2019-12-09,40.735238,-74.000271,288532
2019-12-09,40.73226398,-73.99852205,288533
2019-12-09,40.72743423,-73.99379025,288533
2019-12-09,40.77112927,-73.95772297,288534
2019-12-09,40.76712840349542,-73.96224617958069,288534
2019-12-09,40.680342423,-73.9557689392,288535
2019-12-09,40.69064807082943,-73.95746178925037,288535
2019-12-09,40.74395411,-73.99144871,288536
2019-12-09,40.76019252,-73.9912551,288536
2019-12-09,40.7612274,-73.96094022,288537
2019-12-09,40.75934501,-73.96759673,288537
2019-12-09,40.75660359,-73.9979009,288538
2019-12-09,40.74275382865903,-74.00747358798981,288538
2019-12-09,40.76068327096592,-73.9845272898674,288539
2019-12-09,40.7652654,-73.98192338,288539
2019-12-09,40.75594159,-74.0021163,288540
2019-12-09,40.74394314,-73.97966069,288540
2019-12-09,40.73704984,-73.99009296,288541
2019-12-09,40.7568001,-73.98291153,288541
2019-12-09,40.6809591,-73.99905709,288542
2019-12-09,40.69535693320225,-73.99344027042389,288542
2019-12-09,40.72307749068673,-73.98583620786667,288543
2019-12-09,40.74286877312112,-73.98918628692627,288543
2019-12-09,40.6794388,-73.9680438,288544
2019-12-09,40.68962188790333,-73.98304268717766,288544
2019-12-09,40.77966809007312,-73.98093044757842,288545
2019-12-09,40.7919557,-73.968087,288545
2019-12-09,40.74286877312112,-73.98918628692627,288546
2019-12-09,40.755293,-73.967641,288546
2019-12-09,40.72953837,-73.98426726,288547
2019-12-09,40.73020660529954,-73.99102628231049,288547
2019-12-09,40.74173969,-73.99415556,288548
2019-12-09,40.739445,-73.976806,288548
2019-12-09,40.74765947,-73.98490707,288549
2019-12-09,40.7457121,-73.98194829,288549
2019-12-09,40.751873,-73.977706,288550
2019-12-09,40.75797322,-73.96603308,288550
2019-12-09,40.7973721,-73.97041192,288551
2019-12-09,40.7919557,-73.968087,288551
2019-12-09,40.70955958,-74.00653609,288552
2019-12-09,40.72746420692392,-73.97950418293476,288552
2019-12-09,40.8078316,-73.949373,288553
2019-12-09,40.801694,-73.957145,288553
2019-12-09,40.71745169,-73.95850939,288554
2019-12-09,40.72708584,-73.95299117,288554
2019-12-09,40.74173969,-73.99415556,288555
2019-12-09,40.74691959,-74.00451887,288555
2019-12-09,40.76019252,-73.9912551,288556
2019-12-09,40.77314236,-73.95856158,288556
2019-12-09,40.75992262,-73.97648516,288557
2019-12-09,40.7505853470215,-73.9946848154068,288557
2019-12-09,40.75640548,-73.9900262,288558
2019-12-09,40.7381765,-73.97738662,288558
2019-12-09,40.72494672359416,-74.00165855884552,288559
2019-12-09,40.72317958,-73.99480012,288559
2019-12-09,40.75466591,-73.99138152,288560
2019-12-09,40.75066386,-74.00176802,288560
2019-12-09,40.7961535,-73.94782145,288561
2019-12-09,40.787801,-73.953559,288561
2019-12-09,40.73535398,-74.00483091,288562
2019-12-09,40.74173969,-73.99415556,288562
2019-12-09,40.751396,-74.005226,288563
2019-12-09,40.74475148,-73.99915362,288563
2019-12-09,40.74096374,-73.98602213,288564
2019-12-09,40.75513557,-73.98658032,288564
2019-12-09,40.74394314,-73.97966069,288565
2019-12-09,40.736502,-73.97809472,288565
2019-12-09,40.8082,-73.9641,288566
2019-12-09,40.8109494,-73.9634,288566
2019-12-09,40.74780373,-73.9734419,288567
2019-12-09,40.74144387,-73.97536082,288567
2019-12-09,40.72951496224949,-73.99075269699097,288568
2019-12-09,40.72966729392978,-73.98067966103554,288568
2019-12-09,40.7568001,-73.98291153,288569
2019-12-09,40.7462009,-73.98855723,288569
2019-12-09,40.73226398,-73.99852205,288570
2019-12-09,40.73221853,-73.98165557,288570
2019-12-09,40.76341379,-73.99667444,288571
2019-12-09,40.76019252,-73.9912551,288571
2019-12-09,40.74286877312112,-73.98918628692627,288572
2019-12-09,40.75172632,-73.98753523,288572
2019-12-09,40.754691750226016,-73.99740189313889,288573
2019-12-09,40.77579376683666,-73.9762057363987,288573
2019-12-09,40.7505853470215,-73.9946848154068,288574
2019-12-09,40.75660359,-73.9979009,288574
2019-12-09,40.7945663,-73.9362541,288575
2019-12-09,40.7989445,-73.944846,288575
2019-12-09,40.74317449,-74.00366443,288576
2019-12-09,40.76590936,-73.97634151,288576
2019-12-09,40.73381219196632,-73.98054420948029,288577
2019-12-09,40.73944820130404,-74.00507032871246,288577
2019-12-09,40.677236,-74.015665,288578
2019-12-09,40.6829151,-73.99318208,288578
2019-12-09,40.76269882,-73.99301222,288579
2019-12-09,40.75513557,-73.98658032,288579
2019-12-09,40.72917025,-73.99810231,288580
2019-12-09,40.72746420692392,-73.97950418293476,288580
2019-12-09,40.76227205,-73.98788205,288581
2019-12-09,40.76269882,-73.99301222,288581
2019-12-09,40.734814,-73.992085,288582
2019-12-09,40.72317958,-73.99480012,288582
2019-12-09,40.738046142482766,-73.99642959237099,288583
2019-12-09,40.7575699,-73.99098507,288583
2019-12-09,40.751396,-74.005226,288584
2019-12-09,40.751396,-74.005226,288584
2019-12-09,40.7612274,-73.96094022,288585
2019-12-09,40.76663814,-73.95348296,288585
2019-12-09,40.751873,-73.977706,288586
2019-12-09,40.75500254,-73.98014437,288586
2019-12-09,40.735445,-73.99431,288587
2019-12-09,40.74177603,-74.00149746,288587
2019-12-09,40.7190095,-73.95852515,288588
2019-12-09,40.73266,-73.95826,288588
2019-12-09,40.71602118,-73.99974372,288589
2019-12-09,40.71291224,-74.01020234,288589
2019-12-09,40.73704984,-73.99009296,288590
2019-12-09,40.754120810779256,-73.98025184869766,288590
2019-12-09,40.73381219196632,-73.98054420948029,288591
2019-12-09,40.741459,-73.983293,288591
2019-12-09,40.741459,-73.983293,288592
2019-12-09,40.74901271,-73.98848395,288592
2019-12-09,40.74524768,-73.94733276,288593
2019-12-09,40.78839,-73.9747,288593
2019-12-09,40.754691750226016,-73.99740189313889,288594
2019-12-09,40.77579376683666,-73.9762057363987,288594
2019-12-09,40.735445,-73.99431,288595
2019-12-09,40.722103786686034,-73.99724900722504,288595
2019-12-09,40.74238787,-73.99726235,288596
2019-12-09,40.76087502,-74.00277668,288596
2019-12-09,40.79406660818552,-73.96286845207214,288597
2019-12-09,40.75640548,-73.9900262,288597
2019-12-09,40.73020660529954,-73.99102628231049,288598
2019-12-09,40.72521311,-73.97768752,288598
2019-12-09,40.8114323,-73.9518776,288599
2019-12-09,40.808442,-73.9452087,288599
2019-12-09,40.71534825,-73.96024116,288600
2019-12-09,40.69331716,-73.95381995,288600
2019-12-09,40.7390169121,-74.0026376103,288601
2019-12-09,40.7390169121,-74.0026376103,288601
2019-12-09,40.74173969,-73.99415556,288602
2019-12-09,40.73532427,-73.99800419,288602
2019-12-09,40.73971301,-73.99456405,288603
2019-12-09,40.73401143,-74.00293877,288603
2019-12-09,40.738046142482766,-73.99642959237099,288604
2019-12-09,40.72740794,-73.98142006,288604
2019-12-09,40.68851534,-73.9647628,288605
2019-12-09,40.6707767,-73.9576801,288605
2019-12-09,40.75992262,-73.97648516,288606
2019-12-09,40.76915505,-73.98191841,288606
2019-12-09,40.7949879,-73.9333349,288607
2019-12-09,40.7892529,-73.93956237,288607
2019-12-09,40.72743423,-73.99379025,288608
2019-12-09,40.72453734,-73.98185424,288608
2019-12-09,40.75022392,-73.97121414,288609
2019-12-09,40.75934501,-73.96759673,288609
2019-12-09,40.77565541,-73.95068615,288610
2019-12-09,40.76500525,-73.95818491,288610
2019-12-09,40.7451677,-73.98683077,288611
2019-12-09,40.75038009,-73.98338988,288611
2019-12-09,40.79406660818552,-73.96286845207214,288612
2019-12-09,40.75724567911726,-73.97805914282799,288612
2019-12-09,40.75660359,-73.9979009,288613
2019-12-09,40.74964,-73.98805,288613
2019-12-09,40.72743423,-73.99379025,288614
2019-12-09,40.72710258,-74.00297088,288614
2019-12-09,40.73269,-73.98974,288615
2019-12-09,40.71910537,-73.99973337,288615
2019-12-09,40.71754834,-74.01322069,288616
2019-12-09,40.72405549,-74.00965965,288616
2019-12-09,40.73172428,-74.00674436,288617
2019-12-09,40.7546011026,-73.971878855,288617
2019-12-09,40.71285887,-73.96590294,288618
2019-12-09,40.72036775298455,-73.96165072917938,288618
2019-12-09,40.7937704,-73.971888,288619
2019-12-09,40.7919557,-73.968087,288619
2019-12-09,40.7457121,-73.98194829,288620
2019-12-09,40.74765947,-73.98490707,288620
2019-12-09,40.739445,-73.976806,288621
2019-12-09,40.74173969,-73.99415556,288621
2019-12-09,40.72953837,-73.98426726,288622
2019-12-09,40.71893904,-73.99266288,288622
2019-12-09,40.735367055605394,-73.98797392845154,288623
2019-12-09,40.75455731,-73.96592976,288623
2019-12-09,40.70140317257725,-73.98672670125961,288624
2019-12-09,40.69795031569544,-73.97077560424805,288624
2019-12-09,40.78499979,-73.97283406,288625
2019-12-09,40.77966809007312,-73.98093044757842,288625
2019-12-09,40.71534825,-73.96024116,288626
2019-12-09,40.71247661,-73.94100005,288626
2019-12-09,40.6827549,-73.98258555,288627
2019-12-09,40.68382604,-73.97632328,288627
2019-12-09,40.755293,-73.967641,288628
2019-12-09,40.7728384,-73.94989233,288628
2019-12-09,40.734814,-73.992085,288629
2019-12-09,40.73143724085228,-73.99490341544151,288629
2019-12-09,40.7284186,-73.98713956,288630
2019-12-09,40.72706363348306,-73.99662137031554,288630
2019-12-09,40.722103786686034,-73.99724900722504,288631
2019-12-09,40.7037992,-74.00838676,288631
2019-12-09,40.6795766,-73.97854971,288632
2019-12-09,40.6663181,-73.9854617,288632
2019-12-09,40.73587678,-73.98205027,288633
2019-12-09,40.734232,-73.986923,288633
2019-12-09,40.74275382865903,-74.00747358798981,288634
2019-12-09,40.73726186,-73.99238967,288634
2019-12-09,40.695065,-73.987167,288635
2019-12-09,40.71602118,-73.99974372,288635
2019-12-09,40.7158155,-73.99422366,288636
2019-12-09,40.69839895,-73.98068914,288636
2019-12-09,40.74487634,-73.99529885,288637
2019-12-09,40.74290902,-73.97706058,288637
2019-12-09,40.73401143,-74.00293877,288638
2019-12-09,40.73224119,-74.00026394,288638
2019-12-09,40.738046142482766,-73.99642959237099,288639
2019-12-09,40.73224119,-74.00026394,288639
2019-12-09,40.7867947,-73.977112,288640
2019-12-09,40.8082,-73.9641,288640
2019-12-09,40.8086249,-73.9596214,288641
2019-12-09,40.7987859,-73.9523,288641
2019-12-09,40.76727216,-73.99392888,288642
2019-12-09,40.7652654,-73.98192338,288642
2019-12-09,40.74395411,-73.99144871,288643
2019-12-09,40.75466591,-73.99138152,288643
2019-12-09,40.73971301,-73.99456405,288644
2019-12-09,40.754691750226016,-73.99740189313889,288644
2019-12-09,40.741459,-73.983293,288645
2019-12-09,40.74901271,-73.98848395,288645
2019-12-09,40.68763155,-74.0016256,288646
2019-12-09,40.6751622,-73.9814832,288646
2019-12-09,40.73935542,-73.99931783,288647
2019-12-09,40.7454973,-74.00197139,288647
2019-12-09,40.74394314,-73.97966069,288648
2019-12-09,40.75255434,-73.97282625,288648
2019-12-09,40.74966,-73.9521,288649
2019-12-09,40.75052534,-73.94594845,288649
2019-12-09,40.73381219196632,-73.98054420948029,288650
2019-12-09,40.73971301,-73.99456405,288650
2019-12-09,40.75500254,-73.98014437,288651
2019-12-09,40.76019252,-73.9912551,288651
2019-12-09,40.7699426,-73.96060712,288652
2019-12-09,40.76500525,-73.95818491,288652
2019-12-09,40.73401143,-74.00293877,288653
2019-12-09,40.72456089,-73.99565293,288653
2019-12-09,40.70463,-74.01507,288654
2019-12-09,40.711512,-74.015756,288654
2019-12-09,40.72368361,-73.97574813,288655
2019-12-09,40.73454567,-73.99074142,288655
2019-12-09,40.71285887,-73.96590294,288656
2019-12-09,40.72036775298455,-73.96165072917938,288656
2019-12-09,40.73454567,-73.99074142,288657
2019-12-09,40.73827428,-73.98751968,288657
2019-12-09,40.72456089,-73.99565293,288658
2019-12-09,40.722103786686034,-73.99724900722504,288658
2019-12-09,40.711066,-74.009447,288659
2019-12-09,40.70862144,-74.00722156,288659
2019-12-09,40.6809591,-73.99905709,288660
2019-12-09,40.6809591,-73.99905709,288660
2019-12-09,40.759125,-73.962658,288661
2019-12-09,40.7597108,-73.97402311,288661
2019-12-09,40.746647,-73.993915,288662
2019-12-09,40.73331967,-73.99510132,288662
2019-12-09,40.746647,-73.993915,288663
2019-12-09,40.754120810779256,-73.98025184869766,288663
2019-12-09,40.76350532,-73.97109243,288664
2019-12-09,40.751873,-73.977706,288664
2019-12-09,40.707644944175705,-73.96841526031494,288665
2019-12-09,40.71745169,-73.95850939,288665
2019-12-09,40.6773429,-74.01275056,288666
2019-12-09,40.67363551341504,-74.01195555925369,288666
2019-12-09,40.809725,-73.953149,288667
2019-12-09,40.797911,-73.9423,288667
2019-12-09,40.7612274,-73.96094022,288668
2019-12-09,40.75714758,-73.97207836,288668
2019-12-09,40.73224119,-74.00026394,288669
2019-12-09,40.72082834,-73.97793172,288669
2019-12-09,40.76228826,-73.98336183,288670
2019-12-09,40.7919557,-73.968087,288670
2019-12-09,40.718822,-73.99596,288671
2019-12-09,40.72362738,-73.99949601,288671
2019-12-09,40.718822,-73.99596,288672
2019-12-09,40.724308321602166,-74.00473035871983,288672
2019-12-09,40.71413089,-73.9970468,288673
2019-12-09,40.71739973,-73.98016555,288673
2019-12-09,40.74173969,-73.99415556,288674
2019-12-09,40.73726186,-73.99238967,288674
2019-12-09,40.741459,-73.983293,288675
2019-12-09,40.7475739589548,-73.9788007736206,288675
2019-12-09,40.746745,-74.007756,288676
2019-12-09,40.724308321602166,-74.00473035871983,288676
2019-12-09,40.75500254,-73.98014437,288677
2019-12-09,40.76227205,-73.98788205,288677
2019-12-09,40.74487634,-73.99529885,288678
2019-12-09,40.77149671054441,-73.99046033620834,288678
2019-12-09,40.75898481399634,-73.99379968643188,288679
2019-12-09,40.76370739,-73.9851615,288679
2019-12-09,40.77966809007312,-73.98093044757842,288680
2019-12-09,40.7829391,-73.9786517,288680
2019-12-09,40.73381219196632,-73.98054420948029,288681
2019-12-09,40.735367055605394,-73.98797392845154,288681
2019-12-09,40.6776147,-73.97324283,288682
2019-12-09,40.69241829257847,-73.98949474096298,288682
2019-12-09,40.71146364,-74.00552427,288683
2019-12-09,40.71307916,-73.99851193,288683
2019-12-09,40.75038009,-73.98338988,288684
2019-12-09,40.7462009,-73.98855723,288684
2019-12-09,40.71334184275907,-74.00935515761375,288685
2019-12-09,40.722055,-73.989111,288685
2019-12-09,40.6686627,-73.97988067,288686
2019-12-09,40.6793307,-73.97519523,288686
2019-12-09,40.7921,-73.9739,288687
2019-12-09,40.7829391,-73.9786517,288687
2019-12-09,40.72710258,-74.00297088,288688
2019-12-09,40.73020660529954,-73.99102628231049,288688
2019-12-09,40.74290902,-73.97706058,288689
2019-12-09,40.74144387,-73.97536082,288689
2019-12-09,40.76087502,-74.00277668,288690
2019-12-09,40.7652654,-73.98192338,288690
2019-12-09,40.69795031569544,-73.97077560424805,288691
2019-12-09,40.6737236,-73.9631611,288691
2019-12-09,40.73047747,-73.99906065,288692
2019-12-09,40.718822,-73.99596,288692
2019-12-09,40.71893904,-73.99266288,288693
2019-12-09,40.72217444,-73.98368779,288693
2019-12-09,40.734814,-73.992085,288694
2019-12-09,40.73143724085228,-73.99490341544151,288694
2019-12-09,40.70838,-74.00495,288695
2019-12-09,40.71173107,-73.99193043,288695
2019-12-09,40.77140426,-73.9535166,288696
2019-12-09,40.76873687,-73.96119945,288696
2019-12-09,40.7652654,-73.98192338,288697
2019-12-09,40.76228826,-73.98336183,288697
2019-12-09,40.72502876,-73.99069656,288698
2019-12-09,40.72951496224949,-73.99075269699097,288698
2019-12-09,40.75172632,-73.98753523,288699
2019-12-09,40.7652654,-73.98192338,288699
2019-12-09,40.73020660529954,-73.99102628231049,288700
2019-12-09,40.73020660529954,-73.99102628231049,288700
2019-12-09,40.718822,-73.99596,288701
2019-12-09,40.7158155,-73.99422366,288701
2019-12-09,40.69363137,-73.96223558,288702
2019-12-09,40.69196035,-73.96536851,288702
2019-12-09,40.75500254,-73.98014437,288703
2019-12-09,40.7829391,-73.9786517,288703
2019-12-09,40.6999974843885,-73.97440128028393,288704
2019-12-09,40.72706363348306,-73.99662137031554,288704
2019-12-09,40.7475739589548,-73.9788007736206,288705
2019-12-09,40.75001986,-73.96905301,288705
2019-12-09,40.75500254,-73.98014437,288706
2019-12-09,40.75513557,-73.98658032,288706
2019-12-09,40.68663,-73.9168,288707
2019-12-09,40.6800105,-73.938475,288707
2019-12-09,40.760339,-73.9222427,288708
2019-12-09,40.756913,-73.921631,288708
2019-12-09,40.74096374,-73.98602213,288709
2019-12-09,40.735367055605394,-73.98797392845154,288709
2019-12-09,40.735445,-73.99431,288710
2019-12-09,40.72917025,-73.99810231,288710
2019-12-09,40.7451677,-73.98683077,288711
2019-12-09,40.74096374,-73.98602213,288711
2019-12-09,40.77163851,-73.98261428,288712
2019-12-09,40.804372,-73.951475,288712
2019-12-09,40.72317958,-73.99480012,288713
2019-12-09,40.718822,-73.99596,288713
2019-12-09,40.72456089,-73.99565293,288714
2019-12-09,40.73381219196632,-73.98054420948029,288714
2019-12-09,40.75992262,-73.97648516,288715
2019-12-09,40.74691959,-74.00451887,288715
2019-12-09,40.7633589,-73.9286471,288716
2019-12-09,40.751047,-73.93797,288716
2019-12-09,40.722055,-73.989111,288717
2019-12-09,40.722055,-73.989111,288717
2019-12-09,40.74780373,-73.9734419,288718
2019-12-09,40.75797322,-73.96603308,288718
2019-12-09,40.72502876,-73.99069656,288719
2019-12-09,40.7037992,-74.00838676,288719
2019-12-09,40.69089272,-73.99612349,288720
2019-12-09,40.754120810779256,-73.98025184869766,288720
2019-12-09,40.751551,-73.993934,288721
2019-12-09,40.75066386,-74.00176802,288721
2019-12-09,40.749156,-73.9916,288722
2019-12-09,40.72951496224949,-73.99075269699097,288722
2019-12-09,40.77492513,-73.98266566,288723
2019-12-09,40.78524672,-73.97667321,288723
2019-12-09,40.74901271,-73.98848395,288724
2019-12-09,40.735445,-73.99431,288724
2019-12-09,40.7770575,-73.97898475,288725
2019-12-09,40.7667405590595,-73.9790689945221,288725
2019-12-09,40.72743423,-73.99379025,288726
2019-12-09,40.734814,-73.992085,288726
2019-12-09,40.74286877312112,-73.98918628692627,288727
2019-12-09,40.73381219196632,-73.98054420948029,288727
2019-12-09,40.72917025,-73.99810231,288728
2019-12-09,40.72456089,-73.99565293,288728
2019-12-09,40.7829391,-73.9786517,288729
2019-12-09,40.77748046,-73.98288594,288729
2019-12-09,40.7568001,-73.98291153,288730
2019-12-09,40.76009437,-73.99461843,288730
2019-12-09,40.688417427540834,-73.98451656103134,288731
2019-12-09,40.68402,-73.94977,288731
2019-12-09,40.71076228,-73.99400398,288732
2019-12-09,40.71076228,-73.99400398,288732
2019-12-09,40.7457121,-73.98194829,288733
2019-12-09,40.74765947,-73.98490707,288733
2019-12-09,40.74311555376486,-73.98215353488922,288734
2019-12-09,40.7489006,-73.97604882,288734
2019-12-09,40.76915505,-73.98191841,288735
2019-12-09,40.76712840349542,-73.96224617958069,288735
2019-12-09,40.73226398,-73.99852205,288736
2019-12-09,40.72456089,-73.99565293,288736
2019-12-09,40.69236178,-73.98631746,288737
2019-12-09,40.69580705,-73.97355569,288737
2019-12-09,40.69760127,-73.99344559,288738
2019-12-09,40.695065,-73.987167,288738
2019-12-09,40.76915505,-73.98191841,288739
2019-12-09,40.7667405590595,-73.9790689945221,288739
2019-12-09,40.72362738,-73.99949601,288740
2019-12-09,40.71754834,-74.01322069,288740
2019-12-09,40.71494807,-74.00234482,288741
2019-12-09,40.76009437,-73.99461843,288741
2019-12-09,40.75500254,-73.98014437,288742
2019-12-09,40.77477944895728,-73.95427465438843,288742
2019-12-09,40.72740794,-73.98142006,288743
2019-12-09,40.722103786686034,-73.99724900722504,288743
2019-12-09,40.720747,-73.986274,288744
2019-12-09,40.73047747,-73.99906065,288744
2019-12-09,40.73226398,-73.99852205,288745
2019-12-09,40.72706363348306,-73.99662137031554,288745
2019-12-09,40.72456089,-73.99565293,288746
2019-12-09,40.71939226,-74.00247214,288746
2019-12-09,40.7505853470215,-73.9946848154068,288747
2019-12-09,40.754691750226016,-73.99740189313889,288747
2019-12-09,40.722103786686034,-73.99724900722504,288748
2019-12-09,40.724308321602166,-74.00473035871983,288748
2019-12-09,40.751551,-73.993934,288749
2019-12-09,40.751396,-74.005226,288749
2019-12-09,40.72405549,-74.00965965,288750
2019-12-09,40.76087502,-74.00277668,288750
2019-12-09,40.81,-73.9551508,288751
2019-12-09,40.804038,-73.945925,288751
2019-12-09,40.73971301,-73.99456405,288752
2019-12-09,40.73781509,-73.99994661,288752
2019-12-09,40.763189,-73.978434,288753
2019-12-09,40.752165280621966,-73.97992193698882,288753
2019-12-09,40.7575699,-73.99098507,288754
2019-12-09,40.722103786686034,-73.99724900722504,288754
2019-12-09,40.75714758,-73.97207836,288755
2019-12-09,40.752165280621966,-73.97992193698882,288755
2019-12-09,40.8025566,-73.9490782,288756
2019-12-09,40.797911,-73.9423,288756
2019-12-09,40.754691750226016,-73.99740189313889,288757
2019-12-09,40.76030096,-73.99884222,288757
2019-12-09,40.73221853,-73.98165557,288758
2019-12-09,40.73454567,-73.99074142,288758
2019-12-09,40.75797322,-73.96603308,288759
2019-12-09,40.7687620293096,-73.95840793848038,288759
2019-12-09,40.7569332,-73.9262231,288760
2019-12-09,40.75742,-73.945133,288760
2019-12-09,40.72951496224949,-73.99075269699097,288761
2019-12-09,40.72217444,-73.98368779,288761
2019-12-09,40.71291224,-74.01020234,288762
2019-12-09,40.71219906,-73.97948148,288762
2019-12-09,40.746647,-73.993915,288763
2019-12-09,40.72917025,-73.99810231,288763
2019-12-09,40.663779,-73.98396846,288764
2019-12-09,40.6703837,-73.97839676,288764
2019-12-09,40.7172274,-73.98802084,288765
2019-12-09,40.714211,-73.981095,288765
2019-12-09,40.70538,-73.92535,288766
2019-12-09,40.71019,-73.93734,288766
2019-12-09,40.68851534,-73.9647628,288767
2019-12-09,40.69363137,-73.96223558,288767
2019-12-09,40.7817212,-73.94594,288768
2019-12-09,40.77565541,-73.95068615,288768
2019-12-09,40.72405549,-74.00965965,288769
2019-12-09,40.74275382865903,-74.00747358798981,288769
2019-12-09,40.73381219196632,-73.98054420948029,288770
2019-12-09,40.7489006,-73.97604882,288770
2019-12-09,40.73781509,-73.99994661,288771
2019-12-09,40.735445,-73.99431,288771
2019-12-09,40.741459,-73.983293,288772
2019-12-09,40.73381219196632,-73.98054420948029,288772
2019-12-09,40.73704984,-73.99009296,288773
2019-12-09,40.72953837,-73.98426726,288773
2019-12-09,40.71273266,-74.0046073,288774
2019-12-09,40.7172274,-73.98802084,288774
2019-12-09,40.68851534,-73.9647628,288775
2019-12-09,40.68753406,-73.97265183,288775
2019-12-09,40.79329668,-73.9432083,288776
2019-12-09,40.8038654,-73.9559308,288776
2019-12-09,40.75038009,-73.98338988,288777
2019-12-09,40.751873,-73.977706,288777
2019-12-09,40.72229346,-73.99147535,288778
2019-12-09,40.72779126,-73.98564945,288778
2019-12-09,40.72456089,-73.99565293,288779
2019-12-09,40.722103786686034,-73.99724900722504,288779
2019-12-09,40.75500254,-73.98014437,288780
2019-12-09,40.75640548,-73.9900262,288780
2019-12-09,40.76132983124814,-73.97982001304626,288781
2019-12-09,40.75299641,-73.98721619,288781
2019-12-09,40.69146,-73.92146,288782
2019-12-09,40.69905,-73.91516,288782
2019-12-09,40.74096374,-73.98602213,288783
2019-12-09,40.74444921,-73.98303529,288783
2019-12-09,40.72299208,-73.97995466,288784
2019-12-09,40.7284186,-73.98713956,288784
2019-12-09,40.8025566,-73.9490782,288785
2019-12-09,40.814394437915816,-73.95324736833572,288785
2019-12-09,40.68940747,-73.96885458,288786
2019-12-09,40.6902375,-73.99203074,288786
2019-12-09,40.746745,-74.007756,288787
2019-12-09,40.73291553,-74.00711384,288787
2019-12-09,40.72706363348306,-73.99662137031554,288788
2019-12-09,40.71602118,-73.99974372,288788
2019-12-09,40.67363551341504,-74.01195555925369,288789
2019-12-09,40.6773429,-74.01275056,288789
2019-12-09,40.71117444,-73.99682619,288790
2019-12-09,40.7037992,-74.00838676,288790
2019-12-09,40.74173969,-73.99415556,288791
2019-12-09,40.7505853470215,-73.9946848154068,288791
2019-12-09,40.74173969,-73.99415556,288792
2019-12-09,40.738046142482766,-73.99642959237099,288792
2019-12-09,40.74691959,-74.00451887,288793
2019-12-09,40.74475148,-73.99915362,288793
2019-12-09,40.73381219196632,-73.98054420948029,288794
2019-12-09,40.72710258,-74.00297088,288794
2019-12-09,40.72743423,-73.99379025,288795
2019-12-09,40.73454567,-73.99074142,288795
2019-12-09,40.748,-73.9460927,288796
2019-12-09,40.74436328706688,-73.9558732509613,288796
2019-12-09,40.76663814,-73.95348296,288797
2019-12-09,40.76500525,-73.95818491,288797
2019-12-09,40.7869946,-73.94164802,288798
2019-12-09,40.7839636,-73.9471673,288798
2019-12-09,40.75299641,-73.98721619,288799
2019-12-09,40.7652654,-73.98192338,288799
2019-12-09,40.7612274,-73.96094022,288800
2019-12-09,40.75206862,-73.96784384,288800
2019-12-09,40.75640548,-73.9900262,288801
2019-12-09,40.751551,-73.993934,288801
2019-12-09,40.68962188790333,-73.98304268717766,288802
2019-12-09,40.68764484,-73.96968902,288802
2019-12-09,40.70463,-74.01507,288803
2019-12-09,40.72362738,-73.99949601,288803
2019-12-09,40.735445,-73.99431,288804
2019-12-09,40.73971301,-73.99456405,288804
2019-12-09,40.73555,-73.95284,288805
2019-12-09,40.72248188638219,-73.95921930670738,288805
2019-12-09,40.801694,-73.957145,288806
2019-12-09,40.804372,-73.951475,288806
2019-12-09,40.73269,-73.98974,288807
2019-12-09,40.72706363348306,-73.99662137031554,288807
2019-12-09,40.6729679,-73.97087984,288808
2019-12-09,40.6627059,-73.9569115,288808
2019-12-09,40.722055,-73.989111,288809
2019-12-09,40.71559509,-73.9870295,288809
2019-12-09,40.73704984,-73.99009296,288810
2019-12-09,40.72779126,-73.98564945,288810
2019-12-09,40.739323,-74.008119,288811
2019-12-09,40.73781509,-73.99994661,288811
2019-12-09,40.7462009,-73.98855723,288812
2019-12-09,40.75660359,-73.9979009,288812
2019-12-09,40.72746420692392,-73.97950418293476,288813
2019-12-09,40.72917025,-73.99810231,288813
2019-12-09,40.751581,-73.97791,288814
2019-12-09,40.73224119,-74.00026394,288814
2019-12-09,40.74173969,-73.99415556,288815
2019-12-09,40.7454973,-74.00197139,288815
2019-12-09,40.74173969,-73.99415556,288816
2019-12-09,40.735445,-73.99431,288816
2019-12-09,40.7806284,-73.9521667,288817
2019-12-09,40.7862586,-73.94552579,288817
2019-12-09,40.75019995,-73.99093085,288818
2019-12-09,40.74765947,-73.98490707,288818
2019-12-09,40.71406667,-73.99293911,288819
2019-12-09,40.72903917,-73.99404649,288819
2019-12-09,40.73971301,-73.99456405,288820
2019-12-09,40.73143724085228,-73.99490341544151,288820
2019-12-09,40.7643971,-73.97371465,288821
2019-12-09,40.74734825,-73.99723551,288821
2019-12-09,40.736502,-73.97809472,288822
2019-12-09,40.72903917,-73.99404649,288822
2019-12-09,40.74311555376486,-73.98215353488922,288823
2019-12-09,40.74286877312112,-73.98918628692627,288823
2019-12-09,40.675146838709786,-73.97523209452629,288824
2019-12-09,40.6728155,-73.98352355,288824
2019-12-09,40.722103786686034,-73.99724900722504,288825
2019-12-09,40.74290902,-73.97706058,288825
2019-12-09,40.770513,-73.988038,288826
2019-12-09,40.79017948095081,-73.97288918495178,288826
2019-12-09,40.77966809007312,-73.98093044757842,288827
2019-12-09,40.7746671,-73.98470567,288827
2019-12-09,40.72307749068673,-73.98583620786667,288828
2019-12-09,40.71850211,-73.98329859,288828
2019-12-09,40.7390169121,-74.0026376103,288829
2019-12-09,40.74096374,-73.98602213,288829
2019-12-09,40.7557327,-73.9236611,288830
2019-12-09,40.75651272984955,-73.92957486212252,288830
2019-12-09,40.7643971,-73.97371465,288831
2019-12-09,40.79127,-73.964839,288831
2019-12-09,40.71534825,-73.96024116,288832
2019-12-09,40.68851534,-73.9647628,288832
2019-12-09,40.72456089,-73.99565293,288833
2019-12-09,40.73704984,-73.99009296,288833
2019-12-09,40.73381219196632,-73.98054420948029,288834
2019-12-09,40.74144387,-73.97536082,288834
2019-12-09,40.68940747,-73.96885458,288835
2019-12-09,40.68506807308177,-73.97790759801863,288835
2019-12-09,40.7457121,-73.98194829,288836
2019-12-09,40.72307749068673,-73.98583620786667,288836
2019-12-09,40.74765947,-73.98490707,288837
2019-12-09,40.72746420692392,-73.97950418293476,288837
2019-12-09,40.804213,-73.96699104,288838
2019-12-09,40.7997568,-73.9621128676,288838
2019-12-09,40.73454567,-73.99074142,288839
2019-12-09,40.75038009,-73.98338988,288839
2019-12-09,40.76087502,-74.00277668,288840
2019-12-09,40.7652654,-73.98192338,288840
2019-12-09,40.71219906,-73.97948148,288841
2019-12-09,40.70717936,-74.00887308,288841
2019-12-09,40.76727216,-73.99392888,288842
2019-12-09,40.7770575,-73.97898475,288842
2019-12-09,40.76087502,-74.00277668,288843
2019-12-09,40.7652654,-73.98192338,288843
2019-12-09,40.72299208,-73.97995466,288844
2019-12-09,40.72917025,-73.99810231,288844
2019-12-09,40.74964,-73.98805,288845
2019-12-09,40.74286877312112,-73.98918628692627,288845
2019-12-09,40.70355377,-74.00670227,288846
2019-12-09,40.74290902,-73.97706058,288846
2019-12-09,40.80949534777948,-73.94776493310928,288847
2019-12-09,40.79904139288298,-73.96649479866028,288847
2019-12-09,40.6750207,-73.97111473,288848
2019-12-09,40.668132,-73.97363831,288848
2019-12-09,40.7462009,-73.98855723,288849
2019-12-09,40.75097711,-73.98765428,288849
2019-12-09,40.739323,-74.008119,288850
2019-12-09,40.73226398,-73.99852205,288850
2019-12-09,40.74275382865903,-74.00747358798981,288851
2019-12-09,40.72966729392978,-73.98067966103554,288851
2019-12-09,40.73047309,-73.98672378,288852
2019-12-09,40.73624527,-73.98473765,288852
2019-12-09,40.70862144,-74.00722156,288853
2019-12-09,40.71334184275907,-74.00935515761375,288853
2019-12-09,40.8120562,-73.9612547,288854
2019-12-09,40.8067581,-73.9607082,288854
2019-12-09,40.711863,-73.944024,288855
2019-12-09,40.68900443,-73.96023854,288855
2019-12-09,40.74173969,-73.99415556,288856
2019-12-09,40.74475148,-73.99915362,288856
2019-12-09,40.79329668,-73.9432083,288857
2019-12-09,40.8013066,-73.9398167,288857
2019-12-09,40.76087502,-74.00277668,288858
2019-12-09,40.7652654,-73.98192338,288858
2019-12-09,40.75640548,-73.9900262,288859
2019-12-09,40.74765947,-73.98490707,288859
2019-12-09,40.6881529,-73.99520919,288860
2019-12-09,40.6809591,-73.99905709,288860
2019-12-09,40.70870368,-73.9448625,288861
2019-12-09,40.706237,-73.933871,288861
2019-12-09,40.7451677,-73.98683077,288862
2019-12-09,40.734232,-73.986923,288862
2019-12-09,40.72243797,-74.00566443,288863
2019-12-09,40.711066,-74.009447,288863
2019-12-09,40.8013434,-73.9711457439,288864
2019-12-09,40.7937704,-73.971888,288864
2019-12-09,40.746647,-73.993915,288865
2019-12-09,40.7462009,-73.98855723,288865
2019-12-09,40.70463,-74.01507,288866
2019-12-09,40.71754834,-74.01322069,288866
2019-12-09,40.72299208,-73.97995466,288867
2019-12-09,40.72453734,-73.98185424,288867
2019-12-09,40.73454567,-73.99074142,288868
2019-12-09,40.72746420692392,-73.97950418293476,288868
2019-12-09,40.68683208,-73.9796772,288869
2019-12-09,40.69221589,-73.9842844,288869
2019-12-09,40.75019995,-73.99093085,288870
2019-12-09,40.75019995,-73.99093085,288870
2019-12-09,40.738046142482766,-73.99642959237099,288871
2019-12-09,40.72953837,-73.98426726,288871
2019-12-09,40.72917025,-73.99810231,288872
2019-12-09,40.73535398,-74.00483091,288872
2019-12-09,40.73223272,-73.98889957,288873
2019-12-09,40.73143724085228,-73.99490341544151,288873
2019-12-09,40.73331967,-73.99510132,288874
2019-12-09,40.73935542,-73.99931783,288874
2019-12-09,40.75038009,-73.98338988,288875
2019-12-09,40.74901271,-73.98848395,288875
2019-12-09,40.72740794,-73.98142006,288876
2019-12-09,40.724308321602166,-74.00473035871983,288876
2019-12-09,40.8045555,-73.9396861,288877
2019-12-09,40.808442,-73.9452087,288877
2019-12-09,40.72951496224949,-73.99075269699097,288878
2019-12-09,40.72621788,-73.98379855,288878
2019-12-09,40.76228826,-73.98336183,288879
2019-12-09,40.75660359,-73.9979009,288879
2019-12-09,40.74317449,-74.00366443,288880
2019-12-09,40.74173969,-73.99415556,288880
2019-12-09,40.73331967,-73.99510132,288881
2019-12-09,40.73020660529954,-73.99102628231049,288881
2019-12-09,40.76087502,-74.00277668,288882
2019-12-09,40.75724567911726,-73.97805914282799,288882
2019-12-09,40.7190095,-73.95852515,288883
2019-12-09,40.7190095,-73.95852515,288883
2019-12-09,40.7149787,-74.013012,288884
2019-12-09,40.70834698,-74.01713445,288884
2019-12-09,40.71850211,-73.98329859,288885
2019-12-09,40.71269042,-73.98776323,288885
2019-12-09,40.739323,-74.008119,288886
2019-12-09,40.77118287540658,-73.96409422159195,288886
2019-12-09,40.73587678,-73.98205027,288887
2019-12-09,40.735367055605394,-73.98797392845154,288887
2019-12-09,40.71307916,-73.99851193,288888
2019-12-09,40.71146364,-74.00552427,288888
2019-12-09,40.7403432,-73.98955109,288889
2019-12-09,40.7462009,-73.98855723,288889
2019-12-09,40.76095756,-73.96724467,288890
2019-12-09,40.751581,-73.97791,288890
2019-12-09,40.76068327096592,-73.9845272898674,288891
2019-12-09,40.76341379,-73.99667444,288891
2019-12-09,40.72066442,-73.98517977,288892
2019-12-09,40.735445,-73.99431,288892
2019-12-09,40.72066442,-73.98517977,288893
2019-12-09,40.73532427,-73.99800419,288893
2019-12-09,40.8082,-73.9641,288894
2019-12-09,40.8067581,-73.9607082,288894
2019-12-09,40.7934337,-73.94945003,288895
2019-12-09,40.7903051,-73.94755757,288895
2019-12-09,40.738046142482766,-73.99642959237099,288896
2019-12-09,40.76727216,-73.99392888,288896
2019-12-09,40.761573,-73.972628,288897
2019-12-09,40.76370739,-73.9851615,288897
2019-12-09,40.73781509,-73.99994661,288898
2019-12-09,40.73454567,-73.99074142,288898
2019-12-09,40.77149671054441,-73.99046033620834,288899
2019-12-09,40.76915505,-73.98191841,288899
2019-12-09,40.74173969,-73.99415556,288900
2019-12-09,40.74275382865903,-74.00747358798981,288900
2019-12-09,40.754120810779256,-73.98025184869766,288901
2019-12-09,40.751873,-73.977706,288901
2019-12-09,40.722103786686034,-73.99724900722504,288902
2019-12-09,40.72746420692392,-73.97950418293476,288902
2019-12-09,40.768254,-73.988639,288903
2019-12-09,40.75640548,-73.9900262,288903
2019-12-09,40.72217444,-73.98368779,288904
2019-12-09,40.71782143,-73.97628939,288904
2019-12-09,40.746647,-73.993915,288905
2019-12-09,40.73704984,-73.99009296,288905
2019-12-09,40.6610633719006,-73.97945255041122,288906
2019-12-09,40.6737236,-73.9631611,288906
2019-12-09,40.7381765,-73.97738662,288907
2019-12-09,40.74395411,-73.99144871,288907
2019-12-09,40.6853761,-73.98302136,288908
2019-12-09,40.6828003,-73.99990419,288908
2019-12-09,40.74322681432173,-73.97449783980846,288909
2019-12-09,40.75828065,-73.97069431,288909
2019-12-09,40.7381765,-73.97738662,288910
2019-12-09,40.69839895,-73.98068914,288910
2019-12-09,40.73827428,-73.98751968,288911
2019-12-09,40.74096374,-73.98602213,288911
2019-12-09,40.72779126,-73.98564945,288912
2019-12-09,40.71939226,-74.00247214,288912
2019-12-09,40.746745,-74.007756,288913
2019-12-09,40.74334935,-74.00681753,288913
2019-12-09,40.69308257,-73.97178913,288914
2019-12-09,40.6791944,-73.9587903,288914
2019-12-09,40.70355377,-74.00670227,288915
2019-12-09,40.70530954,-74.00612572,288915
2019-12-09,40.74334935,-74.00681753,288916
2019-12-09,40.74177603,-74.00149746,288916
2019-12-09,40.69363137,-73.96223558,288917
2019-12-09,40.69196035,-73.96536851,288917
2019-12-09,40.7568001,-73.98291153,288918
2019-12-09,40.7457121,-73.98194829,288918
2019-12-09,40.77966809007312,-73.98093044757842,288919
2019-12-09,40.7667405590595,-73.9790689945221,288919
2019-12-09,40.73047747,-73.99906065,288920
2019-12-09,40.73223272,-73.98889957,288920
2019-12-09,40.6793307,-73.97519523,288921
2019-12-09,40.6867443,-73.99063168,288921
2019-12-09,40.7949879,-73.9333349,288922
2019-12-09,40.782454175279874,-73.9489196240902,288922
2019-12-09,40.75640548,-73.9900262,288923
2019-12-09,40.74394314,-73.97966069,288923
2019-12-09,40.73020660529954,-73.99102628231049,288924
2019-12-09,40.73047309,-73.98672378,288924
2019-12-09,40.67909799721684,-73.98765474557877,288925
2019-12-09,40.6751622,-73.9814832,288925
2019-12-09,40.74173969,-73.99415556,288926
2019-12-09,40.73726186,-73.99238967,288926
2019-12-09,40.73781509,-73.99994661,288927
2019-12-09,40.74487634,-73.99529885,288927
2019-12-09,40.75066386,-74.00176802,288928
2019-12-09,40.74444921,-73.98303529,288928
2019-12-09,40.7877214,-73.94728331,288929
2019-12-09,40.804038,-73.945925,288929
2019-12-09,40.7172274,-73.98802084,288930
2019-12-09,40.714211,-73.981095,288930
2019-12-09,40.71413089,-73.9970468,288931
2019-12-09,40.69608941,-73.97803415,288931
2019-12-09,40.71494807,-74.00234482,288932
2019-12-09,40.70463,-74.01507,288932
2019-12-09,40.7785669,-73.97754961,288933
2019-12-09,40.78524672,-73.97667321,288933
2019-12-09,40.7882213,-73.97041561,288934
2019-12-09,40.76712840349542,-73.96224617958069,288934
2019-12-09,40.72019521437465,-74.0103006362915,288935
2019-12-09,40.70905623,-74.01043382,288935
2019-12-09,40.72903917,-73.99404649,288936
2019-12-09,40.73454567,-73.99074142,288936
2019-12-09,40.805726,-73.936322,288937
2019-12-09,40.8107922,-73.9430681,288937
2019-12-09,40.72706363348306,-73.99662137031554,288938
2019-12-09,40.7262807,-73.98978041,288938
2019-12-09,40.71939226,-74.00247214,288940
2019-12-09,40.72019521437465,-74.0103006362915,288940
2019-12-09,40.73944820130404,-74.00507032871246,288941
2019-12-09,40.76269882,-73.99301222,288941
2019-12-09,40.70862144,-74.00722156,288942
2019-12-09,40.71273266,-74.0046073,288942
2019-12-09,40.76068327096592,-73.9845272898674,288944
2019-12-09,40.7652654,-73.98192338,288944
2019-12-09,40.6786115,-73.99037292,288945
2019-12-09,40.67909799721684,-73.98765474557877,288945
2019-12-09,40.752269,-73.982079,288946
2019-12-09,40.746647,-73.993915,288946
2019-12-09,40.680944723477296,-73.97567331790923,288947
2019-12-09,40.6804836,-73.9646795,288947
2019-12-09,40.7829391,-73.9786517,288948
2019-12-09,40.77492513,-73.98266566,288948
2019-12-09,40.666287,-73.98895053,288949
2019-12-09,40.69102925677968,-73.99183362722397,288949
2019-12-09,40.75455731,-73.96592976,288950
2019-12-09,40.7652654,-73.98192338,288950
2019-12-09,40.759125,-73.962658,288951
2019-12-09,40.75714758,-73.97207836,288951
2019-12-09,40.714211,-73.981095,288952
2019-12-09,40.7149787,-74.013012,288952
2019-12-09,40.7699426,-73.96060712,288953
2019-12-09,40.75828065,-73.97069431,288953
2019-12-09,40.73181401720966,-73.95995020866394,288954
2019-12-09,40.72606,-73.95621,288954
2019-12-09,40.72708584,-73.95299117,288955
2019-12-09,40.724812564400175,-73.94752621650696,288955
2019-12-09,40.72706363348306,-73.99662137031554,288956
2019-12-09,40.7505853470215,-73.9946848154068,288956
2019-12-09,40.6662078,-73.98199886,288957
2019-12-09,40.668127,-73.98377641,288957
2019-12-09,40.7747878,-73.9125551,288958
2019-12-09,40.774591,-73.918544,288958
2019-12-09,40.70463,-74.01507,288959
2019-12-09,40.70255065,-74.0127234,288959
2019-12-09,40.73269,-73.98974,288960
2019-12-09,40.73047747,-73.99906065,288960
2019-12-09,40.7454973,-74.00197139,288961
2019-12-09,40.73935542,-73.99931783,288961
2019-12-09,40.6881529,-73.99520919,288962
2019-12-09,40.6881529,-73.99520919,288962
2019-12-09,40.75594159,-74.0021163,288963
2019-12-09,40.76030096,-73.99884222,288963
2019-12-09,40.7172274,-73.98802084,288964
2019-12-09,40.72621788,-73.98379855,288964
2019-12-09,40.72951496224949,-73.99075269699097,288965
2019-12-09,40.735445,-73.99431,288965
2019-12-09,40.7656251,-73.9136695,288966
2019-12-09,40.761584,-73.925921,288966
2019-12-09,40.749156,-73.9916,288967
2019-12-09,40.7451677,-73.98683077,288967
2019-12-09,40.77140426,-73.9535166,288968
2019-12-09,40.76095756,-73.96724467,288968
2019-12-09,40.6777287,-73.99364123,288969
2019-12-09,40.6728155,-73.98352355,288969
2019-12-09,40.70717936,-74.00887308,288970
2019-12-09,40.7037992,-74.00838676,288970
2019-12-09,40.68851534,-73.9647628,288971
2019-12-09,40.69363137,-73.96223558,288971
2019-12-09,40.7390169121,-74.0026376103,288972
2019-12-09,40.738046142482766,-73.99642959237099,288972
2019-12-09,40.804213,-73.96699104,288973
2019-12-09,40.802692,-73.96295,288973
2019-12-09,40.7403432,-73.98955109,288974
2019-12-09,40.7454973,-74.00197139,288974
2019-12-09,40.72953837,-73.98426726,288975
2019-12-09,40.71406667,-73.99293911,288975
2019-12-09,40.77966809007312,-73.98093044757842,288976
2019-12-09,40.76590936,-73.97634151,288976
2019-12-09,40.702461,-73.986842,288977
2019-12-09,40.72521311,-73.97768752,288977
2019-12-09,40.6792788,-73.98154004,288978
2019-12-09,40.69839895,-73.98068914,288978
2019-12-09,40.72082834,-73.97793172,288979
2019-12-09,40.73221853,-73.98165557,288979
2019-12-09,40.7667405590595,-73.9790689945221,288980
2019-12-09,40.8067581,-73.9607082,288980
2019-12-09,40.72019576,-73.98997825,288981
2019-12-09,40.72917025,-73.99810231,288981
2019-12-09,40.71427487,-73.98990025,288982
2019-12-09,40.71413089,-73.9970468,288982
2019-12-09,40.722103786686034,-73.99724900722504,288983
2019-12-09,40.72746420692392,-73.97950418293476,288983
2019-12-09,40.7457121,-73.98194829,288984
2019-12-09,40.75466591,-73.99138152,288984
2019-12-09,40.7689738,-73.95482273,288985
2019-12-09,40.76009437,-73.99461843,288985
2019-12-09,40.72951496224949,-73.99075269699097,288986
2019-12-09,40.72307749068673,-73.98583620786667,288986
2019-12-09,40.76009437,-73.99461843,288987
2019-12-09,40.74780373,-73.9734419,288987
2019-12-09,40.75110165,-73.94073717,288988
2019-12-09,40.7614376,-73.9411265,288988
2019-12-09,40.73726186,-73.99238967,288989
2019-12-09,40.74238787,-73.99726235,288989
2019-12-09,40.68506807308177,-73.97790759801863,288990
2019-12-09,40.69221589,-73.9842844,288990
2019-12-09,40.74286877312112,-73.98918628692627,288991
2019-12-09,40.74286877312112,-73.98918628692627,288991
2019-12-09,40.75022392,-73.97121414,288992
2019-12-09,40.7575699,-73.99098507,288992
2019-12-09,40.76302594280519,-73.97209525108337,288993
2019-12-09,40.76095756,-73.96724467,288993
2019-12-09,40.6737236,-73.9631611,288994
2019-12-09,40.68382604,-73.97632328,288994
2019-12-09,40.73401143,-74.00293877,288995
2019-12-09,40.722103786686034,-73.99724900722504,288995
2019-12-09,40.76500525,-73.95818491,288996
2019-12-09,40.7727966,-73.95577801,288996
2019-12-09,40.74173969,-73.99415556,288997
2019-12-09,40.74765947,-73.98490707,288997
2019-12-09,40.77492513,-73.98266566,288998
2019-12-09,40.7489006,-73.97604882,288998
2019-12-09,40.6881529,-73.99520919,288999
2019-12-09,40.6859296,-74.00242364,288999
2019-12-09,40.75500254,-73.98014437,289000
2019-12-09,40.75019995,-73.99093085,289000
2019-12-09,40.76590936,-73.97634151,289001
2019-12-09,40.77966809007312,-73.98093044757842,289001
2019-12-09,40.69308257,-73.97178913,289002
2019-12-09,40.6917823,-73.9737299,289002
2019-12-09,40.74901271,-73.98848395,289003
2019-12-09,40.77632142182271,-73.96427392959595,289003
2019-12-09,40.69221589,-73.9842844,289004
2019-12-09,40.666439306870814,-73.9605563879013,289004
2019-12-09,40.746647,-73.993915,289005
2019-12-09,40.72710258,-74.00297088,289005
2019-12-09,40.73269,-73.98974,289006
2019-12-09,40.72453734,-73.98185424,289006
2019-12-09,40.71910537,-73.99973337,289007
2019-12-09,40.72243797,-74.00566443,289007
2019-12-09,40.739445,-73.976806,289008
2019-12-09,40.735367055605394,-73.98797392845154,289008
2019-12-09,40.77515953434235,-73.98918695747852,289009
2019-12-09,40.7829391,-73.9786517,289009
2019-12-09,40.76915505,-73.98191841,289010
2019-12-09,40.76227205,-73.98788205,289010
2019-12-09,40.7785669,-73.97754961,289011
2019-12-09,40.7746671,-73.98470567,289011
2019-12-09,40.735367055605394,-73.98797392845154,289012
2019-12-09,40.74096374,-73.98602213,289012
2019-12-09,40.72740794,-73.98142006,289013
2019-12-09,40.73532427,-73.99800419,289013
2019-12-09,40.8109494,-73.9634,289014
2019-12-09,40.805973,-73.964928,289014
2019-12-09,40.75724567911726,-73.97805914282799,289015
2019-12-09,40.76780080148132,-73.96592080593109,289015
2019-12-09,40.711512,-74.015756,289016
2019-12-09,40.71450451,-74.00562789,289016
2019-12-09,40.7728384,-73.94989233,289017
2019-12-09,40.7724607,-73.9468208,289017
2019-12-09,40.79127,-73.964839,289018
2019-12-09,40.7882213,-73.97041561,289018
2019-12-09,40.7505853470215,-73.9946848154068,289019
2019-12-09,40.73172428,-74.00674436,289019
2019-12-09,40.70834698,-74.01713445,289020
2019-12-09,40.70365182,-74.01167797,289020
2019-12-09,40.693261,-73.968896,289021
2019-12-09,40.697787,-73.973736,289021
2019-12-09,40.741459,-73.983293,289022
2019-12-09,40.74444921,-73.98303529,289022
2019-12-09,40.71910537,-73.99973337,289023
2019-12-09,40.72743423,-73.99379025,289023
2019-12-09,40.74173969,-73.99415556,289024
2019-12-09,40.7403432,-73.98955109,289024
2019-12-09,40.71335226222875,-73.9491033554077,289025
2019-12-09,40.70870368,-73.9448625,289025
2019-12-09,40.75513557,-73.98658032,289026
2019-12-09,40.73381219196632,-73.98054420948029,289026
2019-12-09,40.7922553,-73.95249933,289027
2019-12-09,40.795346,-73.96186,289027
2019-12-09,40.76068327096592,-73.9845272898674,289028
2019-12-09,40.76068327096592,-73.9845272898674,289028
2019-12-09,40.71334184275907,-74.00935515761375,289029
2019-12-09,40.71939226,-74.00247214,289029
2019-12-09,40.761584,-73.925921,289030
2019-12-09,40.7638753,-73.9364848,289030
2019-12-09,40.751873,-73.977706,289031
2019-12-09,40.75992262,-73.97648516,289031
2019-12-09,40.7208736,-73.98085795,289032
2019-12-09,40.73223272,-73.98889957,289032
2019-12-09,40.7728384,-73.94989233,289033
2019-12-09,40.7612274,-73.96094022,289033
2019-12-09,40.73532427,-73.99800419,289034
2019-12-09,40.746745,-74.007756,289034
2019-12-09,40.7454973,-74.00197139,289035
2019-12-09,40.7505853470215,-73.9946848154068,289035
2019-12-09,40.74275382865903,-74.00747358798981,289036
2019-12-09,40.73726186,-73.99238967,289036
2019-12-09,40.77966809007312,-73.98093044757842,289037
2019-12-09,40.77140426,-73.9535166,289037
2019-12-09,40.72606,-73.95621,289038
2019-12-09,40.71260486,-73.96264403,289038
2019-12-09,40.74937024193277,-73.99923384189606,289039
2019-12-09,40.75466591,-73.99138152,289039
2019-12-09,40.73381219196632,-73.98054420948029,289040
2019-12-09,40.73221853,-73.98165557,289040
2019-12-09,40.74096374,-73.98602213,289041
2019-12-09,40.741459,-73.983293,289041
2019-12-09,40.7462009,-73.98855723,289042
2019-12-09,40.746647,-73.993915,289042
2019-12-09,40.75206862,-73.96784384,289043
2019-12-09,40.77140426,-73.9535166,289043
2019-12-09,40.6849894,-73.99440329,289044
2019-12-09,40.6795766,-73.97854971,289044
2019-12-09,40.805159,-73.954692,289045
2019-12-09,40.809725,-73.953149,289045
2019-12-09,40.76344058,-73.98268129,289046
2019-12-09,40.75724567911726,-73.97805914282799,289046
2019-12-09,40.6686273,-73.98700053,289047
2019-12-09,40.66514681533792,-73.97637605667114,289047
2019-12-09,40.7172274,-73.98802084,289048
2019-12-09,40.720747,-73.986274,289048
2019-12-09,40.79406660818552,-73.96286845207214,289049
2019-12-09,40.795,-73.9645,289049
2019-12-09,40.77579376683666,-73.9762057363987,289050
2019-12-09,40.7734066,-73.97782542,289050
2019-12-09,40.74177603,-74.00149746,289051
2019-12-09,40.73221853,-73.98165557,289051
2019-12-09,40.73781509,-73.99994661,289052
2019-12-09,40.72521311,-73.97768752,289052
2019-12-09,40.73381219196632,-73.98054420948029,289053
2019-12-09,40.74144387,-73.97536082,289053
2019-12-09,40.74144387,-73.97536082,289054
2019-12-09,40.72746420692392,-73.97950418293476,289054
2019-12-09,40.73704984,-73.99009296,289055
2019-12-09,40.76915505,-73.98191841,289055
2019-12-09,40.76727216,-73.99392888,289056
2019-12-09,40.751873,-73.977706,289056
2019-12-09,40.749156,-73.9916,289057
2019-12-09,40.75206862,-73.96784384,289057
2019-12-09,40.749156,-73.9916,289058
2019-12-09,40.730563,-73.973984,289058
2019-12-09,40.76019252,-73.9912551,289059
2019-12-09,40.7568001,-73.98291153,289059
2019-12-09,40.77896784,-73.97374737,289060
2019-12-09,40.7667405590595,-73.9790689945221,289060
2019-12-09,40.76800889305947,-73.96845281124115,289061
2019-12-09,40.78414472,-73.98362492,289061
2019-12-09,40.75640548,-73.9900262,289062
2019-12-09,40.76500525,-73.95818491,289062
2019-12-09,40.71622644,-73.98261206,289063
2019-12-09,40.71622644,-73.98261206,289063
2019-12-09,40.7190095,-73.95852515,289064
2019-12-09,40.72708584,-73.95299117,289064
2019-12-09,40.7462009,-73.98855723,289065
2019-12-09,40.7262807,-73.98978041,289065
2019-12-09,40.7003,-73.991581,289066
2019-12-09,40.70277159,-73.99383605,289066
2019-12-09,40.80949534777948,-73.94776493310928,289067
2019-12-09,40.7973721,-73.97041192,289067
2019-12-09,40.77536905,-73.94803392,289068
2019-12-09,40.76471851944339,-73.96222069859505,289068
2019-12-09,40.73971301,-73.99456405,289069
2019-12-09,40.72019576,-73.98997825,289069
2019-12-09,40.71625008,-74.0091059,289070
2019-12-09,40.71605866,-73.99190759,289070
2019-12-09,40.77140426,-73.9535166,289071
2019-12-09,40.7689738,-73.95482273,289071
2019-12-09,40.74765947,-73.98490707,289072
2019-12-09,40.754120810779256,-73.98025184869766,289072
2019-12-09,40.72710258,-74.00297088,289073
2019-12-09,40.72953837,-73.98426726,289073
2019-12-09,40.78057799010334,-73.98562431335449,289074
2019-12-09,40.7770575,-73.97898475,289074
2019-12-09,40.735367055605394,-73.98797392845154,289075
2019-12-09,40.735367055605394,-73.98797392845154,289075
2019-12-09,40.71534825,-73.96024116,289076
2019-12-09,40.72325,-73.94308,289076
2019-12-09,40.71019,-73.93734,289077
2019-12-09,40.71773,-73.94051,289077
2019-12-09,40.741459,-73.983293,289078
2019-12-09,40.74394314,-73.97966069,289078
2019-12-09,40.751396,-74.005226,289079
2019-12-09,40.71485150526252,-74.01122331619263,289079
2019-12-09,40.74475148,-73.99915362,289080
2019-12-09,40.74691959,-74.00451887,289080
2019-12-09,40.7817212,-73.94594,289081
2019-12-09,40.8067581,-73.9607082,289081
2019-12-09,40.75513557,-73.98658032,289082
2019-12-09,40.75660359,-73.9979009,289082
2019-12-09,40.6853761,-73.98302136,289083
2019-12-09,40.68962188790333,-73.98304268717766,289083
2019-12-09,40.73269,-73.98974,289084
2019-12-09,40.6894932,-73.942061,289084
2019-12-09,40.78813,-73.95206,289085
2019-12-09,40.7806284,-73.9521667,289085
2019-12-09,40.7652654,-73.98192338,289086
2019-12-09,40.7801839724239,-73.97728532552719,289086
2019-12-09,40.73291553,-74.00711384,289087
2019-12-09,40.75594159,-74.0021163,289087
2019-12-09,40.79017948095081,-73.97288918495178,289088
2019-12-09,40.7667405590595,-73.9790689945221,289088
2019-12-09,40.74311555376486,-73.98215353488922,289089
2019-12-09,40.72494672359416,-74.00165855884552,289089
2019-12-09,40.75097711,-73.98765428,289090
2019-12-09,40.75500254,-73.98014437,289090
2019-12-09,40.8082,-73.9641,289091
2019-12-09,40.7941654,-73.974124,289091
2019-12-09,40.75724567911726,-73.97805914282799,289092
2019-12-09,40.7568001,-73.98291153,289092
2019-12-09,40.714211,-73.981095,289093
2019-12-09,40.71427487,-73.98990025,289093
2019-12-09,40.72521311,-73.97768752,289094
2019-12-09,40.73020660529954,-73.99102628231049,289094
2019-12-09,40.6663181,-73.9854617,289095
2019-12-09,40.6765304,-73.97846879,289095
2019-12-09,40.7505853470215,-73.9946848154068,289096
2019-12-09,40.76360467795863,-73.98917958140373,289096
2019-12-09,40.71450451,-74.00562789,289097
2019-12-09,40.677027,-73.9865,289097
2019-12-09,40.74173969,-73.99415556,289098
2019-12-09,40.73291553,-74.00711384,289098
2019-12-09,40.735367055605394,-73.98797392845154,289099
2019-12-09,40.751581,-73.97791,289099
2019-12-09,40.74173969,-73.99415556,289100
2019-12-09,40.7208736,-73.98085795,289100
2019-12-09,40.6773429,-74.01275056,289101
2019-12-09,40.6787242,-73.99599099,289101
2019-12-09,40.74317449,-74.00366443,289102
2019-12-09,40.7403432,-73.98955109,289102
2019-12-09,40.718822,-73.99596,289103
2019-12-09,40.722103786686034,-73.99724900722504,289103
2019-12-09,40.78414472,-73.98362492,289104
2019-12-09,40.70355377,-74.00670227,289104
2019-12-09,40.71893904,-73.99266288,289105
2019-12-09,40.722055,-73.989111,289105
2019-12-09,40.70365182,-74.01167797,289106
2019-12-09,40.70355377,-74.00670227,289106
2019-12-09,40.7779453,-73.946041,289107
2019-12-09,40.7892105,-73.94370784,289107
2019-12-09,40.74780373,-73.9734419,289108
2019-12-09,40.73381219196632,-73.98054420948029,289108
2019-12-09,40.763189,-73.978434,289109
2019-12-09,40.77282817,-73.96685276,289109
2019-12-09,40.75992262,-73.97648516,289110
2019-12-09,40.7904828,-73.95033068,289110
2019-12-09,40.72082834,-73.97793172,289111
2019-12-09,40.7457121,-73.98194829,289111
2019-12-09,40.73935542,-73.99931783,289112
2019-12-09,40.73726186,-73.99238967,289112
2019-12-09,40.72494672359416,-74.00165855884552,289113
2019-12-09,40.71427487,-73.98990025,289113
2019-12-09,40.70905623,-74.01043382,289114
2019-12-09,40.74964,-73.98805,289114
2019-12-09,40.74395411,-73.99144871,289115
2019-12-09,40.770513,-73.988038,289115
2019-12-09,40.74290902,-73.97706058,289116
2019-12-09,40.7457121,-73.98194829,289116
2019-12-09,40.70905623,-74.01043382,289117
2019-12-09,40.74964,-73.98805,289117
2019-12-09,40.73944820130404,-74.00507032871246,289118
2019-12-09,40.7454973,-74.00197139,289118
2019-12-09,40.746647,-73.993915,289119
2019-12-09,40.73704984,-73.99009296,289119
2019-12-09,40.73704984,-73.99009296,289120
2019-12-09,40.74096374,-73.98602213,289120
2019-12-09,40.7403432,-73.98955109,289121
2019-12-09,40.763954,-73.9646,289121
2019-12-09,40.739445,-73.976806,289122
2019-12-09,40.73381219196632,-73.98054420948029,289122
2019-12-09,40.70905623,-74.01043382,289123
2019-12-09,40.74964,-73.98805,289123
2019-12-09,40.7505853470215,-73.9946848154068,289124
2019-12-09,40.728846,-74.008591,289124
2019-12-09,40.72966729392978,-73.98067966103554,289125
2019-12-09,40.73143724085228,-73.99490341544151,289125
2019-12-09,40.734814,-73.992085,289126
2019-12-09,40.72307749068673,-73.98583620786667,289126
2019-12-09,40.8011939,-73.9500739,289127
2019-12-09,40.791976,-73.945993,289127
2019-12-09,40.7457121,-73.98194829,289128
2019-12-09,40.730563,-73.973984,289128
2019-12-09,40.7403432,-73.98955109,289129
2019-12-09,40.74475148,-73.99915362,289129
2019-12-09,40.75066386,-74.00176802,289130
2019-12-09,40.754691750226016,-73.99740189313889,289130
2019-12-09,40.73221853,-73.98165557,289131
2019-12-09,40.72903917,-73.99404649,289131
2019-12-09,40.68415748,-73.96922273,289132
2019-12-09,40.68851534,-73.9647628,289132
2019-12-09,40.70905623,-74.01043382,289133
2019-12-09,40.74964,-73.98805,289133
2019-12-09,40.74487634,-73.99529885,289134
2019-12-09,40.75066386,-74.00176802,289134
2019-12-09,40.6828003,-73.99990419,289135
2019-12-09,40.69236178,-73.98631746,289135
2019-12-09,40.73935542,-73.99931783,289136
2019-12-09,40.74475148,-73.99915362,289136
2019-12-09,40.7575699,-73.99098507,289137
2019-12-09,40.76341379,-73.99667444,289137
2019-12-09,40.72453734,-73.98185424,289138
2019-12-09,40.746647,-73.993915,289138
2019-12-09,40.69221589,-73.9842844,289139
2019-12-09,40.693261,-73.968896,289139
2019-12-09,40.7390169121,-74.0026376103,289140
2019-12-09,40.73781509,-73.99994661,289140
2019-12-09,40.751581,-73.97791,289141
2019-12-09,40.74780373,-73.9734419,289141
2019-12-09,40.74322681432173,-73.97449783980846,289142
2019-12-09,40.72217444,-73.98368779,289142
2019-12-09,40.75724567911726,-73.97805914282799,289143
2019-12-09,40.75724567911726,-73.97805914282799,289143
2019-12-09,40.72456089,-73.99565293,289144
2019-12-09,40.72217444,-73.98368779,289144
2019-12-09,40.74901271,-73.98848395,289145
2019-12-09,40.75172632,-73.98753523,289145
2019-12-09,40.73912601,-73.97973776,289146
2019-12-09,40.74144387,-73.97536082,289146
2019-12-09,40.7208736,-73.98085795,289147
2019-12-09,40.72743423,-73.99379025,289147
2019-12-09,40.76350532,-73.97109243,289148
2019-12-09,40.76350532,-73.97109243,289148
2019-12-09,40.75019995,-73.99093085,289149
2019-12-09,40.7381765,-73.97738662,289149
2019-12-09,40.72243797,-74.00566443,289150
2019-12-09,40.71291224,-74.01020234,289150
2019-12-09,40.72453734,-73.98185424,289151
2019-12-09,40.73038599,-74.00214988,289151
2019-12-09,40.7892529,-73.93956237,289152
2019-12-09,40.7839636,-73.9471673,289152
2019-12-09,40.74475148,-73.99915362,289153
2019-12-09,40.72917025,-73.99810231,289153
2019-12-09,40.71939226,-74.00247214,289154
2019-12-09,40.71625008,-74.0091059,289154
2019-12-09,40.73726186,-73.99238967,289155
2019-12-09,40.73269,-73.98974,289155
2019-12-09,40.74444921,-73.98303529,289156
2019-12-09,40.74096374,-73.98602213,289156
2019-12-09,40.76228826,-73.98336183,289157
2019-12-09,40.78499979,-73.97283406,289157
2019-12-09,40.71939226,-74.00247214,289158
2019-12-09,40.72710258,-74.00297088,289158
2019-12-09,40.78307,-73.95939,289159
2019-12-09,40.7724607,-73.9468208,289159
2019-12-09,40.713126,-73.984844,289161
2019-12-09,40.713126,-73.984844,289161
2019-12-09,40.74290902,-73.97706058,289162
2019-12-09,40.755293,-73.967641,289162
2019-12-09,40.6794327,-74.00785041,289163
2019-12-09,40.69241829257847,-73.98949474096298,289163
2019-12-09,40.741459,-73.983293,289164
2019-12-09,40.7462009,-73.98855723,289164
2019-12-09,40.73935542,-73.99931783,289165
2019-12-09,40.70862144,-74.00722156,289165
2019-12-09,40.8006721,-73.9349,289166
2019-12-09,40.814394437915816,-73.95324736833572,289166
2019-12-09,40.8045555,-73.9396861,289167
2019-12-09,40.804038,-73.945925,289167
2019-12-09,40.72036775298455,-73.96165072917938,289168
2019-12-09,40.71285887,-73.96590294,289168
2019-12-09,40.71469,-73.95739,289169
2019-12-09,40.7190095,-73.95852515,289169
2019-12-09,40.71911552,-74.00666661,289170
2019-12-09,40.72066442,-73.98517977,289170
2019-12-09,40.76780080148132,-73.96592080593109,289171
2019-12-09,40.77579376683666,-73.9762057363987,289171
2019-12-09,40.6750207,-73.97111473,289172
2019-12-09,40.6686627,-73.97988067,289172
2019-12-09,40.751047,-73.93797,289173
2019-12-09,40.75651272984955,-73.92957486212252,289173
2019-12-09,40.76302594280519,-73.97209525108337,289174
2019-12-09,40.75992262,-73.97648516,289174
2019-12-09,40.71893904,-73.99266288,289175
2019-12-09,40.7457121,-73.98194829,289175
2019-12-09,40.72903917,-73.99404649,289176
2019-12-09,40.72740794,-73.98142006,289176
2019-12-09,40.74395411,-73.99144871,289177
2019-12-09,40.738046142482766,-73.99642959237099,289177
2019-12-09,40.73587678,-73.98205027,289178
2019-12-09,40.7724607,-73.9468208,289178
2019-12-09,40.76873687,-73.96119945,289179
2019-12-09,40.7973721,-73.97041192,289179
2019-12-09,40.7462009,-73.98855723,289180
2019-12-09,40.75929124,-73.98859651,289180
2019-12-09,40.71910537,-73.99973337,289181
2019-12-09,40.73827428,-73.98751968,289181
2019-12-09,40.8067581,-73.9607082,289182
2019-12-09,40.8008363,-73.9664492472,289182
2019-12-09,40.75038009,-73.98338988,289183
2019-12-09,40.7643971,-73.97371465,289183
2019-12-09,40.78307,-73.95939,289184
2019-12-09,40.77579376683666,-73.9762057363987,289184
2019-12-09,40.78307,-73.95939,289185
2019-12-09,40.77579376683666,-73.9762057363987,289185
2019-12-09,40.76500525,-73.95818491,289186
2019-12-09,40.75892386377695,-73.96226227283478,289186
2019-12-09,40.6999974843885,-73.97440128028393,289187
2019-12-09,40.707644944175705,-73.96841526031494,289187
2019-12-09,40.734814,-73.992085,289188
2019-12-09,40.73038599,-74.00214988,289188
2019-12-09,40.73269,-73.98974,289189
2019-12-09,40.72019576,-73.98997825,289189
2019-12-09,40.763189,-73.978434,289190
2019-12-09,40.7612274,-73.96094022,289190
2019-12-09,40.72066442,-73.98517977,289191
2019-12-09,40.72243797,-74.00566443,289191
2019-12-09,40.72019576,-73.98997825,289192
2019-12-09,40.71406667,-73.99293911,289192
2019-12-09,40.751873,-73.977706,289193
2019-12-09,40.7457121,-73.98194829,289193
2019-12-09,40.76132983124814,-73.97982001304626,289194
2019-12-09,40.7403432,-73.98955109,289194
2019-12-09,40.74731,-73.95451,289195
2019-12-09,40.7190095,-73.95852515,289195
2019-12-09,40.74734825,-73.99723551,289196
2019-12-09,40.73912601,-73.97973776,289196
2019-12-09,40.73624527,-73.98473765,289197
2019-12-09,40.73020660529954,-73.99102628231049,289197
2019-12-09,40.73331967,-73.99510132,289198
2019-12-09,40.73912601,-73.97973776,289198
2019-12-09,40.73971301,-73.99456405,289199
2019-12-09,40.73020660529954,-73.99102628231049,289199
2019-12-09,40.76009437,-73.99461843,289200
2019-12-09,40.76227205,-73.98788205,289200
2019-12-09,40.77748046,-73.98288594,289201
2019-12-09,40.7829391,-73.9786517,289201
2019-12-09,40.751581,-73.97791,289202
2019-12-09,40.75934501,-73.96759673,289202
2019-12-09,40.73221853,-73.98165557,289203
2019-12-09,40.71450451,-74.00562789,289203
2019-12-09,40.72746420692392,-73.97950418293476,289204
2019-12-09,40.73269,-73.98974,289204
2019-12-09,40.73020660529954,-73.99102628231049,289205
2019-12-09,40.722103786686034,-73.99724900722504,289205
2019-12-09,40.74286877312112,-73.98918628692627,289206
2019-12-09,40.74937024193277,-73.99923384189606,289206
2019-12-09,40.72966729392978,-73.98067966103554,289207
2019-12-09,40.72740794,-73.98142006,289207
2019-12-09,40.72953837,-73.98426726,289208
2019-12-09,40.72903917,-73.99404649,289208
2019-12-09,40.7454973,-74.00197139,289209
2019-12-09,40.746647,-73.993915,289209
2019-12-09,40.73381219196632,-73.98054420948029,289210
2019-12-09,40.7451677,-73.98683077,289210
2019-12-09,40.74475148,-73.99915362,289211
2019-12-09,40.7451677,-73.98683077,289211
2019-12-09,40.70905623,-74.01043382,289212
2019-12-09,40.70838,-74.00495,289212
2019-12-09,40.7746671,-73.98470567,289213
2019-12-09,40.7746671,-73.98470567,289213
2019-12-09,40.7262807,-73.98978041,289214
2019-12-09,40.72903917,-73.99404649,289214
2019-12-09,40.69985,-73.97141,289215
2019-12-09,40.69610226,-73.96751037,289215
2019-12-09,40.72953837,-73.98426726,289216
2019-12-09,40.73532427,-73.99800419,289216
2019-12-09,40.7892105,-73.94370784,289217
2019-12-09,40.77140426,-73.9535166,289217
2019-12-09,40.718822,-73.99596,289218
2019-12-09,40.73587678,-73.98205027,289218
2019-12-09,40.720747,-73.986274,289219
2019-12-09,40.7172274,-73.98802084,289219
2019-12-09,40.78720869,-73.98128127,289220
2019-12-09,40.7973721,-73.97041192,289220
2019-12-09,40.7919557,-73.968087,289221
2019-12-09,40.7770575,-73.97898475,289221
2019-12-09,40.7435337324616,-74.00367558002472,289222
2019-12-09,40.74173969,-73.99415556,289222
2019-12-09,40.72456089,-73.99565293,289223
2019-12-09,40.718822,-73.99596,289223
2019-12-09,40.71273266,-74.0046073,289224
2019-12-09,40.7277140777778,-74.01129573583603,289224
2019-12-09,40.75724567911726,-73.97805914282799,289225
2019-12-09,40.76350532,-73.97109243,289225
2019-12-09,40.74177603,-74.00149746,289226
2019-12-09,40.74937024193277,-73.99923384189606,289226
2019-12-09,40.73291553,-74.00711384,289227
2019-12-09,40.71893904,-73.99266288,289227
2019-12-09,40.6830456,-74.00348559,289228
2019-12-09,40.6772744,-73.98282002,289228
2019-12-09,40.7770575,-73.97898475,289229
2019-12-09,40.76009437,-73.99461843,289229
2019-12-09,40.76500525,-73.95818491,289230
2019-12-09,40.720747,-73.986274,289230
2019-12-09,40.72743423,-73.99379025,289231
2019-12-09,40.722055,-73.989111,289231
2019-12-09,40.73143724085228,-73.99490341544151,289232
2019-12-09,40.72502876,-73.99069656,289232
2019-12-09,40.6746957,-73.99785768,289233
2019-12-09,40.70140317257725,-73.98672670125961,289233
2019-12-09,40.75724567911726,-73.97805914282799,289234
2019-12-09,40.76019252,-73.9912551,289234
2019-12-09,40.7435337324616,-74.00367558002472,289235
2019-12-09,40.75898481399634,-73.99379968643188,289235
2019-12-09,40.73232194,-73.9550858,289236
2019-12-09,40.7160751,-73.952029,289236
2019-12-09,40.73624527,-73.98473765,289237
2019-12-09,40.74394314,-73.97966069,289237
2019-12-09,40.7689738,-73.95482273,289238
2019-12-09,40.80698,-73.941747,289238
2019-12-09,40.73020660529954,-73.99102628231049,289239
2019-12-09,40.72229346,-73.99147535,289239
2019-12-09,40.67909799721684,-73.98765474557877,289240
2019-12-09,40.6795766,-73.97854971,289240
2019-12-09,40.69539817,-73.94954908,289241
2019-12-09,40.69425403,-73.94626915,289241
2019-12-09,40.71754834,-74.01322069,289242
2019-12-09,40.75992262,-73.97648516,289242
2019-12-09,40.7691572,-73.96703464,289243
2019-12-09,40.7208736,-73.98085795,289243
2019-12-09,40.75640548,-73.9900262,289244
2019-12-09,40.75500254,-73.98014437,289244
2019-12-09,40.72243797,-74.00566443,289245
2019-12-09,40.71910537,-73.99973337,289245
2019-12-09,40.76030096,-73.99884222,289246
2019-12-09,40.7149787,-74.013012,289246
2019-12-09,40.75513557,-73.98658032,289247
2019-12-09,40.7489006,-73.97604882,289247
2019-12-09,40.7568001,-73.98291153,289248
2019-12-09,40.7489006,-73.97604882,289248
2019-12-09,40.71273266,-74.0046073,289249
2019-12-09,40.73944820130404,-74.00507032871246,289249
2019-12-09,40.768254,-73.988639,289250
2019-12-09,40.75510267,-73.97498696,289250
2019-12-09,40.77862688,-73.95772073,289251
2019-12-09,40.77118287540658,-73.96409422159195,289251
2019-12-09,40.69239502,-73.99337909,289252
2019-12-09,40.703545,-73.917775,289252
2019-12-09,40.72299208,-73.97995466,289253
2019-12-09,40.72580614,-73.97422494,289253
2019-12-09,40.6704922,-73.98541675,289254
2019-12-09,40.6795766,-73.97854971,289254
2019-12-09,40.73827428,-73.98751968,289255
2019-12-09,40.72082834,-73.97793172,289255
2019-12-09,40.722103786686034,-73.99724900722504,289256
2019-12-09,40.730563,-73.973984,289256
2019-12-09,40.7568001,-73.98291153,289257
2019-12-09,40.7489006,-73.97604882,289257
2019-12-09,40.69760127,-73.99344559,289258
2019-12-09,40.70277159,-73.99383605,289258
2019-12-09,40.7857851,-73.957481,289259
2019-12-09,40.7652654,-73.98192338,289259
2019-12-09,40.7937704,-73.971888,289260
2019-12-09,40.7973721,-73.97041192,289260
2019-12-09,40.6849668,-73.98620772,289261
2019-12-09,40.6793307,-73.97519523,289261
2019-12-09,40.7835016,-73.955327,289262
2019-12-09,40.7961535,-73.94782145,289262
2019-12-09,40.76350532,-73.97109243,289263
2019-12-09,40.7728384,-73.94989233,289263
2019-12-09,40.71307916,-73.99851193,289264
2019-12-09,40.71625008,-74.0091059,289264
2019-12-09,40.72577,-73.94173,289265
2019-12-09,40.7239567849954,-73.94984364509583,289265
2019-12-09,40.7403432,-73.98955109,289266
2019-12-09,40.73535398,-74.00483091,289266
2019-12-09,40.751551,-73.993934,289267
2019-12-09,40.73587678,-73.98205027,289267
2019-12-09,40.711066,-74.009447,289268
2019-12-09,40.71450451,-74.00562789,289268
2019-12-09,40.77149671054441,-73.99046033620834,289269
2019-12-09,40.7785669,-73.97754961,289269
2019-12-09,40.72917025,-73.99810231,289270
2019-12-09,40.72706363348306,-73.99662137031554,289270
2019-12-09,40.722103786686034,-73.99724900722504,289271
2019-12-09,40.722103786686034,-73.99724900722504,289271
2019-12-09,40.76095756,-73.96724467,289272
2019-12-09,40.75510267,-73.97498696,289272
2019-12-09,40.76344058,-73.98268129,289273
2019-12-09,40.768254,-73.988639,289273
2019-12-09,40.74286877312112,-73.98918628692627,289274
2019-12-09,40.76009437,-73.99461843,289274
2019-12-09,40.71469,-73.95739,289275
2019-12-09,40.70877084,-73.95095259,289275
2019-12-09,40.70905623,-74.01043382,289276
2019-12-09,40.74964,-73.98805,289276
2019-12-09,40.72779126,-73.98564945,289277
2019-12-09,40.71926081,-73.98178024,289277
2019-12-09,40.76590936,-73.97634151,289278
2019-12-09,40.7734066,-73.97782542,289278
2019-12-09,40.74322681432173,-73.97449783980846,289279
2019-12-09,40.75714758,-73.97207836,289279
2019-12-09,40.76019252,-73.9912551,289280
2019-12-09,40.76132983124814,-73.97982001304626,289280
2019-12-09,40.74173969,-73.99415556,289281
2019-12-09,40.72453734,-73.98185424,289281
2019-12-09,40.71625008,-74.0091059,289282
2019-12-09,40.724308321602166,-74.00473035871983,289282
2019-12-09,40.75255434,-73.97282625,289283
2019-12-09,40.72746420692392,-73.97950418293476,289283
2019-12-09,40.71485150526252,-74.01122331619263,289284
2019-12-09,40.72019521437465,-74.0103006362915,289284
2019-12-09,40.7284186,-73.98713956,289285
2019-12-09,40.73587678,-73.98205027,289285
2019-12-09,40.7262807,-73.98978041,289286
2019-12-09,40.718822,-73.99596,289286
2019-12-09,40.75019995,-73.99093085,289287
2019-12-09,40.7568001,-73.98291153,289287
2019-12-09,40.76227205,-73.98788205,289288
2019-12-09,40.76068327096592,-73.9845272898674,289288
2019-12-09,40.71117444,-73.99682619,289289
2019-12-09,40.71173107,-73.99193043,289289
2019-12-09,40.73020660529954,-73.99102628231049,289290
2019-12-09,40.72953837,-73.98426726,289290
2019-12-09,40.75299641,-73.98721619,289291
2019-12-09,40.76370739,-73.9851615,289291
2019-12-09,40.8029263,-73.9379,289292
2019-12-09,40.7974772,-73.9311847,289292
2019-12-09,40.75466591,-73.99138152,289293
2019-12-09,40.735367055605394,-73.98797392845154,289293
2019-12-09,40.787801,-73.953559,289294
2019-12-09,40.7687620293096,-73.95840793848038,289294
2019-12-09,40.76095756,-73.96724467,289295
2019-12-09,40.76095756,-73.96724467,289295
2019-12-09,40.7857851,-73.957481,289296
2019-12-09,40.7667405590595,-73.9790689945221,289296
2019-12-09,40.7158155,-73.99422366,289297
2019-12-09,40.73781509,-73.99994661,289297
2019-12-09,40.7568001,-73.98291153,289298
2019-12-09,40.76915505,-73.98191841,289298
2019-12-09,40.73223272,-73.98889957,289299
2019-12-09,40.72953837,-73.98426726,289299
2019-12-09,40.77966809007312,-73.98093044757842,289300
2019-12-09,40.7727966,-73.95577801,289300
2019-12-09,40.75640548,-73.9900262,289301
2019-12-09,40.75066386,-74.00176802,289301
2019-12-09,40.7575699,-73.99098507,289302
2019-12-09,40.75255434,-73.97282625,289302
2019-12-09,40.70530954,-74.00612572,289303
2019-12-09,40.72362738,-73.99949601,289303
2019-12-09,40.75510267,-73.97498696,289304
2019-12-09,40.7652654,-73.98192338,289304
2019-12-09,40.78307,-73.95939,289305
2019-12-09,40.78307,-73.95939,289305
2019-12-09,40.711066,-74.009447,289306
2019-12-09,40.695065,-73.987167,289306
2019-12-09,40.7801839724239,-73.97728532552719,289307
2019-12-09,40.75992262,-73.97648516,289307
2019-12-09,40.73181401720966,-73.95995020866394,289308
2019-12-09,40.72606,-73.95621,289308
2019-12-09,40.6900815,-73.947915,289309
2019-12-09,40.69329,-73.92852,289309
2019-12-09,40.71766197083994,-73.94880026578903,289310
2019-12-09,40.72577,-73.94173,289310
2019-12-09,40.7403432,-73.98955109,289311
2019-12-09,40.751551,-73.993934,289311
2019-12-09,40.751551,-73.993934,289312
2019-12-09,40.76269882,-73.99301222,289312
2019-12-09,40.69241829257847,-73.98949474096298,289313
2019-12-09,40.693261,-73.968896,289313
2019-12-09,40.6765198,-73.9596082,289314
2019-12-09,40.6686273,-73.98700053,289314
2019-12-09,40.74173969,-73.99415556,289315
2019-12-09,40.730563,-73.973984,289315
2019-12-09,40.74394314,-73.97966069,289316
2019-12-09,40.741459,-73.983293,289316
2019-12-09,40.7485,-73.941275,289317
2019-12-09,40.74718234,-73.9432635,289317
2019-12-09,40.73827428,-73.98751968,289318
2019-12-09,40.7462009,-73.98855723,289318
2019-12-09,40.73944820130404,-74.00507032871246,289319
2019-12-09,40.71870987,-74.0090009,289319
2019-12-09,40.73624527,-73.98473765,289320
2019-12-09,40.71622644,-73.98261206,289320
2019-12-09,40.809725,-73.953149,289321
2019-12-09,40.805159,-73.954692,289321
2019-12-09,40.73587678,-73.98205027,289322
2019-12-09,40.72966729392978,-73.98067966103554,289322
2019-12-09,40.77163851,-73.98261428,289323
2019-12-09,40.7937704,-73.971888,289323
2019-12-09,40.70140317257725,-73.98672670125961,289324
2019-12-09,40.6999974843885,-73.97440128028393,289324
2019-12-09,40.74475148,-73.99915362,289325
2019-12-09,40.75640548,-73.9900262,289325
2019-12-09,40.77118287540658,-73.96409422159195,289326
2019-12-09,40.7770575,-73.97898475,289326
2019-12-09,40.75019995,-73.99093085,289327
2019-12-09,40.75097711,-73.98765428,289327
2019-12-09,40.71269042,-73.98776323,289328
2019-12-09,40.71269042,-73.98776323,289328
2019-12-09,40.73827428,-73.98751968,289329
2019-12-09,40.73047747,-73.99906065,289329
2019-12-09,40.72953837,-73.98426726,289330
2019-12-09,40.7835016,-73.955327,289330
2019-12-09,40.74096374,-73.98602213,289331
2019-12-09,40.7284186,-73.98713956,289331
2019-12-09,40.78948541553215,-73.95242929458618,289332
2019-12-09,40.7849032,-73.950503,289332
2019-12-09,40.73401143,-74.00293877,289333
2019-12-09,40.74444921,-73.98303529,289333
2019-12-09,40.73226398,-73.99852205,289334
2019-12-09,40.74096374,-73.98602213,289334
2019-12-09,40.71754834,-74.01322069,289335
2019-12-09,40.71754834,-74.01322069,289335
2019-12-09,40.73143724085228,-73.99490341544151,289336
2019-12-09,40.72066442,-73.98517977,289336
2019-12-09,40.70463,-74.01507,289337
2019-12-09,40.749717753,-74.002950346,289337
2019-12-09,40.746745,-74.007756,289338
2019-12-09,40.76269882,-73.99301222,289338
2019-12-09,40.74173969,-73.99415556,289339
2019-12-09,40.72746420692392,-73.97950418293476,289339
2019-12-09,40.77163851,-73.98261428,289340
2019-12-09,40.7941654,-73.974124,289340
2019-12-09,40.74734825,-73.99723551,289341
2019-12-09,40.71910537,-73.99973337,289341
2019-12-09,40.77579376683666,-73.9762057363987,289342
2019-12-09,40.74901271,-73.98848395,289342
2019-12-09,40.6769993,-74.00647134,289343
2019-12-09,40.6746957,-73.99785768,289343
2019-12-09,40.74734825,-73.99723551,289344
2019-12-09,40.751396,-74.005226,289344
2019-12-09,40.7781314,-73.96069399,289345
2019-12-09,40.79127,-73.964839,289345
2019-12-09,40.78524672,-73.97667321,289346
2019-12-09,40.7770575,-73.97898475,289346
2019-12-09,40.70224,-73.982578,289347
2019-12-09,40.72606,-73.95621,289347
2019-12-09,40.8008363,-73.9664492472,289348
2019-12-09,40.7922553,-73.95249933,289348
2019-12-09,40.70905623,-74.01043382,289349
2019-12-09,40.70717936,-74.00887308,289349
2019-12-09,40.73704984,-73.99009296,289350
2019-12-09,40.72453734,-73.98185424,289350
2019-12-09,40.73971301,-73.99456405,289351
2019-12-09,40.7390169121,-74.0026376103,289351
2019-12-09,40.7451677,-73.98683077,289352
2019-12-09,40.7568001,-73.98291153,289352
2019-12-09,40.77515953434235,-73.98918695747852,289353
2019-12-09,40.7652654,-73.98192338,289353
2019-12-09,40.70355377,-74.00670227,289354
2019-12-09,40.70530954,-74.00612572,289354
2019-12-09,40.73020660529954,-73.99102628231049,289355
2019-12-09,40.746647,-73.993915,289355
2019-12-09,40.73912601,-73.97973776,289356
2019-12-09,40.72746420692392,-73.97950418293476,289356
2019-12-09,40.754120810779256,-73.98025184869766,289357
2019-12-09,40.76370739,-73.9851615,289357
2019-12-09,40.72779126,-73.98564945,289358
2019-12-09,40.73331967,-73.99510132,289358
2019-12-09,40.666287,-73.98895053,289359
2019-12-09,40.6783563,-74.00014502,289359
2019-12-09,40.7475739589548,-73.9788007736206,289360
2019-12-09,40.74173969,-73.99415556,289360
2019-12-09,40.68415748,-73.96922273,289361
2019-12-09,40.6729679,-73.97087984,289361
2019-12-09,40.7262807,-73.98978041,289362
2019-12-09,40.72110063,-73.9919254,289362
2019-12-09,40.72368361,-73.97574813,289363
2019-12-09,40.72082834,-73.97793172,289363
2019-12-09,40.72229346,-73.99147535,289364
2019-12-09,40.68323865460341,-73.96599590778351,289364
2019-12-09,40.75892386377695,-73.96226227283478,289365
2019-12-09,40.75172632,-73.98753523,289365
2019-12-09,40.717571,-74.005549,289366
2019-12-09,40.711512,-74.015756,289366
2019-12-09,40.7462009,-73.98855723,289367
2019-12-09,40.76915505,-73.98191841,289367
2019-12-09,40.724308321602166,-74.00473035871983,289368
2019-12-09,40.722103786686034,-73.99724900722504,289368
2019-12-09,40.74311555376486,-73.98215353488922,289369
2019-12-09,40.74173969,-73.99415556,289369
2019-12-09,40.75724567911726,-73.97805914282799,289370
2019-12-09,40.74096374,-73.98602213,289370
2019-12-09,40.6827549,-73.98258555,289371
2019-12-09,40.6867443,-73.99063168,289371
2019-12-09,40.7462009,-73.98855723,289372
2019-12-09,40.75500254,-73.98014437,289372
2019-12-09,40.75466591,-73.99138152,289373
2019-12-09,40.74734825,-73.99723551,289373
2019-12-09,40.72951496224949,-73.99075269699097,289374
2019-12-09,40.72502876,-73.99069656,289374
2019-12-09,40.7687620293096,-73.95840793848038,289375
2019-12-09,40.809725,-73.953149,289375
2019-12-09,40.72743423,-73.99379025,289376
2019-12-09,40.74290902,-73.97706058,289376
2019-12-09,40.751551,-73.993934,289377
2019-12-09,40.74475148,-73.99915362,289377
2019-12-09,40.74322681432173,-73.97449783980846,289378
2019-12-09,40.7457121,-73.98194829,289378
2019-12-09,40.71335226222875,-73.9491033554077,289379
2019-12-09,40.71915571696044,-73.94885390996933,289379
2019-12-09,40.74322681432173,-73.97449783980846,289380
2019-12-09,40.751873,-73.977706,289380
2019-12-09,40.75594159,-74.0021163,289381
2019-12-09,40.754691750226016,-73.99740189313889,289381
2019-12-09,40.7190095,-73.95852515,289382
2019-12-09,40.70853074,-73.96408963,289382
2019-12-09,40.724308321602166,-74.00473035871983,289383
2019-12-09,40.722103786686034,-73.99724900722504,289383
2019-12-09,40.73038599,-74.00214988,289384
2019-12-09,40.74238787,-73.99726235,289384
2019-12-09,40.75594159,-74.0021163,289385
2019-12-09,40.754691750226016,-73.99740189313889,289385
2019-12-09,40.69128258,-73.9452416,289386
2019-12-09,40.69539817,-73.94954908,289386
2019-12-09,40.71910537,-73.99973337,289387
2019-12-09,40.7172274,-73.98802084,289387
2019-12-09,40.7449067,-73.9534573,289388
2019-12-09,40.7449067,-73.9534573,289388
2019-12-09,40.72243797,-74.00566443,289389
2019-12-09,40.71754834,-74.01322069,289389
2019-12-09,40.70569254,-74.01677685,289390
2019-12-09,40.74173969,-73.99415556,289390
2019-12-09,40.7037992,-74.00838676,289391
2019-12-09,40.71494807,-74.00234482,289391
2019-12-09,40.73454567,-73.99074142,289392
2019-12-09,40.734232,-73.986923,289392
2019-12-09,40.75510267,-73.97498696,289393
2019-12-09,40.74096374,-73.98602213,289393
2019-12-09,40.7239567849954,-73.94984364509583,289394
2019-12-09,40.73232194,-73.9550858,289394
2019-12-09,40.71893904,-73.99266288,289395
2019-12-09,40.713126,-73.984844,289395
2019-12-09,40.759125,-73.962658,289396
2019-12-09,40.77112927,-73.95772297,289396
2019-12-09,40.734232,-73.986923,289397
2019-12-09,40.74290902,-73.97706058,289397
2019-12-09,40.74395411,-73.99144871,289398
2019-12-09,40.70905623,-74.01043382,289398
2019-12-09,40.7475739589548,-73.9788007736206,289399
2019-12-09,40.75001986,-73.96905301,289399
2019-12-09,40.714211,-73.981095,289400
2019-12-09,40.71427487,-73.98990025,289400
2019-12-09,40.73221853,-73.98165557,289401
2019-12-09,40.72217444,-73.98368779,289401
2019-12-09,40.7829391,-73.9786517,289402
2019-12-09,40.77515953434235,-73.98918695747852,289402
2019-12-09,40.75660359,-73.9979009,289403
2019-12-09,40.76727216,-73.99392888,289403
2019-12-09,40.68962188790333,-73.98304268717766,289404
2019-12-09,40.6802133,-73.98432695,289404
2019-12-09,40.714211,-73.981095,289405
2019-12-09,40.71219906,-73.97948148,289405
2019-12-09,40.75299641,-73.98721619,289406
2019-12-09,40.74691959,-74.00451887,289406
2019-12-09,40.718822,-73.99596,289407
2019-12-09,40.72456089,-73.99565293,289407
2019-12-09,40.75299641,-73.98721619,289408
2019-12-09,40.75455731,-73.96592976,289408
2019-12-09,40.72740794,-73.98142006,289409
2019-12-09,40.75038009,-73.98338988,289409
2019-12-09,40.71893904,-73.99266288,289410
2019-12-09,40.71739973,-73.98016555,289410
2019-12-09,40.68683208,-73.9796772,289411
2019-12-09,40.71754834,-74.01322069,289411
2019-12-09,40.68382604,-73.97632328,289412
2019-12-09,40.6829151,-73.99318208,289412
2019-12-09,40.776165,-73.9153175,289413
2019-12-09,40.7656251,-73.9136695,289413
2019-12-09,40.71850211,-73.98329859,289414
2019-12-09,40.72368361,-73.97574813,289414
2019-12-09,40.71427487,-73.98990025,289415
2019-12-09,40.72621788,-73.98379855,289415
2019-12-09,40.74964,-73.98805,289416
2019-12-09,40.74475148,-73.99915362,289416
2019-12-09,40.71269042,-73.98776323,289417
2019-12-09,40.71850211,-73.98329859,289417
2019-12-09,40.72082834,-73.97793172,289418
2019-12-09,40.7284186,-73.98713956,289418
2019-12-09,40.75500254,-73.98014437,289419
2019-12-09,40.76068327096592,-73.9845272898674,289419
2019-12-09,40.70862144,-74.00722156,289420
2019-12-09,40.70463,-74.01507,289420
2019-12-09,40.70365182,-74.01167797,289421
2019-12-09,40.71494807,-74.00234482,289421
2019-12-09,40.76360467795863,-73.98917958140373,289422
2019-12-09,40.76344058,-73.98268129,289422
2019-12-09,40.73587678,-73.98205027,289423
2019-12-09,40.7284186,-73.98713956,289423
2019-12-09,40.73704984,-73.99009296,289424
2019-12-09,40.72743423,-73.99379025,289424
2019-12-09,40.73827428,-73.98751968,289425
2019-12-09,40.72307749068673,-73.98583620786667,289425
2019-12-09,40.74096374,-73.98602213,289426
2019-12-09,40.735238,-74.000271,289426
2019-12-09,40.71413089,-73.9970468,289427
2019-12-09,40.7403432,-73.98955109,289427
2019-12-09,40.72311651,-73.95212324,289428
2019-12-09,40.72311651,-73.95212324,289428
2019-12-09,40.74487634,-73.99529885,289429
2019-12-09,40.752269,-73.982079,289429
2019-12-09,40.74290902,-73.97706058,289430
2019-12-09,40.74311555376486,-73.98215353488922,289430
2019-12-09,40.72621788,-73.98379855,289431
2019-12-09,40.73143724085228,-73.99490341544151,289431
2019-12-09,40.72706363348306,-73.99662137031554,289432
2019-12-09,40.73224119,-74.00026394,289432
2019-12-09,40.74311555376486,-73.98215353488922,289433
2019-12-09,40.77149671054441,-73.99046033620834,289433
2019-12-09,40.72779126,-73.98564945,289434
2019-12-09,40.75066386,-74.00176802,289434
2019-12-09,40.751396,-74.005226,289435
2019-12-09,40.746647,-73.993915,289435
2019-12-09,40.72362738,-73.99949601,289436
2019-12-09,40.72743423,-73.99379025,289436
2019-12-09,40.74144387,-73.97536082,289437
2019-12-09,40.751551,-73.993934,289437
2019-12-09,40.75660359,-73.9979009,289438
2019-12-09,40.75299641,-73.98721619,289438
2019-12-09,40.73726186,-73.99238967,289439
2019-12-09,40.74937024193277,-73.99923384189606,289439
2019-12-09,40.7997568,-73.9621128676,289440
2019-12-09,40.8067581,-73.9607082,289440
2019-12-09,40.72743423,-73.99379025,289441
2019-12-09,40.72456089,-73.99565293,289441
2019-12-09,40.76068327096592,-73.9845272898674,289442
2019-12-09,40.76068327096592,-73.9845272898674,289442
2019-12-09,40.70355377,-74.00670227,289443
2019-12-09,40.7047177,-74.00926027,289443
2019-12-09,40.73912601,-73.97973776,289444
2019-12-09,40.72521311,-73.97768752,289444
2019-12-09,40.73026,-73.95394,289445
2019-12-09,40.73266,-73.95826,289445
2019-12-09,40.76068327096592,-73.9845272898674,289446
2019-12-09,40.76068327096592,-73.9845272898674,289446
2019-12-09,40.76500525,-73.95818491,289447
2019-12-09,40.75797322,-73.96603308,289447
2019-12-09,40.70838,-74.00495,289448
2019-12-09,40.72019576,-73.98997825,289448
2019-12-09,40.76360467795863,-73.98917958140373,289449
2019-12-09,40.761573,-73.972628,289449
2019-12-09,40.7652654,-73.98192338,289450
2019-12-09,40.76915505,-73.98191841,289450
2019-12-09,40.76068327096592,-73.9845272898674,289451
2019-12-09,40.76068327096592,-73.9845272898674,289451
2019-12-09,40.75929124,-73.98859651,289452
2019-12-09,40.7643971,-73.97371465,289452
2019-12-09,40.71173107,-73.99193043,289453
2019-12-09,40.71273266,-74.0046073,289453
2019-12-09,40.71076228,-73.99400398,289454
2019-12-09,40.71739973,-73.98016555,289454
2019-12-09,40.79406660818552,-73.96286845207214,289455
2019-12-09,40.79406660818552,-73.96286845207214,289455
2019-12-09,40.74336608027021,-73.95960688591003,289456
2019-12-09,40.74336608027021,-73.95960688591003,289456
2019-12-09,40.76030096,-73.99884222,289457
2019-12-09,40.75660359,-73.9979009,289457
2019-12-09,40.70905623,-74.01043382,289458
2019-12-09,40.711512,-74.015756,289458
2019-12-09,40.72779126,-73.98564945,289459
2019-12-09,40.73221853,-73.98165557,289459
2019-12-09,40.76873687,-73.96119945,289460
2019-12-09,40.77118287540658,-73.96409422159195,289460
2019-12-09,40.76068327096592,-73.9845272898674,289461
2019-12-09,40.76068327096592,-73.9845272898674,289461
2019-12-09,40.711066,-74.009447,289462
2019-12-09,40.724308321602166,-74.00473035871983,289462
2019-12-09,40.70905623,-74.01043382,289463
2019-12-09,40.71494807,-74.00234482,289463
2019-12-09,40.75323098,-73.97032517,289464
2019-12-09,40.76344058,-73.98268129,289464
2019-12-09,40.73269,-73.98974,289465
2019-12-09,40.72502876,-73.99069656,289465
2019-12-09,40.74734825,-73.99723551,289466
2019-12-09,40.749717753,-74.002950346,289466
2019-12-09,40.7954121,-73.9441232,289467
2019-12-09,40.7923272,-73.9383,289467
2019-12-09,40.75066386,-74.00176802,289468
2019-12-09,40.74475148,-73.99915362,289468
2019-12-09,40.73381219196632,-73.98054420948029,289469
2019-12-09,40.7475739589548,-73.9788007736206,289469
2019-12-09,40.7904828,-73.95033068,289470
2019-12-09,40.77862688,-73.95772073,289470
2019-12-09,40.73226398,-73.99852205,289471
2019-12-09,40.734814,-73.992085,289471
2019-12-09,40.77966809007312,-73.98093044757842,289472
2019-12-09,40.75594159,-74.0021163,289472
2019-12-09,40.7652654,-73.98192338,289473
2019-12-09,40.75898481399634,-73.99379968643188,289473
2019-12-09,40.76087502,-74.00277668,289474
2019-12-09,40.724308321602166,-74.00473035871983,289474
2019-12-09,40.73971301,-73.99456405,289475
2019-12-09,40.7454973,-74.00197139,289475
2019-12-09,40.6765198,-73.9596082,289476
2019-12-09,40.68900443,-73.96023854,289476
2019-12-09,40.76228826,-73.98336183,289477
2019-12-09,40.74286877312112,-73.98918628692627,289477
2019-12-09,40.70355377,-74.00670227,289478
2019-12-09,40.70530954,-74.00612572,289478
2019-12-09,40.73381219196632,-73.98054420948029,289479
2019-12-09,40.72951496224949,-73.99075269699097,289479
2019-12-09,40.72217444,-73.98368779,289480
2019-12-09,40.73143724085228,-73.99490341544151,289480
2019-12-09,40.71910537,-73.99973337,289481
2019-12-09,40.711066,-74.009447,289481
2019-12-09,40.73944820130404,-74.00507032871246,289482
2019-12-09,40.74173969,-73.99415556,289482
2019-12-09,40.73587678,-73.98205027,289483
2019-12-09,40.739445,-73.976806,289483
2019-12-09,40.77282817,-73.96685276,289484
2019-12-09,40.7770575,-73.97898475,289484
2019-12-09,40.76068327096592,-73.9845272898674,289485
2019-12-09,40.76068327096592,-73.9845272898674,289485
2019-12-09,40.73221853,-73.98165557,289486
2019-12-09,40.74286877312112,-73.98918628692627,289486
2019-12-09,40.752269,-73.982079,289487
2019-12-09,40.75513557,-73.98658032,289487
2019-12-09,40.7919557,-73.968087,289488
2019-12-09,40.78499979,-73.97283406,289488
2019-12-09,40.746647,-73.993915,289489
2019-12-09,40.73726186,-73.99238967,289489
2019-12-09,40.734814,-73.992085,289490
2019-12-09,40.73047747,-73.99906065,289490
2019-12-09,40.76068327096592,-73.9845272898674,289491
2019-12-09,40.76068327096592,-73.9845272898674,289491
2019-12-09,40.75594159,-74.0021163,289492
2019-12-09,40.76269882,-73.99301222,289492
2019-12-09,40.741459,-73.983293,289493
2019-12-09,40.72521311,-73.97768752,289493
2019-12-09,40.75500254,-73.98014437,289494
2019-12-09,40.74901271,-73.98848395,289494
2019-12-09,40.73020660529954,-73.99102628231049,289495
2019-12-09,40.72779126,-73.98564945,289495
2019-12-09,40.71413089,-73.9970468,289496
2019-12-09,40.70255065,-74.0127234,289496
2019-12-09,40.6847514,-73.99917254,289497
2019-12-09,40.71273266,-74.0046073,289497
2019-12-09,40.73935542,-73.99931783,289498
2019-12-09,40.7451677,-73.98683077,289498
2019-12-09,40.75299641,-73.98721619,289499
2019-12-09,40.75455731,-73.96592976,289499
2019-12-09,40.7785669,-73.97754961,289500
2019-12-09,40.7941654,-73.974124,289500
2019-12-09,40.76500525,-73.95818491,289501
2019-12-09,40.7612274,-73.96094022,289501
2019-12-09,40.70717936,-74.00887308,289502
2019-12-09,40.71219906,-73.97948148,289502
2019-12-09,40.73221853,-73.98165557,289503
2019-12-09,40.734232,-73.986923,289503
2019-12-09,40.7692475,-73.9354504,289504
2019-12-09,40.7703743,-73.9286078,289504
2019-12-09,40.77579376683666,-73.9762057363987,289505
2019-12-09,40.74395411,-73.99144871,289505
2019-12-09,40.72502876,-73.99069656,289506
2019-12-09,40.71850211,-73.98329859,289506
2019-12-09,40.76360467795863,-73.98917958140373,289507
2019-12-09,40.76915505,-73.98191841,289507
2019-12-09,40.72740794,-73.98142006,289508
2019-12-09,40.73971301,-73.99456405,289508
2019-12-09,40.76009437,-73.99461843,289509
2019-12-09,40.7652654,-73.98192338,289509
2019-12-09,40.74275382865903,-74.00747358798981,289510
2019-12-09,40.73827428,-73.98751968,289510
2019-12-09,40.751551,-73.993934,289511
2019-12-09,40.736502,-73.97809472,289511
2019-12-09,40.724308321602166,-74.00473035871983,289512
2019-12-09,40.7172274,-73.98802084,289512
2019-12-09,40.67759206937376,-73.955637216568,289513
2019-12-09,40.6707767,-73.9576801,289513
2019-12-09,40.735445,-73.99431,289514
2019-12-09,40.75299641,-73.98721619,289514
2019-12-09,40.74144387,-73.97536082,289515
2019-12-09,40.73912601,-73.97973776,289515
2019-12-09,40.7746671,-73.98470567,289516
2019-12-09,40.736502,-73.97809472,289516
2019-12-09,40.7403432,-73.98955109,289517
2019-12-09,40.73381219196632,-73.98054420948029,289517
2019-12-09,40.76302594280519,-73.97209525108337,289518
2019-12-09,40.75500254,-73.98014437,289518
2019-12-09,40.70905623,-74.01043382,289519
2019-12-09,40.71494807,-74.00234482,289519
2019-12-09,40.735367055605394,-73.98797392845154,289520
2019-12-09,40.7381765,-73.97738662,289520
2019-12-09,40.7643971,-73.97371465,289521
2019-12-09,40.7643971,-73.97371465,289521
2019-12-09,40.77477944895728,-73.95427465438843,289522
2019-12-09,40.7839636,-73.9471673,289522
2019-12-09,40.76312584,-73.96526895,289523
2019-12-09,40.75934501,-73.96759673,289523
2019-12-09,40.77579376683666,-73.9762057363987,289524
2019-12-09,40.74395411,-73.99144871,289524
2019-12-09,40.73726186,-73.99238967,289525
2019-12-09,40.72185379,-74.00771779,289525
2019-12-09,40.73454567,-73.99074142,289526
2019-12-09,40.72953837,-73.98426726,289526
2019-12-09,40.7597108,-73.97402311,289527
2019-12-09,40.76712840349542,-73.96224617958069,289527
2019-12-09,40.746647,-73.993915,289528
2019-12-09,40.71406667,-73.99293911,289528
2019-12-09,40.694546087246025,-73.95801365375519,289529
2019-12-09,40.69573398,-73.97129668,289529
2019-12-09,40.695065,-73.987167,289530
2019-12-09,40.6802133,-73.98432695,289530
2019-12-09,40.7643971,-73.97371465,289531
2019-12-09,40.7643971,-73.97371465,289531
2019-12-09,40.75724567911726,-73.97805914282799,289532
2019-12-09,40.752269,-73.982079,289532
2019-12-09,40.77118287540658,-73.96409422159195,289533
2019-12-09,40.77573034,-73.9567526,289533
2019-12-09,40.809725,-73.953149,289534
2019-12-09,40.804038,-73.945925,289534
2019-12-09,40.73020660529954,-73.99102628231049,289535
2019-12-09,40.73912601,-73.97973776,289535
2019-12-09,40.77536905,-73.94803392,289536
2019-12-09,40.77477944895728,-73.95427465438843,289536
2019-12-09,40.728846,-74.008591,289537
2019-12-09,40.74096374,-73.98602213,289537
2019-12-09,40.73971301,-73.99456405,289538
2019-12-09,40.73291553,-74.00711384,289538
2019-12-09,40.749717753,-74.002950346,289539
2019-12-09,40.74311555376486,-73.98215353488922,289539
2019-12-09,40.805159,-73.954692,289540
2019-12-09,40.77573034,-73.9567526,289540
2019-12-09,40.799484,-73.955613,289541
2019-12-09,40.8021174,-73.9681805305,289541
2019-12-09,40.702013,-73.923769,289542
2019-12-09,40.69543,-73.9196,289542
2019-12-09,40.7945663,-73.9362541,289543
2019-12-09,40.7817212,-73.94594,289543
2019-12-09,40.71269042,-73.98776323,289544
2019-12-09,40.72217444,-73.98368779,289544
2019-12-09,40.72779126,-73.98564945,289545
2019-12-09,40.71291224,-74.01020234,289545
2019-12-09,40.7568001,-73.98291153,289546
2019-12-09,40.77149671054441,-73.99046033620834,289546
2019-12-09,40.75255434,-73.97282625,289547
2019-12-09,40.76068327096592,-73.9845272898674,289547
2019-12-09,40.73047747,-73.99906065,289548
2019-12-09,40.76500525,-73.95818491,289548
2019-12-09,40.7552433,-73.9485678,289549
2019-12-09,40.75110165,-73.94073717,289549
2019-12-09,40.7937704,-73.971888,289550
2019-12-09,40.8008363,-73.9664492472,289550
2019-12-09,40.735367055605394,-73.98797392845154,289551
2019-12-09,40.74345335,-74.00004031,289551
2019-12-09,40.728846,-74.008591,289552
2019-12-09,40.71625008,-74.0091059,289552
2019-12-09,40.74286877312112,-73.98918628692627,289553
2019-12-09,40.754120810779256,-73.98025184869766,289553
2019-12-09,40.7172274,-73.98802084,289554
2019-12-09,40.71926081,-73.98178024,289554
2019-12-09,40.7519071,-73.9479119,289555
2019-12-09,40.75052534,-73.94594845,289555
2019-12-09,40.73143724085228,-73.99490341544151,289556
2019-12-09,40.74317449,-74.00366443,289556
2019-12-09,40.71485150526252,-74.01122331619263,289557
2019-12-09,40.711512,-74.015756,289557
2019-12-09,40.74475148,-73.99915362,289558
2019-12-09,40.751396,-74.005226,289558
2019-12-09,40.69839895,-73.98068914,289559
2019-12-09,40.70140317257725,-73.98672670125961,289559
2019-12-09,40.722103786686034,-73.99724900722504,289560
2019-12-09,40.73020660529954,-73.99102628231049,289560
2019-12-09,40.73381219196632,-73.98054420948029,289561
2019-12-09,40.73381219196632,-73.98054420948029,289561
2019-12-09,40.751396,-74.005226,289562
2019-12-09,40.74691959,-74.00451887,289562
2019-12-09,40.75255434,-73.97282625,289563
2019-12-09,40.7489006,-73.97604882,289563
2019-12-09,40.71782143,-73.97628939,289564
2019-12-09,40.72217444,-73.98368779,289564
2019-12-09,40.71307916,-73.99851193,289565
2019-12-09,40.71427487,-73.98990025,289565
2019-12-09,40.74173969,-73.99415556,289566
2019-12-09,40.741459,-73.983293,289566
2019-12-09,40.73704984,-73.99009296,289567
2019-12-09,40.73381219196632,-73.98054420948029,289567
2019-12-09,40.76370739,-73.9851615,289568
2019-12-09,40.75066386,-74.00176802,289568
2019-12-09,40.74173969,-73.99415556,289569
2019-12-09,40.72779126,-73.98564945,289569
2019-12-09,40.7284186,-73.98713956,289570
2019-12-09,40.72453734,-73.98185424,289570
2019-12-09,40.6830456,-74.00348559,289571
2019-12-09,40.6847514,-73.99917254,289571
2019-12-09,40.711066,-74.009447,289572
2019-12-09,40.71450451,-74.00562789,289572
2019-12-09,40.71167351,-73.95141312,289573
2019-12-09,40.71167351,-73.95141312,289573
2019-12-09,40.73781509,-73.99994661,289574
2019-12-09,40.74173969,-73.99415556,289574
2019-12-09,40.73781509,-73.99994661,289575
2019-12-09,40.74173969,-73.99415556,289575
2019-12-09,40.71816969454208,-73.95520135760307,289576
2019-12-09,40.72577,-73.94173,289576
2019-12-09,40.72453734,-73.98185424,289577
2019-12-09,40.72966729392978,-73.98067966103554,289577
2019-12-09,40.74901271,-73.98848395,289578
2019-12-09,40.74173969,-73.99415556,289578
2019-12-09,40.734232,-73.986923,289579
2019-12-09,40.74765947,-73.98490707,289579
2019-12-09,40.7451677,-73.98683077,289580
2019-12-09,40.73532427,-73.99800419,289580
2019-12-09,40.722055,-73.989111,289581
2019-12-09,40.7262807,-73.98978041,289581
2019-12-09,40.73935542,-73.99931783,289582
2019-12-09,40.73454567,-73.99074142,289582
2019-12-09,40.763154,-73.920827,289583
2019-12-09,40.761584,-73.925921,289583
2019-12-09,40.72456089,-73.99565293,289584
2019-12-09,40.718822,-73.99596,289584
2019-12-09,40.73047747,-73.99906065,289585
2019-12-09,40.72453734,-73.98185424,289585
2019-12-09,40.71893904,-73.99266288,289586
2019-12-09,40.718822,-73.99596,289586
2019-12-09,40.70355377,-74.00670227,289587
2019-12-09,40.70530954,-74.00612572,289587
2019-12-09,40.74734825,-73.99723551,289588
2019-12-09,40.73935542,-73.99931783,289588
2019-12-09,40.69363137,-73.96223558,289589
2019-12-09,40.69985,-73.97141,289589
2019-12-09,40.741459,-73.983293,289590
2019-12-09,40.76009437,-73.99461843,289590
2019-12-09,40.739445,-73.976806,289591
2019-12-09,40.75001986,-73.96905301,289591
2019-12-09,40.71291224,-74.01020234,289592
2019-12-09,40.70834698,-74.01713445,289592
2019-12-09,40.73026,-73.95394,289593
2019-12-09,40.716887,-73.963198,289593
2019-12-09,40.73223272,-73.98889957,289594
2019-12-09,40.72456089,-73.99565293,289594
2019-12-09,40.7403432,-73.98955109,289595
2019-12-09,40.7454973,-74.00197139,289595
2019-12-09,40.716887,-73.963198,289596
2019-12-09,40.71469,-73.95739,289596
2019-12-09,40.71406667,-73.99293911,289597
2019-12-09,40.714211,-73.981095,289597
2019-12-09,40.70365182,-74.01167797,289598
2019-12-09,40.7172274,-73.98802084,289598
2019-12-09,40.680611,-73.99475825,289599
2019-12-09,40.6830456,-74.00348559,289599
2019-12-09,40.802692,-73.96295,289600
2019-12-09,40.782593,-73.971211,289600
2019-12-09,40.76019252,-73.9912551,289601
2019-12-09,40.76915505,-73.98191841,289601
2019-12-09,40.722055,-73.989111,289602
2019-12-09,40.71173107,-73.99193043,289602
2019-12-09,40.741459,-73.983293,289603
2019-12-09,40.749156,-73.9916,289603
2019-12-09,40.72229346,-73.99147535,289604
2019-12-09,40.72307749068673,-73.98583620786667,289604
2019-12-09,40.7462009,-73.98855723,289605
2019-12-09,40.751581,-73.97791,289605
2019-12-09,40.73532427,-73.99800419,289606
2019-12-09,40.734814,-73.992085,289606
2019-12-09,40.6765198,-73.9596082,289607
2019-12-09,40.668127,-73.98377641,289607
2019-12-09,40.73587678,-73.98205027,289608
2019-12-09,40.74394314,-73.97966069,289608
2019-12-09,40.71816969454208,-73.95520135760307,289609
2019-12-09,40.72577,-73.94173,289609
2019-12-09,40.735445,-73.99431,289610
2019-12-09,40.734232,-73.986923,289610
2019-12-09,40.68962188790333,-73.98304268717766,289611
2019-12-09,40.68851534,-73.9647628,289611
2019-12-09,40.71269042,-73.98776323,289612
2019-12-09,40.71117416,-74.00016545,289612
2019-12-09,40.70355377,-74.00670227,289613
2019-12-09,40.70530954,-74.00612572,289613
2019-12-09,40.736502,-73.97809472,289614
2019-12-09,40.74901271,-73.98848395,289614
2019-12-09,40.76915505,-73.98191841,289615
2019-12-09,40.76269882,-73.99301222,289615
2019-12-09,40.6765198,-73.9596082,289616
2019-12-09,40.6707767,-73.9576801,289616
2019-12-09,40.6827549,-73.98258555,289617
2019-12-09,40.6686273,-73.98700053,289617
2019-12-09,40.72903917,-73.99404649,289618
2019-12-09,40.734232,-73.986923,289618
2019-12-09,40.74964,-73.98805,289619
2019-12-09,40.7457121,-73.98194829,289619
2019-12-09,40.752165280621966,-73.97992193698882,289620
2019-12-09,40.75019995,-73.99093085,289620
2019-12-09,40.675146838709786,-73.97523209452629,289621
2019-12-09,40.68323865460341,-73.96599590778351,289621
2019-12-09,40.70355377,-74.00670227,289622
2019-12-09,40.70955958,-74.00653609,289622
2019-12-09,40.74290902,-73.97706058,289623
2019-12-09,40.77492513,-73.98266566,289623
2019-12-09,40.808442,-73.9452087,289624
2019-12-09,40.8107922,-73.9430681,289624
2019-12-09,40.73935542,-73.99931783,289625
2019-12-09,40.74173969,-73.99415556,289625
2019-12-09,40.74765947,-73.98490707,289626
2019-12-09,40.73269,-73.98974,289626
2019-12-09,40.74290902,-73.97706058,289627
2019-12-09,40.74395411,-73.99144871,289627
2019-12-09,40.73944820130404,-74.00507032871246,289628
2019-12-09,40.71939226,-74.00247214,289628
2019-12-09,40.73535398,-74.00483091,289629
2019-12-09,40.74487634,-73.99529885,289629
2019-12-09,40.6753274,-74.0100698,289630
2019-12-09,40.6787242,-73.99599099,289630
2019-12-09,40.7505853470215,-73.9946848154068,289631
2019-12-09,40.7457121,-73.98194829,289631
2019-12-09,40.7403432,-73.98955109,289632
2019-12-09,40.75714758,-73.97207836,289632
2019-12-09,40.73038599,-74.00214988,289633
2019-12-09,40.73454567,-73.99074142,289633
2019-12-09,40.71893904,-73.99266288,289634
2019-12-09,40.714211,-73.981095,289634
2019-12-09,40.735445,-73.99431,289635
2019-12-09,40.714211,-73.981095,289635
2019-12-09,40.75466591,-73.99138152,289636
2019-12-09,40.74734825,-73.99723551,289636
2019-12-09,40.8078316,-73.949373,289637
2019-12-09,40.799484,-73.955613,289637
2019-12-09,40.71076228,-73.99400398,289638
2019-12-09,40.71559509,-73.9870295,289638
2019-12-09,40.6999974843885,-73.97440128028393,289639
2019-12-09,40.694281141397326,-73.99230033159256,289639
2019-12-09,40.73555,-73.95284,289640
2019-12-09,40.724812564400175,-73.94752621650696,289640
2019-12-09,40.71413089,-73.9970468,289641
2019-12-09,40.72706363348306,-73.99662137031554,289641
2019-12-09,40.72494672359416,-74.00165855884552,289642
2019-12-09,40.72966729392978,-73.98067966103554,289642
2019-12-09,40.66314,-73.9605695,289643
2019-12-09,40.68683208,-73.9796772,289643
2019-12-09,40.75066386,-74.00176802,289644
2019-12-09,40.74173969,-73.99415556,289644
2019-12-09,40.73704984,-73.99009296,289645
2019-12-09,40.74286877312112,-73.98918628692627,289645
2019-12-09,40.73944820130404,-74.00507032871246,289646
2019-12-09,40.71939226,-74.00247214,289646
2019-12-09,40.73971301,-73.99456405,289647
2019-12-09,40.76228826,-73.98336183,289647
2019-12-09,40.73038599,-74.00214988,289648
2019-12-09,40.72743423,-73.99379025,289648
2019-12-09,40.7869946,-73.94164802,289649
2019-12-09,40.7869946,-73.94164802,289649
2019-12-09,40.6703837,-73.97839676,289650
2019-12-09,40.6787242,-73.99599099,289650
2019-12-09,40.72710258,-74.00297088,289651
2019-12-09,40.73935542,-73.99931783,289651
2019-12-09,40.768254,-73.988639,289652
2019-12-09,40.7390169121,-74.0026376103,289652
2019-12-09,40.7727966,-73.95577801,289653
2019-12-09,40.77314236,-73.95856158,289653
2019-12-09,40.71117444,-73.99682619,289654
2019-12-09,40.7158155,-73.99422366,289654
2019-12-09,40.75299641,-73.98721619,289655
2019-12-09,40.75898481399634,-73.99379968643188,289655
2019-12-09,40.7869946,-73.94164802,289656
2019-12-09,40.7869946,-73.94164802,289656
2019-12-09,40.751873,-73.977706,289657
2019-12-09,40.76068327096592,-73.9845272898674,289657
2019-12-09,40.73912601,-73.97973776,289658
2019-12-09,40.75001986,-73.96905301,289658
2019-12-09,40.71335226222875,-73.9491033554077,289659
2019-12-09,40.72606,-73.95621,289659
2019-12-09,40.73971301,-73.99456405,289660
2019-12-09,40.72966729392978,-73.98067966103554,289660
2019-12-09,40.7277140777778,-74.01129573583603,289661
2019-12-09,40.7921,-73.9739,289661
2019-12-09,40.76009437,-73.99461843,289662
2019-12-09,40.75066386,-74.00176802,289662
2019-12-09,40.70905623,-74.01043382,289663
2019-12-09,40.71910537,-73.99973337,289663
2019-12-09,40.74734825,-73.99723551,289664
2019-12-09,40.74395411,-73.99144871,289664
2019-12-09,40.74487634,-73.99529885,289665
2019-12-09,40.7451677,-73.98683077,289665
2019-12-09,40.706237,-73.933871,289666
2019-12-09,40.697787,-73.973736,289666
2019-12-09,40.75992262,-73.97648516,289667
2019-12-09,40.76095756,-73.96724467,289667
2019-12-09,40.74444921,-73.98303529,289668
2019-12-09,40.75724567911726,-73.97805914282799,289668
2019-12-09,40.818299,-73.960405,289669
2019-12-09,40.8067581,-73.9607082,289669
2019-12-09,40.71269042,-73.98776323,289670
2019-12-09,40.71427487,-73.98990025,289670
2019-12-09,40.751396,-74.005226,289671
2019-12-09,40.73401143,-74.00293877,289671
2019-12-09,40.74780373,-73.9734419,289672
2019-12-09,40.75500254,-73.98014437,289672
2019-12-09,40.735367055605394,-73.98797392845154,289673
2019-12-09,40.74286877312112,-73.98918628692627,289673
2019-12-09,40.74177603,-74.00149746,289674
2019-12-09,40.71850211,-73.98329859,289674
2019-12-09,40.71269042,-73.98776323,289675
2019-12-09,40.71219906,-73.97948148,289675
2019-12-09,40.680611,-73.99475825,289676
2019-12-09,40.6773429,-74.01275056,289676
2019-12-09,40.751873,-73.977706,289677
2019-12-09,40.75898481399634,-73.99379968643188,289677
2019-12-09,40.804372,-73.951475,289678
2019-12-09,40.8025566,-73.9490782,289678
2019-12-09,40.73587678,-73.98205027,289679
2019-12-09,40.71893904,-73.99266288,289679
2019-12-09,40.77163851,-73.98261428,289680
2019-12-09,40.7801839724239,-73.97728532552719,289680
2019-12-09,40.73935542,-73.99931783,289681
2019-12-09,40.746647,-73.993915,289681
2019-12-09,40.722055,-73.989111,289682
2019-12-09,40.71622644,-73.98261206,289682
2019-12-09,40.7149787,-74.013012,289683
2019-12-09,40.72710258,-74.00297088,289683
2019-12-09,40.746745,-74.007756,289684
2019-12-09,40.71739973,-73.98016555,289684
2019-12-09,40.74394314,-73.97966069,289685
2019-12-09,40.7489006,-73.97604882,289685
2019-12-09,40.75594159,-74.0021163,289686
2019-12-09,40.73331967,-73.99510132,289686
2019-12-09,40.7597108,-73.97402311,289687
2019-12-09,40.77748046,-73.98288594,289687
2019-12-09,40.7505853470215,-73.9946848154068,289688
2019-12-09,40.73020660529954,-73.99102628231049,289688
2019-12-09,40.7037992,-74.00838676,289689
2019-12-09,40.71485150526252,-74.01122331619263,289689
2019-12-09,40.79329668,-73.9432083,289690
2019-12-09,40.7867947,-73.977112,289690
2019-12-09,40.7172274,-73.98802084,289691
2019-12-09,40.7172274,-73.98802084,289691
2019-12-09,40.749717753,-74.002950346,289692
2019-12-09,40.74177603,-74.00149746,289692
2019-12-09,40.71146364,-74.00552427,289693
2019-12-09,40.71219906,-73.97948148,289693
2019-12-09,40.76915505,-73.98191841,289694
2019-12-09,40.73532427,-73.99800419,289694
2019-12-09,40.741459,-73.983293,289695
2019-12-09,40.74177603,-74.00149746,289695
2019-12-09,40.77632142182271,-73.96427392959595,289696
2019-12-09,40.76009437,-73.99461843,289696
2019-12-09,40.72317958,-73.99480012,289697
2019-12-09,40.71173107,-73.99193043,289697
2019-12-09,40.722055,-73.989111,289698
2019-12-09,40.718822,-73.99596,289698
2019-12-09,40.73704984,-73.99009296,289699
2019-12-09,40.72743423,-73.99379025,289699
2019-12-09,40.7770575,-73.97898475,289700
2019-12-09,40.7781314,-73.96069399,289700
2019-12-09,40.72953837,-73.98426726,289701
2019-12-09,40.73944820130404,-74.00507032871246,289701
2019-12-09,40.69512845,-73.99595065,289702
2019-12-09,40.70037867,-73.99548059,289702
2019-12-09,40.736502,-73.97809472,289703
2019-12-09,40.74311555376486,-73.98215353488922,289703
2019-12-09,40.72917025,-73.99810231,289704
2019-12-09,40.7158155,-73.99422366,289704
2019-12-09,40.734232,-73.986923,289705
2019-12-09,40.72966729392978,-73.98067966103554,289705
2019-12-09,40.7262807,-73.98978041,289706
2019-12-09,40.73291553,-74.00711384,289706
2019-12-09,40.73726186,-73.99238967,289707
2019-12-09,40.7361967,-74.00859207,289707
2019-12-09,40.73232194,-73.9550858,289708
2019-12-09,40.73026,-73.95394,289708
2019-12-09,40.72708584,-73.95299117,289709
2019-12-09,40.72226,-73.93889,289709
2019-12-09,40.802692,-73.96295,289710
2019-12-09,40.7954121,-73.9441232,289710
2019-12-09,40.74286877312112,-73.98918628692627,289711
2019-12-09,40.734814,-73.992085,289711
2019-12-09,40.75797322,-73.96603308,289712
2019-12-09,40.7892105,-73.94370784,289712
2019-12-09,40.746647,-73.993915,289713
2019-12-09,40.74937024193277,-73.99923384189606,289713
2019-12-09,40.74395411,-73.99144871,289714
2019-12-09,40.7403432,-73.98955109,289714
2019-12-09,40.71269042,-73.98776323,289715
2019-12-09,40.71117444,-73.99682619,289715
2019-12-09,40.75299641,-73.98721619,289716
2019-12-09,40.72243797,-74.00566443,289716
2019-12-09,40.7451677,-73.98683077,289717
2019-12-09,40.735367055605394,-73.98797392845154,289717
2019-12-09,40.746745,-74.007756,289718
2019-12-09,40.74177603,-74.00149746,289718
2019-12-09,40.77112927,-73.95772297,289719
2019-12-09,40.7381765,-73.97738662,289719
2019-12-09,40.73912601,-73.97973776,289720
2019-12-09,40.74964,-73.98805,289720
2019-12-09,40.72243797,-74.00566443,289721
2019-12-09,40.71334184275907,-74.00935515761375,289721
2019-12-09,40.74487634,-73.99529885,289722
2019-12-09,40.73935542,-73.99931783,289722
2019-12-09,40.75097711,-73.98765428,289723
2019-12-09,40.8006721,-73.9349,289723
2019-12-09,40.75992262,-73.97648516,289724
2019-12-09,40.76302594280519,-73.97209525108337,289724
2019-12-09,40.75323098,-73.97032517,289725
2019-12-09,40.75001986,-73.96905301,289725
2019-12-09,40.7403432,-73.98955109,289726
2019-12-09,40.734814,-73.992085,289726
2019-12-09,40.76030096,-73.99884222,289727
2019-12-09,40.75513557,-73.98658032,289727
2019-12-09,40.751396,-74.005226,289728
2019-12-09,40.73535398,-74.00483091,289728
2019-12-09,40.6741806,-73.9564947,289729
2019-12-09,40.71167351,-73.95141312,289729
2019-12-09,40.76019252,-73.9912551,289730
2019-12-09,40.76132983124814,-73.97982001304626,289730
2019-12-09,40.751396,-74.005226,289731
2019-12-09,40.751551,-73.993934,289731
2019-12-09,40.71285887,-73.96590294,289732
2019-12-09,40.69794,-73.96986848,289732
2019-12-09,40.74238787,-73.99726235,289733
2019-12-09,40.746745,-74.007756,289733
2019-12-09,40.73221853,-73.98165557,289734
2019-12-09,40.735445,-73.99431,289734
2019-12-09,40.707873,-74.00167,289735
2019-12-09,40.71910537,-73.99973337,289735
2019-12-09,40.752957,-74.00264,289736
2019-12-09,40.74322681432173,-73.97449783980846,289736
2019-12-09,40.68382604,-73.97632328,289737
2019-12-09,40.675146838709786,-73.97523209452629,289737
2019-12-09,40.722055,-73.989111,289738
2019-12-09,40.73454567,-73.99074142,289738
2019-12-09,40.72710258,-74.00297088,289739
2019-12-09,40.7361967,-74.00859207,289739
2019-12-09,40.71939226,-74.00247214,289740
2019-12-09,40.75172632,-73.98753523,289740
2019-12-09,40.76269882,-73.99301222,289741
2019-12-09,40.7462009,-73.98855723,289741
2019-12-09,40.7597108,-73.97402311,289742
2019-12-09,40.76344058,-73.98268129,289742
2019-12-09,40.74718234,-73.9432635,289743
2019-12-09,40.75110165,-73.94073717,289743
2019-12-09,40.7505853470215,-73.9946848154068,289744
2019-12-09,40.74734825,-73.99723551,289744
2019-12-09,40.75066386,-74.00176802,289745
2019-12-09,40.74173969,-73.99415556,289745
2019-12-09,40.71335226222875,-73.9491033554077,289746
2019-12-09,40.716887,-73.963198,289746
2019-12-09,40.69241829257847,-73.98949474096298,289747
2019-12-09,40.68753406,-73.97265183,289747
2019-12-09,40.68926942,-73.98912867,289748
2019-12-09,40.69102925677968,-73.99183362722397,289748
2019-12-09,40.73020660529954,-73.99102628231049,289749
2019-12-09,40.73454567,-73.99074142,289749
2019-12-09,40.71413089,-73.9970468,289750
2019-12-09,40.71427487,-73.98990025,289750
2019-12-09,40.73704984,-73.99009296,289751
2019-12-09,40.746647,-73.993915,289751
2019-12-09,40.749156,-73.9916,289752
2019-12-09,40.741459,-73.983293,289752
2019-12-09,40.72917025,-73.99810231,289753
2019-12-09,40.72243797,-74.00566443,289753
2019-12-09,40.7597108,-73.97402311,289754
2019-12-09,40.76344058,-73.98268129,289754
2019-12-09,40.70355377,-74.00670227,289755
2019-12-09,40.70530954,-74.00612572,289755
2019-12-09,40.68962188790333,-73.98304268717766,289756
2019-12-09,40.6849668,-73.98620772,289756
2019-12-09,40.69196566,-73.9813018,289757
2019-12-09,40.68851534,-73.9647628,289757
2019-12-09,40.718822,-73.99596,289758
2019-12-09,40.71939226,-74.00247214,289758
2019-12-09,40.7652654,-73.98192338,289759
2019-12-09,40.76228826,-73.98336183,289759
2019-12-09,40.70684203101325,-73.9544353965357,289760
2019-12-09,40.72019576,-73.98997825,289760
2019-12-09,40.70684203101325,-73.9544353965357,289761
2019-12-09,40.71167351,-73.95141312,289761
2019-12-09,40.6853761,-73.98302136,289762
2019-12-09,40.6881529,-73.99520919,289762
2019-12-09,40.7568001,-73.98291153,289763
2019-12-09,40.76341379,-73.99667444,289763
2019-12-09,40.74487634,-73.99529885,289764
2019-12-09,40.74691959,-74.00451887,289764
2019-12-09,40.76727216,-73.99392888,289765
2019-12-09,40.76344058,-73.98268129,289765
2019-12-09,40.73221853,-73.98165557,289766
2019-12-09,40.739445,-73.976806,289766
2019-12-09,40.7643971,-73.97371465,289767
2019-12-09,40.763189,-73.978434,289767
2019-12-09,40.74290902,-73.97706058,289768
2019-12-09,40.7381765,-73.97738662,289768
2019-12-09,40.746647,-73.993915,289769
2019-12-09,40.73704984,-73.99009296,289769
2019-12-09,40.7381765,-73.97738662,289770
2019-12-09,40.7390169121,-74.0026376103,289770
2019-12-09,40.71893904,-73.99266288,289771
2019-12-09,40.74286877312112,-73.98918628692627,289771
2019-12-09,40.7997568,-73.9621128676,289772
2019-12-09,40.804213,-73.96699104,289772
2019-12-09,40.73704984,-73.99009296,289773
2019-12-09,40.7403432,-73.98955109,289773
2019-12-09,40.6829151,-73.99318208,289774
2019-12-09,40.6802133,-73.98432695,289774
2019-12-09,40.734232,-73.986923,289775
2019-12-09,40.74096374,-73.98602213,289775
2019-12-09,40.76370739,-73.9851615,289776
2019-12-09,40.75640548,-73.9900262,289776
2019-12-09,40.70463,-74.01507,289777
2019-12-09,40.751551,-73.993934,289777
2019-12-09,40.6829151,-73.99318208,289778
2019-12-09,40.6802133,-73.98432695,289778
2019-12-09,40.73781509,-73.99994661,289779
2019-12-09,40.74238787,-73.99726235,289779
2019-12-09,40.6829151,-73.99318208,289780
2019-12-09,40.6802133,-73.98432695,289780
2019-12-09,40.73971301,-73.99456405,289781
2019-12-09,40.7262807,-73.98978041,289781
2019-12-09,40.749156,-73.9916,289782
2019-12-09,40.7457121,-73.98194829,289782
2019-12-09,40.73587678,-73.98205027,289783
2019-12-09,40.74322681432173,-73.97449783980846,289783
2019-12-09,40.738046142482766,-73.99642959237099,289784
2019-12-09,40.74290902,-73.97706058,289784
2019-12-09,40.74395411,-73.99144871,289785
2019-12-09,40.749156,-73.9916,289785
2019-12-09,40.74487634,-73.99529885,289786
2019-12-09,40.7457121,-73.98194829,289786
2019-12-09,40.74286877312112,-73.98918628692627,289787
2019-12-09,40.7462009,-73.98855723,289787
2019-12-09,40.75097711,-73.98765428,289788
2019-12-09,40.7597108,-73.97402311,289788
2019-12-09,40.75640548,-73.9900262,289789
2019-12-09,40.75500254,-73.98014437,289789
2019-12-09,40.749717753,-74.002950346,289790
2019-12-09,40.7475739589548,-73.9788007736206,289790
2019-12-09,40.76132983124814,-73.97982001304626,289791
2019-12-09,40.75038009,-73.98338988,289791
2019-12-09,40.72903917,-73.99404649,289792
2019-12-09,40.72621788,-73.98379855,289792
2019-12-09,40.68506807308177,-73.97790759801863,289793
2019-12-09,40.6795766,-73.97854971,289793
2019-12-09,40.72362738,-73.99949601,289794
2019-12-09,40.72903917,-73.99404649,289794
2019-12-09,40.718822,-73.99596,289795
2019-12-09,40.73038599,-74.00214988,289795
2019-12-09,40.72917025,-73.99810231,289796
2019-12-09,40.73971301,-73.99456405,289796
2019-12-09,40.74177603,-74.00149746,289797
2019-12-09,40.7454973,-74.00197139,289797
2019-12-09,40.74096374,-73.98602213,289798
2019-12-09,40.75255434,-73.97282625,289798
2019-12-09,40.6786115,-73.99037292,289799
2019-12-09,40.6828003,-73.99990419,289799
2019-12-09,40.73726186,-73.99238967,289800
2019-12-09,40.73726186,-73.99238967,289800
2019-12-09,40.7505853470215,-73.9946848154068,289801
2019-12-09,40.770513,-73.988038,289801
2019-12-09,40.74334935,-74.00681753,289802
2019-12-09,40.74334935,-74.00681753,289802
2019-12-09,40.73038599,-74.00214988,289803
2019-12-09,40.7652654,-73.98192338,289803
2019-12-09,40.752269,-73.982079,289804
2019-12-09,40.746647,-73.993915,289804
2019-12-09,40.7403432,-73.98955109,289805
2019-12-09,40.7451677,-73.98683077,289805
2019-12-09,40.74444921,-73.98303529,289806
2019-12-09,40.74096374,-73.98602213,289806
2019-12-09,40.804372,-73.951475,289807
2019-12-09,40.809725,-73.953149,289807
2019-12-09,40.74444921,-73.98303529,289808
2019-12-09,40.72362738,-73.99949601,289808
2019-12-09,40.73038599,-74.00214988,289809
2019-12-09,40.71910537,-73.99973337,289809
2019-12-09,40.76312584,-73.96526895,289810
2019-12-09,40.76873687,-73.96119945,289810
2019-12-09,40.77492513,-73.98266566,289811
2019-12-09,40.7882213,-73.97041561,289811
2019-12-09,40.74765947,-73.98490707,289812
2019-12-09,40.7489006,-73.97604882,289812
2019-12-09,40.71146364,-74.00552427,289813
2019-12-09,40.72917025,-73.99810231,289813
2019-12-09,40.72307749068673,-73.98583620786667,289814
2019-12-09,40.736502,-73.97809472,289814
2019-12-09,40.74765947,-73.98490707,289815
2019-12-09,40.735445,-73.99431,289815
2019-12-09,40.795508,-73.941606,289816
2019-12-09,40.7949879,-73.9333349,289816
2019-12-09,40.6686627,-73.97988067,289817
2019-12-09,40.6685455,-73.99333264,289817
2019-12-09,40.73652889,-74.00618026,289818
2019-12-09,40.7454973,-74.00197139,289818
2019-12-09,40.75714758,-73.97207836,289819
2019-12-09,40.76269882,-73.99301222,289819
2019-12-09,40.72311651,-73.95212324,289820
2019-12-09,40.71285887,-73.96590294,289820
2019-12-09,40.75299641,-73.98721619,289821
2019-12-09,40.76344058,-73.98268129,289821
2019-12-09,40.746647,-73.993915,289822
2019-12-09,40.76727216,-73.99392888,289822
2019-12-09,40.7597108,-73.97402311,289823
2019-12-09,40.7546011026,-73.971878855,289823
2019-12-09,40.70877084,-73.95095259,289824
2019-12-09,40.69128258,-73.9452416,289824
2019-12-09,40.70255065,-74.0127234,289825
2019-12-09,40.71413089,-73.9970468,289825
2019-12-09,40.72066442,-73.98517977,289826
2019-12-09,40.72082834,-73.97793172,289826
2019-12-09,40.73532427,-73.99800419,289827
2019-12-09,40.73704984,-73.99009296,289827
2019-12-09,40.76341379,-73.99667444,289828
2019-12-09,40.76227205,-73.98788205,289828
2019-12-09,40.72317958,-73.99480012,289829
2019-12-09,40.7284186,-73.98713956,289829
2019-12-09,40.72217444,-73.98368779,289830
2019-12-09,40.73221853,-73.98165557,289830
2019-12-09,40.736502,-73.97809472,289831
2019-12-09,40.73314259,-73.97573881,289831
2019-12-09,40.736502,-73.97809472,289832
2019-12-09,40.73314259,-73.97573881,289832
2019-12-09,40.7284186,-73.98713956,289833
2019-12-09,40.72019576,-73.98997825,289833
2019-12-09,40.7882213,-73.97041561,289834
2019-12-09,40.804213,-73.96699104,289834
2019-12-09,40.75097711,-73.98765428,289835
2019-12-09,40.7462009,-73.98855723,289835
2019-12-09,40.75097711,-73.98765428,289836
2019-12-09,40.74286877312112,-73.98918628692627,289836
2019-12-09,40.73020660529954,-73.99102628231049,289837
2019-12-09,40.72456089,-73.99565293,289837
2019-12-09,40.73704984,-73.99009296,289838
2019-12-09,40.73587678,-73.98205027,289838
2019-12-09,40.71427487,-73.98990025,289839
2019-12-09,40.71850211,-73.98329859,289839
2019-12-09,40.75255434,-73.97282625,289840
2019-12-09,40.7597108,-73.97402311,289840
2019-12-09,40.73827428,-73.98751968,289841
2019-12-09,40.752165280621966,-73.97992193698882,289841
2019-12-09,40.751873,-73.977706,289842
2019-12-09,40.746647,-73.993915,289842
2019-12-09,40.72743423,-73.99379025,289843
2019-12-09,40.74487634,-73.99529885,289843
2019-12-09,40.718822,-73.99596,289844
2019-12-09,40.72951496224949,-73.99075269699097,289844
2019-12-09,40.68683208,-73.9796772,289845
2019-12-09,40.69573398,-73.97129668,289845
2019-12-09,40.73532427,-73.99800419,289846
2019-12-09,40.76350532,-73.97109243,289846
2019-12-09,40.7862586,-73.94552579,289847
2019-12-09,40.8045555,-73.9396861,289847
2019-12-09,40.73971301,-73.99456405,289848
2019-12-09,40.73143724085228,-73.99490341544151,289848
2019-12-09,40.70461,-73.91054,289849
2019-12-09,40.70636,-73.91945,289849
2019-12-09,40.7612274,-73.96094022,289850
2019-12-09,40.7923272,-73.9383,289850
2019-12-09,40.74964,-73.98805,289851
2019-12-09,40.75660359,-73.9979009,289851
2019-12-09,40.74734825,-73.99723551,289852
2019-12-09,40.75066386,-74.00176802,289852
2019-12-09,40.75299641,-73.98721619,289853
2019-12-09,40.74901271,-73.98848395,289853
2019-12-09,40.75299641,-73.98721619,289854
2019-12-09,40.75660359,-73.9979009,289854
2019-12-09,40.72743423,-73.99379025,289855
2019-12-09,40.74487634,-73.99529885,289855
2019-12-09,40.7403432,-73.98955109,289856
2019-12-09,40.74765947,-73.98490707,289856
2019-12-09,40.76341379,-73.99667444,289857
2019-12-09,40.76068327096592,-73.9845272898674,289857
2019-12-09,40.736502,-73.97809472,289858
2019-12-09,40.74096374,-73.98602213,289858
2019-12-09,40.70140317257725,-73.98672670125961,289859
2019-12-09,40.7158155,-73.99422366,289859
2019-12-09,40.78414472,-73.98362492,289860
2019-12-09,40.76030096,-73.99884222,289860
2019-12-09,40.676368,-73.952918,289861
2019-12-09,40.6707767,-73.9576801,289861
2019-12-09,40.7505853470215,-73.9946848154068,289862
2019-12-09,40.74901271,-73.98848395,289862
2019-12-09,40.76068327096592,-73.9845272898674,289863
2019-12-09,40.77163851,-73.98261428,289863
2019-12-09,40.76344058,-73.98268129,289864
2019-12-09,40.72494672359416,-74.00165855884552,289864
2019-12-09,40.72368361,-73.97574813,289865
2019-12-09,40.70463,-74.01507,289865
2019-12-09,40.7451677,-73.98683077,289866
2019-12-09,40.73704984,-73.99009296,289866
2019-12-09,40.74901271,-73.98848395,289867
2019-12-09,40.73726186,-73.99238967,289867
2019-12-09,40.73532427,-73.99800419,289868
2019-12-09,40.749717753,-74.002950346,289868
2019-12-09,40.72456089,-73.99565293,289869
2019-12-09,40.72502876,-73.99069656,289869
2019-12-09,40.76915505,-73.98191841,289870
2019-12-09,40.77492513,-73.98266566,289870
2019-12-09,40.71625008,-74.0091059,289871
2019-12-09,40.70905623,-74.01043382,289871
2019-12-09,40.74734825,-73.99723551,289872
2019-12-09,40.751396,-74.005226,289872
2019-12-09,40.6845683,-73.95881081,289873
2019-12-09,40.6851443,-73.95380904,289873
2019-12-09,40.70569254,-74.01677685,289874
2019-12-09,40.70463,-74.01507,289874
2019-12-09,40.74286877312112,-73.98918628692627,289875
2019-12-09,40.74286877312112,-73.98918628692627,289875
2019-12-09,40.75513557,-73.98658032,289876
2019-12-09,40.741459,-73.983293,289876
2019-12-09,40.74964,-73.98805,289877
2019-12-09,40.754120810779256,-73.98025184869766,289877
2019-12-09,40.71413311,-73.95234386,289878
2019-12-09,40.715143,-73.944507,289878
2019-12-09,40.71269042,-73.98776323,289879
2019-12-09,40.71413089,-73.9970468,289879
2019-12-09,40.7941654,-73.974124,289880
2019-12-09,40.7921,-73.9739,289880
2019-12-09,40.734814,-73.992085,289881
2019-12-09,40.73143724085228,-73.99490341544151,289881
2019-12-09,40.7449067,-73.9534573,289882
2019-12-09,40.74336608027021,-73.95960688591003,289882
2019-12-09,40.77282817,-73.96685276,289883
2019-12-09,40.77579376683666,-73.9762057363987,289883
2019-12-09,40.74901271,-73.98848395,289884
2019-12-09,40.74487634,-73.99529885,289884
2019-12-09,40.7262807,-73.98978041,289885
2019-12-09,40.7403432,-73.98955109,289885
2019-12-09,40.735445,-73.99431,289886
2019-12-09,40.7284186,-73.98713956,289886
2019-12-09,40.73935542,-73.99931783,289887
2019-12-09,40.73726186,-73.99238967,289887
2019-12-09,40.72966729392978,-73.98067966103554,289888
2019-12-09,40.73454567,-73.99074142,289888
2019-12-09,40.7869946,-73.94164802,289889
2019-12-09,40.7806284,-73.9521667,289889
2019-12-09,40.7575699,-73.99098507,289890
2019-12-09,40.75992262,-73.97648516,289890
2019-12-09,40.713126,-73.984844,289891
2019-12-09,40.718822,-73.99596,289891
2019-12-09,40.72706363348306,-73.99662137031554,289892
2019-12-09,40.72299208,-73.97995466,289892
2019-12-09,40.7767,-73.927631,289893
2019-12-09,40.7774552,-73.9225403,289893
2019-12-09,40.752165280621966,-73.97992193698882,289894
2019-12-09,40.74394314,-73.97966069,289894
2019-12-09,40.763954,-73.9646,289895
2019-12-09,40.7597108,-73.97402311,289895
2019-12-09,40.6845683,-73.95881081,289896
2019-12-09,40.6794388,-73.9680438,289896
2019-12-09,40.73971301,-73.99456405,289897
2019-12-09,40.751873,-73.977706,289897
2019-12-09,40.73935542,-73.99931783,289898
2019-12-09,40.73704984,-73.99009296,289898
2019-12-09,40.72368361,-73.97574813,289899
2019-12-09,40.72966729392978,-73.98067966103554,289899
2019-12-09,40.74173969,-73.99415556,289900
2019-12-09,40.749156,-73.9916,289900
2019-12-09,40.74780373,-73.9734419,289901
2019-12-09,40.7451677,-73.98683077,289901
2019-12-09,40.76302594280519,-73.97209525108337,289902
2019-12-09,40.7687620293096,-73.95840793848038,289902
2019-12-09,40.74345335,-74.00004031,289903
2019-12-09,40.734814,-73.992085,289903
2019-12-09,40.72557,-73.94434,289904
2019-12-09,40.71816969454208,-73.95520135760307,289904
2019-12-09,40.75797322,-73.96603308,289905
2019-12-09,40.739445,-73.976806,289905
2019-12-09,40.72362738,-73.99949601,289906
2019-12-09,40.71291224,-74.01020234,289906
2019-12-09,40.7190095,-73.95852515,289907
2019-12-09,40.70924826276157,-73.96063148975372,289907
2019-12-09,40.7172274,-73.98802084,289908
2019-12-09,40.72217444,-73.98368779,289908
2019-12-09,40.71427487,-73.98990025,289909
2019-12-09,40.71602118,-73.99974372,289909
2019-12-09,40.71406667,-73.99293911,289910
2019-12-09,40.72299208,-73.97995466,289910
2019-12-09,40.76500525,-73.95818491,289911
2019-12-09,40.739445,-73.976806,289911
2019-12-09,40.8109494,-73.9634,289912
2019-12-09,40.805973,-73.964928,289912
2019-12-09,40.73331967,-73.99510132,289913
2019-12-09,40.73172428,-74.00674436,289913
2019-12-09,40.71269042,-73.98776323,289914
2019-12-09,40.73454567,-73.99074142,289914
2019-12-09,40.6829151,-73.99318208,289915
2019-12-09,40.6750705,-73.98775226,289915
2019-12-09,40.7454973,-74.00197139,289916
2019-12-09,40.74311555376486,-73.98215353488922,289916
2019-12-09,40.74780373,-73.9734419,289917
2019-12-09,40.75510267,-73.97498696,289917
2019-12-09,40.70862144,-74.00722156,289918
2019-12-09,40.73704984,-73.99009296,289918
2019-12-09,40.718822,-73.99596,289919
2019-12-09,40.71427487,-73.98990025,289919
2019-12-09,40.70355377,-74.00670227,289920
2019-12-09,40.70530954,-74.00612572,289920
2019-12-09,40.77492513,-73.98266566,289921
2019-12-09,40.7785669,-73.97754961,289921
2019-12-09,40.72621788,-73.98379855,289922
2019-12-09,40.72299208,-73.97995466,289922
2019-12-09,40.73704984,-73.99009296,289923
2019-12-09,40.72317958,-73.99480012,289923
2019-12-09,40.69671,-73.92807,289924
2019-12-09,40.697842,-73.926241,289924
2019-12-09,40.75323098,-73.97032517,289925
2019-12-09,40.7568001,-73.98291153,289925
2019-12-09,40.7505853470215,-73.9946848154068,289926
2019-12-09,40.751396,-74.005226,289926
2019-12-09,40.7770575,-73.97898475,289927
2019-12-09,40.7919557,-73.968087,289927
2019-12-09,40.76780080148132,-73.96592080593109,289928
2019-12-09,40.7835016,-73.955327,289928
2019-12-09,40.749156,-73.9916,289929
2019-12-09,40.7403432,-73.98955109,289929
2019-12-09,40.70717936,-74.00887308,289930
2019-12-09,40.717571,-74.005549,289930
2019-12-09,40.74708586,-73.94977234,289931
2019-12-09,40.73555,-73.95284,289931
2019-12-09,40.68940747,-73.96885458,289932
2019-12-09,40.6691783,-73.9554162,289932
2019-12-09,40.75660359,-73.9979009,289933
2019-12-09,40.73704984,-73.99009296,289933
2019-12-09,40.70569254,-74.01677685,289934
2019-12-09,40.71485150526252,-74.01122331619263,289934
2019-12-09,40.72621788,-73.98379855,289935
2019-12-09,40.72521311,-73.97768752,289935
2019-12-09,40.72706363348306,-73.99662137031554,289936
2019-12-09,40.734814,-73.992085,289936
2019-12-09,40.71739973,-73.98016555,289937
2019-12-09,40.71926081,-73.98178024,289937
2019-12-09,40.6851443,-73.95380904,289938
2019-12-09,40.686203,-73.944694,289938
2019-12-09,40.76370739,-73.9851615,289939
2019-12-09,40.73532427,-73.99800419,289939
2019-12-09,40.722103786686034,-73.99724900722504,289940
2019-12-09,40.724308321602166,-74.00473035871983,289940
2019-12-09,40.71427487,-73.98990025,289941
2019-12-09,40.72966729392978,-73.98067966103554,289941
2019-12-09,40.6750705,-73.98775226,289942
2019-12-09,40.68940747,-73.96885458,289942
2019-12-09,40.74096374,-73.98602213,289943
2019-12-09,40.7390169121,-74.0026376103,289943
2019-12-09,40.74691959,-74.00451887,289944
2019-12-09,40.74286877312112,-73.98918628692627,289944
2019-12-09,40.72521311,-73.97768752,289945
2019-12-09,40.73587678,-73.98205027,289945
2019-12-09,40.75934501,-73.96759673,289946
2019-12-09,40.75797322,-73.96603308,289946
2019-12-09,40.75797322,-73.96603308,289947
2019-12-09,40.75934501,-73.96759673,289947
2019-12-09,40.746647,-73.993915,289948
2019-12-09,40.7403432,-73.98955109,289948
2019-12-09,40.71406667,-73.99293911,289949
2019-12-09,40.71427487,-73.98990025,289949
2019-12-09,40.749717753,-74.002950346,289950
2019-12-09,40.74487634,-73.99529885,289950
2019-12-09,40.71605866,-73.99190759,289951
2019-12-09,40.71427487,-73.98990025,289951
2019-12-09,40.6728155,-73.98352355,289952
2019-12-09,40.68506807308177,-73.97790759801863,289952
2019-12-09,40.74096374,-73.98602213,289953
2019-12-09,40.75724567911726,-73.97805914282799,289953
2019-12-09,40.70905623,-74.01043382,289954
2019-12-09,40.72706363348306,-73.99662137031554,289954
2019-12-09,40.74765947,-73.98490707,289955
2019-12-09,40.74322681432173,-73.97449783980846,289955
2019-12-09,40.72951496224949,-73.99075269699097,289956
2019-12-09,40.72621788,-73.98379855,289956
2019-12-09,40.71450451,-74.00562789,289957
2019-12-09,40.72019521437465,-74.0103006362915,289957
2019-12-09,40.73624527,-73.98473765,289958
2019-12-09,40.71406667,-73.99293911,289958
2019-12-09,40.72521311,-73.97768752,289959
2019-12-09,40.74394314,-73.97966069,289959
2019-12-09,40.7158155,-73.99422366,289960
2019-12-09,40.72217444,-73.98368779,289960
2019-12-09,40.77118287540658,-73.96409422159195,289961
2019-12-09,40.77118287540658,-73.96409422159195,289961
2019-12-09,40.73047309,-73.98672378,289962
2019-12-09,40.73454567,-73.99074142,289962
2019-12-09,40.75992262,-73.97648516,289963
2019-12-09,40.75640548,-73.9900262,289963
2019-12-09,40.73143724085228,-73.99490341544151,289964
2019-12-09,40.7462009,-73.98855723,289964
2019-12-09,40.74286877312112,-73.98918628692627,289965
2019-12-09,40.7381765,-73.97738662,289965
2019-12-09,40.7919557,-73.968087,289966
2019-12-09,40.77149671054441,-73.99046033620834,289966
2019-12-09,40.7208736,-73.98085795,289967
2019-12-09,40.72951496224949,-73.99075269699097,289967
2019-12-09,40.74286877312112,-73.98918628692627,289968
2019-12-09,40.74286877312112,-73.98918628692627,289968
2019-12-09,40.72362738,-73.99949601,289969
2019-12-09,40.72903917,-73.99404649,289969
2019-12-09,40.75038009,-73.98338988,289970
2019-12-09,40.77966809007312,-73.98093044757842,289970
2019-12-09,40.75934501,-73.96759673,289971
2019-12-09,40.761573,-73.972628,289971
2019-12-09,40.6703837,-73.97839676,289972
2019-12-09,40.6772744,-73.98282002,289972
2019-12-09,40.74290902,-73.97706058,289973
2019-12-09,40.7457121,-73.98194829,289973
2019-12-09,40.70905623,-74.01043382,289974
2019-12-09,40.711512,-74.015756,289974
2019-12-09,40.79406660818552,-73.96286845207214,289975
2019-12-09,40.7691572,-73.96703464,289975
2019-12-09,40.74395411,-73.99144871,289976
2019-12-09,40.7390169121,-74.0026376103,289976
2019-12-09,40.74395411,-73.99144871,289977
2019-12-09,40.73038599,-74.00214988,289977
2019-12-09,40.7779453,-73.946041,289978
2019-12-09,40.78813,-73.95206,289978
2019-12-09,40.76344058,-73.98268129,289979
2019-12-09,40.7919557,-73.968087,289979
2019-12-09,40.74096374,-73.98602213,289980
2019-12-09,40.735367055605394,-73.98797392845154,289980
2019-12-09,40.71870987,-74.0090009,289981
2019-12-09,40.73401143,-74.00293877,289981
2019-12-09,40.6729679,-73.97087984,289982
2019-12-09,40.6795766,-73.97854971,289982
2019-12-09,40.7919557,-73.968087,289983
2019-12-09,40.78839,-73.9747,289983
2019-12-09,40.73944820130404,-74.00507032871246,289984
2019-12-09,40.72903917,-73.99404649,289984
2019-12-09,40.74734825,-73.99723551,289985
2019-12-09,40.72110063,-73.9919254,289985
2019-12-09,40.72019521437465,-74.0103006362915,289986
2019-12-09,40.71485150526252,-74.01122331619263,289986
2019-12-09,40.72362738,-73.99949601,289987
2019-12-09,40.73401143,-74.00293877,289987
2019-12-09,40.6705135,-73.98876585,289988
2019-12-09,40.68312489,-73.97895137,289988
2019-12-09,40.71816969454208,-73.95520135760307,289989
2019-12-09,40.711863,-73.944024,289989
2019-12-09,40.79406660818552,-73.96286845207214,289990
2019-12-09,40.7691572,-73.96703464,289990
2019-12-09,40.713126,-73.984844,289991
2019-12-09,40.718822,-73.99596,289991
2019-12-09,40.8114323,-73.9518776,289992
2019-12-09,40.7949879,-73.9333349,289992
2019-12-09,40.69196566,-73.9813018,289993
2019-12-09,40.6853761,-73.98302136,289993
2019-12-09,40.74334935,-74.00681753,289994
2019-12-09,40.74096374,-73.98602213,289994
2019-12-09,40.735367055605394,-73.98797392845154,289995
2019-12-09,40.73704984,-73.99009296,289995
2019-12-09,40.68650065,-73.96563307,289996
2019-12-09,40.68506807308177,-73.97790759801863,289996
2019-12-09,40.686203,-73.944694,289997
2019-12-09,40.6809833854,-73.9500479759,289997
2019-12-09,40.74286877312112,-73.98918628692627,289998
2019-12-09,40.7381765,-73.97738662,289998
2019-12-09,40.74734825,-73.99723551,289999
2019-12-09,40.75066386,-74.00176802,289999
2019-12-09,40.763189,-73.978434,290000
2019-12-09,40.7597108,-73.97402311,290000
2019-12-09,40.68216564,-73.95399026,290001
2019-12-09,40.6867443,-73.99063168,290001
2019-12-09,40.75513557,-73.98658032,290002
2019-12-09,40.75466591,-73.99138152,290002
2019-12-09,40.75500254,-73.98014437,290003
2019-12-09,40.76019252,-73.9912551,290003
2019-12-09,40.74901271,-73.98848395,290004
2019-12-09,40.7451677,-73.98683077,290004
2019-12-09,40.73971301,-73.99456405,290005
2019-12-09,40.751396,-74.005226,290005
2019-12-09,40.73587678,-73.98205027,290006
2019-12-09,40.74290902,-73.97706058,290006
2019-12-09,40.77515953434235,-73.98918695747852,290007
2019-12-09,40.77492513,-73.98266566,290007
2019-12-09,40.76590936,-73.97634151,290008
2019-12-09,40.77748046,-73.98288594,290008
2019-12-09,40.710451,-73.960876,290009
2019-12-09,40.72079821,-73.95484712,290009
2019-12-09,40.74286877312112,-73.98918628692627,290010
2019-12-09,40.73331967,-73.99510132,290010
2019-12-09,40.73381219196632,-73.98054420948029,290011
2019-12-09,40.73401143,-74.00293877,290011
2019-12-09,40.74734825,-73.99723551,290012
2019-12-09,40.746745,-74.007756,290012
2019-12-09,40.71910537,-73.99973337,290013
2019-12-09,40.71605866,-73.99190759,290013
2019-12-09,40.71469,-73.95739,290014
2019-12-09,40.73232194,-73.9550858,290014
2019-12-09,40.70905623,-74.01043382,290015
2019-12-09,40.71625008,-74.0091059,290015
2019-12-09,40.76350532,-73.97109243,290016
2019-12-09,40.75724567911726,-73.97805914282799,290016
2019-12-09,40.76009437,-73.99461843,290017
2019-12-09,40.76915505,-73.98191841,290017
2019-12-09,40.74901271,-73.98848395,290018
2019-12-09,40.75066386,-74.00176802,290018
2019-12-09,40.73269,-73.98974,290019
2019-12-09,40.73143724085228,-73.99490341544151,290019
2019-12-09,40.72494672359416,-74.00165855884552,290020
2019-12-09,40.72317958,-73.99480012,290020
2019-12-09,40.70955958,-74.00653609,290021
2019-12-09,40.7172274,-73.98802084,290021
2019-12-09,40.749717753,-74.002950346,290022
2019-12-09,40.72066442,-73.98517977,290022
2019-12-09,40.75466591,-73.99138152,290023
2019-12-09,40.76019252,-73.9912551,290023
2019-12-09,40.71910537,-73.99973337,290024
2019-12-09,40.7284186,-73.98713956,290024
2019-12-09,40.7454973,-74.00197139,290025
2019-12-09,40.734814,-73.992085,290025
2019-12-09,40.73704984,-73.99009296,290026
2019-12-09,40.741459,-73.983293,290026
2019-12-09,40.74780373,-73.9734419,290027
2019-12-09,40.74144387,-73.97536082,290027
2019-12-09,40.7667405590595,-73.9790689945221,290028
2019-12-09,40.75992262,-73.97648516,290028
2019-12-09,40.74173969,-73.99415556,290029
2019-12-09,40.73454567,-73.99074142,290029
2019-12-09,40.72502876,-73.99069656,290030
2019-12-09,40.72710258,-74.00297088,290030
2019-12-09,40.75797322,-73.96603308,290031
2019-12-09,40.75934501,-73.96759673,290031
2019-12-09,40.68506807308177,-73.97790759801863,290032
2019-12-09,40.68926942,-73.98912867,290032
2019-12-09,40.7457121,-73.98194829,290033
2019-12-09,40.74311555376486,-73.98215353488922,290033
2019-12-09,40.71485150526252,-74.01122331619263,290034
2019-12-09,40.711512,-74.015756,290034
2019-12-09,40.74394314,-73.97966069,290035
2019-12-09,40.74964,-73.98805,290035
2019-12-09,40.746647,-73.993915,290036
2019-12-09,40.74317449,-74.00366443,290036
2019-12-09,40.7457121,-73.98194829,290037
2019-12-09,40.74901271,-73.98848395,290037
2019-12-09,40.76727216,-73.99392888,290038
2019-12-09,40.76727216,-73.99392888,290038
2019-12-09,40.74394314,-73.97966069,290039
2019-12-09,40.73381219196632,-73.98054420948029,290039
2019-12-09,40.74487634,-73.99529885,290040
2019-12-09,40.77515953434235,-73.98918695747852,290040
2019-12-09,40.73781509,-73.99994661,290041
2019-12-09,40.73314259,-73.97573881,290041
2019-12-09,40.75640548,-73.9900262,290042
2019-12-09,40.77579376683666,-73.9762057363987,290042
2019-12-09,40.72917025,-73.99810231,290043
2019-12-09,40.76087502,-74.00277668,290043
2019-12-09,40.71559509,-73.9870295,290044
2019-12-09,40.71219906,-73.97948148,290044
2019-12-09,40.75640548,-73.9900262,290045
2019-12-09,40.77579376683666,-73.9762057363987,290045
2019-12-09,40.677236,-74.015665,290046
2019-12-09,40.6847514,-73.99917254,290046
2019-12-09,40.7475739589548,-73.9788007736206,290047
2019-12-09,40.75255434,-73.97282625,290047
2019-12-09,40.7172274,-73.98802084,290048
2019-12-09,40.7208736,-73.98085795,290048
2019-12-09,40.75466591,-73.99138152,290049
2019-12-09,40.754120810779256,-73.98025184869766,290049
2019-12-09,40.75640548,-73.9900262,290050
2019-12-09,40.77579376683666,-73.9762057363987,290050
2019-12-09,40.72228087,-73.97668709,290051
2019-12-09,40.71893904,-73.99266288,290051
2019-12-09,40.7973721,-73.97041192,290052
2019-12-09,40.805159,-73.954692,290052
2019-12-09,40.71907891179564,-73.94223690032959,290053
2019-12-09,40.72311651,-73.95212324,290053
2019-12-09,40.73912601,-73.97973776,290054
2019-12-09,40.74322681432173,-73.97449783980846,290054
2019-12-09,40.73221853,-73.98165557,290055
2019-12-09,40.739445,-73.976806,290055
2019-12-09,40.71559509,-73.9870295,290056
2019-12-09,40.73381219196632,-73.98054420948029,290056
2019-12-09,40.78499979,-73.97283406,290057
2019-12-09,40.7882213,-73.97041561,290057
2019-12-09,40.722103786686034,-73.99724900722504,290058
2019-12-09,40.735445,-73.99431,290058
2019-12-09,40.70255088,-73.98940236,290059
2019-12-09,40.6853761,-73.98302136,290059
2019-12-09,40.74173969,-73.99415556,290060
2019-12-09,40.746647,-73.993915,290060
2019-12-09,40.71494807,-74.00234482,290061
2019-12-09,40.71754834,-74.01322069,290061
2019-12-09,40.73314259,-73.97573881,290062
2019-12-09,40.73314259,-73.97573881,290062
2019-12-09,40.70355377,-74.00670227,290063
2019-12-09,40.70530954,-74.00612572,290063
2019-12-09,40.74144387,-73.97536082,290064
2019-12-09,40.734232,-73.986923,290064
2019-12-09,40.722103786686034,-73.99724900722504,290065
2019-12-09,40.73704984,-73.99009296,290065
2019-12-09,40.74691959,-74.00451887,290066
2019-12-09,40.74734825,-73.99723551,290066
2019-12-09,40.71146364,-74.00552427,290067
2019-12-09,40.711512,-74.015756,290067
2019-12-09,40.74311555376486,-73.98215353488922,290068
2019-12-09,40.74311555376486,-73.98215353488922,290068
2019-12-09,40.71745169,-73.95850939,290069
2019-12-09,40.711863,-73.944024,290069
2019-12-09,40.7734066,-73.97782542,290070
2019-12-09,40.7652654,-73.98192338,290070
2019-12-09,40.79017948095081,-73.97288918495178,290071
2019-12-09,40.77579376683666,-73.9762057363987,290071
2019-12-09,40.75640548,-73.9900262,290072
2019-12-09,40.7568001,-73.98291153,290072
2019-12-09,40.735238,-74.000271,290073
2019-12-09,40.74177603,-74.00149746,290073
2019-12-09,40.741459,-73.983293,290074
2019-12-09,40.72521311,-73.97768752,290074
2019-12-09,40.736502,-73.97809472,290075
2019-12-09,40.7462009,-73.98855723,290075
2019-12-09,40.74322681432173,-73.97449783980846,290076
2019-12-09,40.739445,-73.976806,290076
2019-12-09,40.746745,-74.007756,290077
2019-12-09,40.76030096,-73.99884222,290077
2019-12-09,40.76068327096592,-73.9845272898674,290078
2019-12-09,40.75500254,-73.98014437,290078
2019-12-09,40.6794327,-74.00785041,290079
2019-12-09,40.6847514,-73.99917254,290079
2019-12-09,40.76030096,-73.99884222,290080
2019-12-09,40.76009437,-73.99461843,290080
2019-12-09,40.75299641,-73.98721619,290081
2019-12-09,40.754120810779256,-73.98025184869766,290081
2019-12-09,40.716887,-73.963198,290082
2019-12-09,40.69196035,-73.96536851,290082
2019-12-09,40.751873,-73.977706,290083
2019-12-09,40.7652654,-73.98192338,290083
2019-12-09,40.69573398,-73.97129668,290084
2019-12-09,40.69573398,-73.97129668,290084
2019-12-09,40.6828003,-73.99990419,290085
2019-12-09,40.6847514,-73.99917254,290085
2019-12-09,40.7829391,-73.9786517,290086
2019-12-09,40.76727216,-73.99392888,290086
2019-12-09,40.75466591,-73.99138152,290087
2019-12-09,40.72951496224949,-73.99075269699097,290087
2019-12-09,40.718822,-73.99596,290088
2019-12-09,40.71739973,-73.98016555,290088
2019-12-09,40.74780373,-73.9734419,290089
2019-12-09,40.75323098,-73.97032517,290089
2019-12-09,40.76370739,-73.9851615,290090
2019-12-09,40.76360467795863,-73.98917958140373,290090
2019-12-09,40.76341379,-73.99667444,290091
2019-12-09,40.7575699,-73.99098507,290091
2019-12-09,40.7208736,-73.98085795,290092
2019-12-09,40.720747,-73.986274,290092
2019-12-09,40.718822,-73.99596,290093
2019-12-09,40.72621788,-73.98379855,290093
2019-12-09,40.7699176,-73.9184057,290094
2019-12-09,40.756913,-73.921631,290094
2019-12-09,40.67267243410948,-74.0087952464819,290095
2019-12-09,40.6746957,-73.99785768,290095
2019-12-09,40.751551,-73.993934,290096
2019-12-09,40.768254,-73.988639,290096
2019-12-09,40.7361967,-74.00859207,290097
2019-12-09,40.7361967,-74.00859207,290097
2019-12-09,40.72494672359416,-74.00165855884552,290098
2019-12-09,40.75038009,-73.98338988,290098
2019-12-09,40.7724607,-73.9468208,290099
2019-12-09,40.76873687,-73.96119945,290099
2019-12-09,40.75001986,-73.96905301,290100
2019-12-09,40.74290902,-73.97706058,290100
2019-12-09,40.75466591,-73.99138152,290101
2019-12-09,40.76030096,-73.99884222,290101
2019-12-09,40.68676793,-73.95928168,290102
2019-12-09,40.69196566,-73.9813018,290102
2019-12-09,40.791976,-73.945993,290103
2019-12-09,40.8045555,-73.9396861,290103
2019-12-09,40.713126,-73.984844,290104
2019-12-09,40.71427487,-73.98990025,290104
2019-12-09,40.71602118,-73.99974372,290105
2019-12-09,40.71291224,-74.01020234,290105
2019-12-09,40.72917025,-73.99810231,290106
2019-12-09,40.72743423,-73.99379025,290106
2019-12-09,40.73221853,-73.98165557,290107
2019-12-09,40.74780373,-73.9734419,290107
2019-12-09,40.76269882,-73.99301222,290108
2019-12-09,40.75001986,-73.96905301,290108
2019-12-09,40.74901271,-73.98848395,290109
2019-12-09,40.73224119,-74.00026394,290109
2019-12-09,40.75466591,-73.99138152,290110
2019-12-09,40.76360467795863,-73.98917958140373,290110
2019-12-09,40.736502,-73.97809472,290111
2019-12-09,40.7403432,-73.98955109,290111
2019-12-09,40.7390169121,-74.0026376103,290112
2019-12-09,40.734814,-73.992085,290112
2019-12-09,40.754691750226016,-73.99740189313889,290113
2019-12-09,40.75097711,-73.98765428,290113
2019-12-09,40.73726186,-73.99238967,290114
2019-12-09,40.74173969,-73.99415556,290114
2019-12-09,40.7612274,-73.96094022,290115
2019-12-09,40.7568001,-73.98291153,290115
2019-12-09,40.71850211,-73.98329859,290116
2019-12-09,40.7284186,-73.98713956,290116
2019-12-09,40.72621788,-73.98379855,290117
2019-12-09,40.73020660529954,-73.99102628231049,290117
2019-12-09,40.7961535,-73.94782145,290118
2019-12-09,40.799484,-73.955613,290118
2019-12-09,40.76030096,-73.99884222,290119
2019-12-09,40.751551,-73.993934,290119
2019-12-09,40.72917025,-73.99810231,290120
2019-12-09,40.71850211,-73.98329859,290120
2019-12-09,40.70877084,-73.95095259,290121
2019-12-09,40.711863,-73.944024,290121
2019-12-09,40.7728384,-73.94989233,290122
2019-12-09,40.77862688,-73.95772073,290122
2019-12-09,40.7454973,-74.00197139,290123
2019-12-09,40.746647,-73.993915,290123
2019-12-09,40.7612274,-73.96094022,290124
2019-12-09,40.7839636,-73.9471673,290124
2019-12-09,40.69221589,-73.9842844,290125
2019-12-09,40.6827549,-73.98258555,290125
2019-12-09,40.70706456,-74.00731853,290126
2019-12-09,40.72521311,-73.97768752,290126
2019-12-09,40.74901271,-73.98848395,290127
2019-12-09,40.782593,-73.971211,290127
2019-12-09,40.711066,-74.009447,290128
2019-12-09,40.70530954,-74.00612572,290128
2019-12-09,40.75323098,-73.97032517,290129
2019-12-09,40.76095756,-73.96724467,290129
2019-12-09,40.72299208,-73.97995466,290130
2019-12-09,40.72966729392978,-73.98067966103554,290130
2019-12-09,40.74734825,-73.99723551,290131
2019-12-09,40.749717753,-74.002950346,290131
2019-12-09,40.7568001,-73.98291153,290132
2019-12-09,40.7489006,-73.97604882,290132
2019-12-09,40.768254,-73.988639,290133
2019-12-09,40.754691750226016,-73.99740189313889,290133
2019-12-09,40.74177603,-74.00149746,290134
2019-12-09,40.7262807,-73.98978041,290134
2019-12-09,40.77748046,-73.98288594,290135
2019-12-09,40.76019252,-73.9912551,290135
2019-12-09,40.74286877312112,-73.98918628692627,290136
2019-12-09,40.74444921,-73.98303529,290136
2019-12-09,40.73143724085228,-73.99490341544151,290137
2019-12-09,40.72953837,-73.98426726,290137
2019-12-09,40.71427487,-73.98990025,290138
2019-12-09,40.72066442,-73.98517977,290138
2019-12-09,40.76132983124814,-73.97982001304626,290139
2019-12-09,40.76227205,-73.98788205,290139
2019-12-09,40.8086249,-73.9596214,290140
2019-12-09,40.818299,-73.960405,290140
2019-12-09,40.666287,-73.98895053,290141
2019-12-09,40.677027,-73.9865,290141
2019-12-09,40.748,-73.9460927,290142
2019-12-09,40.748,-73.9460927,290142
2019-12-09,40.7475739589548,-73.9788007736206,290143
2019-12-09,40.74394314,-73.97966069,290143
2019-12-09,40.75934501,-73.96759673,290144
2019-12-09,40.75797322,-73.96603308,290144
2019-12-09,40.6845683,-73.95881081,290145
2019-12-09,40.68676793,-73.95928168,290145
2019-12-09,40.71291224,-74.01020234,290146
2019-12-09,40.717571,-74.005549,290146
2019-12-09,40.73704984,-73.99009296,290147
2019-12-09,40.735367055605394,-73.98797392845154,290147
2019-12-09,40.73704984,-73.99009296,290148
2019-12-09,40.746745,-74.007756,290148
2019-12-09,40.7687620293096,-73.95840793848038,290149
2019-12-09,40.7724607,-73.9468208,290149
2019-12-09,40.72082834,-73.97793172,290150
2019-12-09,40.7037992,-74.00838676,290150
2019-12-09,40.74487634,-73.99529885,290151
2019-12-09,40.7505853470215,-73.9946848154068,290151
2019-12-09,40.68506807308177,-73.97790759801863,290152
2019-12-09,40.70255088,-73.98940236,290152
2019-12-09,40.76132983124814,-73.97982001304626,290153
2019-12-09,40.76370739,-73.9851615,290153
2019-12-09,40.74691959,-74.00451887,290154
2019-12-09,40.72917025,-73.99810231,290154
2019-12-09,40.71745169,-73.95850939,290155
2019-12-09,40.716887,-73.963198,290155
2019-12-09,40.78145,-73.9183302,290156
2019-12-09,40.7659,-73.930819,290156
2019-12-09,40.73971301,-73.99456405,290157
2019-12-09,40.746745,-74.007756,290157
2019-12-09,40.74475148,-73.99915362,290158
2019-12-09,40.746745,-74.007756,290158
2019-12-09,40.73704984,-73.99009296,290159
2019-12-09,40.746745,-74.007756,290159
2019-12-09,40.74290902,-73.97706058,290160
2019-12-09,40.72453734,-73.98185424,290160
2019-12-09,40.791976,-73.945993,290161
2019-12-09,40.7954121,-73.9441232,290161
2019-12-09,40.778301,-73.9488134,290162
2019-12-09,40.7877214,-73.94728331,290162
2019-12-09,40.746647,-73.993915,290163
2019-12-09,40.79017948095081,-73.97288918495178,290163
2019-12-09,40.72019521437465,-74.0103006362915,290164
2019-12-09,40.7153379,-74.01658354,290164
2019-12-09,40.76312584,-73.96526895,290165
2019-12-09,40.73912601,-73.97973776,290165
2019-12-09,40.73726186,-73.99238967,290166
2019-12-09,40.736502,-73.97809472,290166
2019-12-09,40.741459,-73.983293,290167
2019-12-09,40.74286877312112,-73.98918628692627,290167
2019-12-09,40.76068327096592,-73.9845272898674,290168
2019-12-09,40.76030096,-73.99884222,290168
2019-12-09,40.71485150526252,-74.01122331619263,290169
2019-12-09,40.70834698,-74.01713445,290169
2019-12-09,40.722103786686034,-73.99724900722504,290170
2019-12-09,40.728846,-74.008591,290170
2019-12-09,40.71269042,-73.98776323,290171
2019-12-09,40.7381765,-73.97738662,290171
2019-12-09,40.72903917,-73.99404649,290172
2019-12-09,40.7208736,-73.98085795,290172
2019-12-09,40.68382604,-73.97632328,290173
2019-12-09,40.6804836,-73.9646795,290173
2019-12-09,40.7724607,-73.9468208,290174
2019-12-09,40.77118287540658,-73.96409422159195,290174
2019-12-09,40.75466591,-73.99138152,290175
2019-12-09,40.738046142482766,-73.99642959237099,290175
2019-12-09,40.7770575,-73.97898475,290176
2019-12-09,40.7922553,-73.95249933,290176
2019-12-09,40.77748046,-73.98288594,290177
2019-12-09,40.77579376683666,-73.9762057363987,290177
2019-12-09,40.7699426,-73.96060712,290178
2019-12-09,40.7779453,-73.946041,290178
2019-12-09,40.73781509,-73.99994661,290179
2019-12-09,40.73143724085228,-73.99490341544151,290179
2019-12-09,40.711066,-74.009447,290180
2019-12-09,40.71450451,-74.00562789,290180
2019-12-09,40.73532427,-73.99800419,290181
2019-12-09,40.74286877312112,-73.98918628692627,290181
2019-12-09,40.7882213,-73.97041561,290182
2019-12-09,40.77492513,-73.98266566,290182
2019-12-09,40.739445,-73.976806,290183
2019-12-09,40.73221853,-73.98165557,290183
2019-12-09,40.77112927,-73.95772297,290184
2019-12-09,40.7779453,-73.946041,290184
2019-12-09,40.71939226,-74.00247214,290185
2019-12-09,40.71602118,-73.99974372,290185
2019-12-09,40.736502,-73.97809472,290186
2019-12-09,40.74395411,-73.99144871,290186
2019-12-09,40.756913,-73.921631,290187
2019-12-09,40.7656251,-73.9136695,290187
2019-12-09,40.7691572,-73.96703464,290188
2019-12-09,40.751581,-73.97791,290188
2019-12-09,40.766368,-73.971518,290189
2019-12-09,40.75724567911726,-73.97805914282799,290189
2019-12-09,40.74780373,-73.9734419,290190
2019-12-09,40.751551,-73.993934,290190
2019-12-09,40.736502,-73.97809472,290191
2019-12-09,40.73314259,-73.97573881,290191
2019-12-09,40.78720869,-73.98128127,290192
2019-12-09,40.7941654,-73.974124,290192
2019-12-09,40.6894932,-73.942061,290193
2019-12-09,40.7190095,-73.95852515,290193
2019-12-09,40.741459,-73.983293,290194
2019-12-09,40.74964,-73.98805,290194
2019-12-09,40.71911552,-74.00666661,290195
2019-12-09,40.72917025,-73.99810231,290195
2019-12-09,40.7633589,-73.9286471,290196
2019-12-09,40.7668,-73.9347774,290196
2019-12-09,40.72456089,-73.99565293,290197
2019-12-09,40.72243797,-74.00566443,290197
2019-12-09,40.73587678,-73.98205027,290198
2019-12-09,40.666287,-73.98895053,290198
2019-12-09,40.749156,-73.9916,290199
2019-12-09,40.751873,-73.977706,290199
2019-12-09,40.746647,-73.993915,290200
2019-12-09,40.75640548,-73.9900262,290200
2019-12-09,40.734814,-73.992085,290201
2019-12-09,40.72966729392978,-73.98067966103554,290201
2019-12-09,40.72019576,-73.98997825,290202
2019-12-09,40.71910537,-73.99973337,290202
2019-12-09,40.69236178,-73.98631746,290203
2019-12-09,40.69474881,-73.98362464,290203
2019-12-09,40.766368,-73.971518,290204
2019-12-09,40.7922553,-73.95249933,290204
2019-12-09,40.74444921,-73.98303529,290205
2019-12-09,40.76370739,-73.9851615,290205
2019-12-09,40.74286877312112,-73.98918628692627,290206
2019-12-09,40.74475148,-73.99915362,290206
2019-12-09,40.6729679,-73.97087984,290207
2019-12-09,40.6662078,-73.98199886,290207
2019-12-09,40.68851534,-73.9647628,290208
2019-12-09,40.69196566,-73.9813018,290208
2019-12-09,40.73532427,-73.99800419,290209
2019-12-09,40.735445,-73.99431,290209
2019-12-09,40.74173969,-73.99415556,290210
2019-12-09,40.768254,-73.988639,290210
2019-12-09,40.75019995,-73.99093085,290211
2019-12-09,40.75724567911726,-73.97805914282799,290211
2019-12-09,40.716887,-73.963198,290212
2019-12-09,40.7190095,-73.95852515,290212
2019-12-09,40.73535398,-74.00483091,290213
2019-12-09,40.746647,-73.993915,290213
2019-12-09,40.8008363,-73.9664492472,290214
2019-12-09,40.782593,-73.971211,290214
2019-12-09,40.75714758,-73.97207836,290215
2019-12-09,40.738046142482766,-73.99642959237099,290215
2019-12-09,40.766368,-73.971518,290216
2019-12-09,40.75724567911726,-73.97805914282799,290216
2019-12-09,40.73726186,-73.99238967,290217
2019-12-09,40.74395411,-73.99144871,290217
2019-12-09,40.71605866,-73.99190759,290218
2019-12-09,40.71605866,-73.99190759,290218
2019-12-09,40.74334935,-74.00681753,290219
2019-12-09,40.73726186,-73.99238967,290219
2019-12-09,40.72779126,-73.98564945,290220
2019-12-09,40.72317958,-73.99480012,290220
2019-12-09,40.754691750226016,-73.99740189313889,290221
2019-12-09,40.75172632,-73.98753523,290221
2019-12-09,40.717571,-74.005549,290222
2019-12-09,40.72917025,-73.99810231,290222
2019-12-09,40.74780373,-73.9734419,290223
2019-12-09,40.75038009,-73.98338988,290223
2019-12-09,40.7462009,-73.98855723,290224
2019-12-09,40.74475148,-73.99915362,290224
2019-12-09,40.74765947,-73.98490707,290225
2019-12-09,40.74286877312112,-73.98918628692627,290225
2019-12-09,40.715143,-73.944507,290226
2019-12-09,40.71929301,-73.94500379,290226
2019-12-09,40.73221853,-73.98165557,290227
2019-12-09,40.741459,-73.983293,290227
2019-12-09,40.70569254,-74.01677685,290228
2019-12-09,40.74487634,-73.99529885,290228
2019-12-09,40.74311555376486,-73.98215353488922,290229
2019-12-09,40.74395411,-73.99144871,290229
2019-12-09,40.7987859,-73.9523,290230
2019-12-09,40.7734066,-73.97782542,290230
2019-12-09,40.75299641,-73.98721619,290231
2019-12-09,40.7568001,-73.98291153,290231
2019-12-09,40.72621788,-73.98379855,290232
2019-12-09,40.7262807,-73.98978041,290232
2019-12-09,40.71559509,-73.9870295,290233
2019-12-09,40.714211,-73.981095,290233
2019-12-09,40.746745,-74.007756,290234
2019-12-09,40.72362738,-73.99949601,290234
2019-12-09,40.711066,-74.009447,290235
2019-12-09,40.71559509,-73.9870295,290235
2019-12-09,40.7435337324616,-74.00367558002472,290236
2019-12-09,40.7390169121,-74.0026376103,290236
2019-12-09,40.704876,-73.919911,290237
2019-12-09,40.707165,-73.923711,290237
2019-12-09,40.6750207,-73.97111473,290238
2019-12-09,40.68506807308177,-73.97790759801863,290238
2019-12-09,40.74177603,-74.00149746,290239
2019-12-09,40.74334935,-74.00681753,290239
2019-12-09,40.73624527,-73.98473765,290240
2019-12-09,40.736502,-73.97809472,290240
2019-12-09,40.71494807,-74.00234482,290241
2019-12-09,40.72317958,-73.99480012,290241
2019-12-09,40.75640548,-73.9900262,290242
2019-12-09,40.76727216,-73.99392888,290242
2019-12-09,40.763189,-73.978434,290243
2019-12-09,40.73971301,-73.99456405,290243
2019-12-09,40.75640548,-73.9900262,290244
2019-12-09,40.75640548,-73.9900262,290244
2019-12-09,40.69165183,-73.9999786,290245
2019-12-09,40.68461653897949,-73.98721285164356,290245
2019-12-09,40.74475148,-73.99915362,290246
2019-12-09,40.74286877312112,-73.98918628692627,290246
2019-12-09,40.71915571696044,-73.94885390996933,290247
2019-12-09,40.73026,-73.95394,290247
2019-12-09,40.736502,-73.97809472,290248
2019-12-09,40.74311555376486,-73.98215353488922,290248
2019-12-09,40.707174,-73.93581,290249
2019-12-09,40.711863,-73.944024,290249
2019-12-09,40.73912601,-73.97973776,290250
2019-12-09,40.749156,-73.9916,290250
2019-12-09,40.70905623,-74.01043382,290251
2019-12-09,40.72779126,-73.98564945,290251
2019-12-09,40.6787242,-73.99599099,290252
2019-12-09,40.6867443,-73.99063168,290252
2019-12-09,40.7781314,-73.96069399,290253
2019-12-09,40.76350532,-73.97109243,290253
2019-12-09,40.682601,-73.938037,290254
2019-12-09,40.68962188790333,-73.98304268717766,290254
2019-12-09,40.6777287,-73.99364123,290255
2019-12-09,40.6750705,-73.98775226,290255
2019-12-09,40.722055,-73.989111,290256
2019-12-09,40.73781509,-73.99994661,290256
2019-12-09,40.71534825,-73.96024116,290257
2019-12-09,40.71773,-73.94051,290257
2019-12-09,40.746647,-73.993915,290258
2019-12-09,40.7403432,-73.98955109,290258
2019-12-09,40.7734066,-73.97782542,290259
2019-12-09,40.7667405590595,-73.9790689945221,290259
2019-12-09,40.73532427,-73.99800419,290260
2019-12-09,40.74322681432173,-73.97449783980846,290260
2019-12-09,40.7403432,-73.98955109,290261
2019-12-09,40.73143724085228,-73.99490341544151,290261
2019-12-09,40.6642406,-73.9574686,290262
2019-12-09,40.68900443,-73.96023854,290262
2019-12-09,40.70907,-73.92157,290263
2019-12-09,40.7031724,-73.940636,290263
2019-12-09,40.78414472,-73.98362492,290264
2019-12-09,40.76780080148132,-73.96592080593109,290264
2019-12-09,40.751551,-73.993934,290265
2019-12-09,40.76727216,-73.99392888,290265
2019-12-09,40.72743423,-73.99379025,290266
2019-12-09,40.72917025,-73.99810231,290266
2019-12-09,40.69573398,-73.97129668,290267
2019-12-09,40.68683208,-73.9796772,290267
2019-12-09,40.72368361,-73.97574813,290268
2019-12-09,40.72082834,-73.97793172,290268
2019-12-09,40.72453734,-73.98185424,290269
2019-12-09,40.72217444,-73.98368779,290269
2019-12-09,40.76227205,-73.98788205,290270
2019-12-09,40.76019252,-73.9912551,290270
2019-12-09,40.73935542,-73.99931783,290271
2019-12-09,40.734814,-73.992085,290271
2019-12-09,40.7806284,-73.9521667,290272
2019-12-09,40.78813,-73.95206,290272
2019-12-09,40.73726186,-73.99238967,290273
2019-12-09,40.75724567911726,-73.97805914282799,290273
2019-12-09,40.808442,-73.9452087,290274
2019-12-09,40.8078316,-73.949373,290274
2019-12-09,40.761584,-73.925921,290275
2019-12-09,40.7580583,-73.9242751,290275
2019-12-09,40.71850211,-73.98329859,290276
2019-12-09,40.71559509,-73.9870295,290276
2019-12-09,40.74487634,-73.99529885,290277
2019-12-09,40.749717753,-74.002950346,290277
2019-12-09,40.73781509,-73.99994661,290278
2019-12-09,40.71850211,-73.98329859,290278
2019-12-09,40.675146838709786,-73.97523209452629,290279
2019-12-09,40.68312489,-73.97895137,290279
2019-12-09,40.70569254,-74.01677685,290280
2019-12-09,40.70569254,-74.01677685,290280
2019-12-09,40.714211,-73.981095,290281
2019-12-09,40.71427487,-73.98990025,290281
2019-12-09,40.72621788,-73.98379855,290282
2019-12-09,40.72966729392978,-73.98067966103554,290282
2019-12-09,40.77149671054441,-73.99046033620834,290283
2019-12-09,40.75594159,-74.0021163,290283
2019-12-09,40.75934501,-73.96759673,290284
2019-12-09,40.75797322,-73.96603308,290284
2019-12-09,40.75510267,-73.97498696,290285
2019-12-09,40.72228087,-73.97668709,290285
2019-12-09,40.76500525,-73.95818491,290286
2019-12-09,40.7728384,-73.94989233,290286
2019-12-09,40.7462009,-73.98855723,290287
2019-12-09,40.7462009,-73.98855723,290287
2019-12-09,40.7462009,-73.98855723,290288
2019-12-09,40.75640548,-73.9900262,290288
2019-12-09,40.73172428,-74.00674436,290289
2019-12-09,40.735238,-74.000271,290289
2019-12-09,40.76360467795863,-73.98917958140373,290290
2019-12-09,40.7505853470215,-73.9946848154068,290290
2019-12-09,40.71911552,-74.00666661,290291
2019-12-09,40.71625008,-74.0091059,290291
2019-12-09,40.68691865,-73.976682,290292
2019-12-09,40.68691865,-73.976682,290292
2019-12-09,40.74901271,-73.98848395,290293
2019-12-09,40.74290902,-73.97706058,290293
2019-12-09,40.749717753,-74.002950346,290294
2019-12-09,40.74964,-73.98805,290294
2019-12-09,40.75510267,-73.97498696,290295
2019-12-09,40.75640548,-73.9900262,290295
2019-12-09,40.744219,-73.97121214,290296
2019-12-09,40.75510267,-73.97498696,290296
2019-12-09,40.7781314,-73.96069399,290297
2019-12-09,40.75640548,-73.9900262,290297
2019-12-09,40.735367055605394,-73.98797392845154,290298
2019-12-09,40.75594159,-74.0021163,290298
2019-12-09,40.76030096,-73.99884222,290299
2019-12-09,40.75594159,-74.0021163,290299
2019-12-09,40.73047309,-73.98672378,290300
2019-12-09,40.73652889,-74.00618026,290300
2019-12-09,40.666287,-73.98895053,290301
2019-12-09,40.666287,-73.98895053,290301
2019-12-09,40.749156,-73.9916,290302
2019-12-09,40.73726186,-73.99238967,290302
2019-12-09,40.70862144,-74.00722156,290303
2019-12-09,40.7153379,-74.01658354,290303
2019-12-09,40.76087502,-74.00277668,290304
2019-12-09,40.73291553,-74.00711384,290304
2019-12-09,40.76227205,-73.98788205,290305
2019-12-09,40.76590936,-73.97634151,290305
2019-12-09,40.71766197083994,-73.94880026578903,290306
2019-12-09,40.724812564400175,-73.94752621650696,290306
2019-12-09,40.71469,-73.95739,290307
2019-12-09,40.71766197083994,-73.94880026578903,290307
2019-12-09,40.74286877312112,-73.98918628692627,290308
2019-12-09,40.74901271,-73.98848395,290308
2019-12-09,40.70510918,-73.94407279,290309
2019-12-09,40.70510918,-73.94407279,290309
2019-12-09,40.73221853,-73.98165557,290310
2019-12-09,40.739445,-73.976806,290310
2019-12-09,40.72217444,-73.98368779,290311
2019-12-09,40.722055,-73.989111,290311
2019-12-09,40.71754834,-74.01322069,290312
2019-12-09,40.71273266,-74.0046073,290312
2019-12-09,40.735367055605394,-73.98797392845154,290313
2019-12-09,40.75594159,-74.0021163,290313
2019-12-09,40.763189,-73.978434,290314
2019-12-09,40.751581,-73.97791,290314
2019-12-09,40.74286877312112,-73.98918628692627,290315
2019-12-09,40.73587678,-73.98205027,290315
2019-12-09,40.78839,-73.9747,290316
2019-12-09,40.789622,-73.97757,290316
2019-12-09,40.72951496224949,-73.99075269699097,290317
2019-12-09,40.72621788,-73.98379855,290317
2019-12-09,40.6845683,-73.95881081,290318
2019-12-09,40.68676793,-73.95928168,290318
2019-12-09,40.77565541,-73.95068615,290319
2019-12-09,40.76500525,-73.95818491,290319
2019-12-09,40.75714758,-73.97207836,290320
2019-12-09,40.73912601,-73.97973776,290320
2019-12-09,40.74096374,-73.98602213,290321
2019-12-09,40.7457121,-73.98194829,290321
2019-12-09,40.75323098,-73.97032517,290322
2019-12-09,40.75001986,-73.96905301,290322
2019-12-09,40.809725,-73.953149,290323
2019-12-09,40.805159,-73.954692,290323
2019-12-09,40.73704984,-73.99009296,290324
2019-12-09,40.735367055605394,-73.98797392845154,290324
2019-12-09,40.73454567,-73.99074142,290325
2019-12-09,40.73827428,-73.98751968,290325
2019-12-09,40.70717936,-74.00887308,290326
2019-12-09,40.71146364,-74.00552427,290326
2019-12-09,40.73726186,-73.99238967,290327
2019-12-09,40.73143724085228,-73.99490341544151,290327
2019-12-09,40.7403432,-73.98955109,290328
2019-12-09,40.74444921,-73.98303529,290328
2019-12-09,40.72325,-73.94308,290329
2019-12-09,40.71167351,-73.95141312,290329
2019-12-09,40.74475148,-73.99915362,290330
2019-12-09,40.72917025,-73.99810231,290330
2019-12-09,40.7997568,-73.9621128676,290331
2019-12-09,40.76500525,-73.95818491,290331
2019-12-09,40.71939226,-74.00247214,290332
2019-12-09,40.71485150526252,-74.01122331619263,290332
2019-12-09,40.73827428,-73.98751968,290333
2019-12-09,40.72621788,-73.98379855,290333
2019-12-09,40.73226398,-73.99852205,290334
2019-12-09,40.73172428,-74.00674436,290334
2019-12-09,40.77579376683666,-73.9762057363987,290335
2019-12-09,40.76712840349542,-73.96224617958069,290335
2019-12-09,40.72229346,-73.99147535,290336
2019-12-09,40.7208736,-73.98085795,290336
2019-12-09,40.74144387,-73.97536082,290337
2019-12-09,40.72743423,-73.99379025,290337
2019-12-09,40.73381219196632,-73.98054420948029,290338
2019-12-09,40.7451677,-73.98683077,290338
2019-12-09,40.7489006,-73.97604882,290339
2019-12-09,40.7451677,-73.98683077,290339
2019-12-09,40.71605866,-73.99190759,290340
2019-12-09,40.70838,-74.00495,290340
2019-12-09,40.73223272,-73.98889957,290341
2019-12-09,40.72746420692392,-73.97950418293476,290341
2019-12-09,40.70365182,-74.01167797,290342
2019-12-09,40.70355377,-74.00670227,290342
2019-12-09,40.8067581,-73.9607082,290343
2019-12-09,40.782454175279874,-73.9489196240902,290343
2019-12-09,40.74734825,-73.99723551,290344
2019-12-09,40.7454973,-74.00197139,290344
2019-12-09,40.6867443,-73.99063168,290345
2019-12-09,40.6849894,-73.99440329,290345
2019-12-09,40.76019252,-73.9912551,290346
2019-12-09,40.75172632,-73.98753523,290346
2019-12-09,40.736502,-73.97809472,290347
2019-12-09,40.7689738,-73.95482273,290347
2019-12-09,40.76727216,-73.99392888,290348
2019-12-09,40.76009437,-73.99461843,290348
2019-12-09,40.71754834,-74.01322069,290349
2019-12-09,40.71273266,-74.0046073,290349
2019-12-09,40.76500525,-73.95818491,290350
2019-12-09,40.77862688,-73.95772073,290350
2019-12-09,40.74173969,-73.99415556,290351
2019-12-09,40.746745,-74.007756,290351
2019-12-09,40.76132983124814,-73.97982001304626,290352
2019-12-09,40.7546011026,-73.971878855,290352
2019-12-09,40.76471851944339,-73.96222069859505,290353
2019-12-09,40.802692,-73.96295,290353
2019-12-09,40.770513,-73.988038,290354
2019-12-09,40.79017948095081,-73.97288918495178,290354
2019-12-09,40.73221853,-73.98165557,290355
2019-12-09,40.739445,-73.976806,290355
2019-12-09,40.746647,-73.993915,290356
2019-12-09,40.76873687,-73.96119945,290356
2019-12-09,40.72706363348306,-73.99662137031554,290357
2019-12-09,40.744219,-73.97121214,290357
2019-12-09,40.72453734,-73.98185424,290358
2019-12-09,40.72621788,-73.98379855,290358
2019-12-09,40.680611,-73.99475825,290359
2019-12-09,40.679043,-74.011169,290359
2019-12-09,40.73726186,-73.99238967,290360
2019-12-09,40.73944820130404,-74.00507032871246,290360
2019-12-09,40.71291224,-74.01020234,290361
2019-12-09,40.70834698,-74.01713445,290361
2019-12-09,40.74395411,-73.99144871,290362
2019-12-09,40.74487634,-73.99529885,290362
2019-12-09,40.724308321602166,-74.00473035871983,290363
2019-12-09,40.71559509,-73.9870295,290363
2019-12-09,40.7457121,-73.98194829,290364
2019-12-09,40.735367055605394,-73.98797392845154,290364
2019-12-09,40.74475148,-73.99915362,290365
2019-12-09,40.73935542,-73.99931783,290365
2019-12-09,40.73704984,-73.99009296,290366
2019-12-09,40.746647,-73.993915,290366
2019-12-09,40.73726186,-73.99238967,290367
2019-12-09,40.74173969,-73.99415556,290367
2019-12-09,40.73381219196632,-73.98054420948029,290368
2019-12-09,40.72521311,-73.97768752,290368
2019-12-09,40.7284186,-73.98713956,290369
2019-12-09,40.72966729392978,-73.98067966103554,290369
2019-12-09,40.73971301,-73.99456405,290370
2019-12-09,40.73020660529954,-73.99102628231049,290370
2019-12-09,40.7568001,-73.98291153,290371
2019-12-09,40.7597108,-73.97402311,290371
2019-12-09,40.71146364,-74.00552427,290372
2019-12-09,40.71782143,-73.97628939,290372
2019-12-09,40.73726186,-73.99238967,290373
2019-12-09,40.73224119,-74.00026394,290373
2019-12-09,40.761293897289086,-73.916916847229,290374
2019-12-09,40.7747878,-73.9125551,290374
2019-12-09,40.7262807,-73.98978041,290375
2019-12-09,40.73020660529954,-73.99102628231049,290375
2019-12-09,40.76500525,-73.95818491,290376
2019-12-09,40.75510267,-73.97498696,290376
2019-12-09,40.749156,-73.9916,290377
2019-12-09,40.73454567,-73.99074142,290377
2019-12-09,40.72906,-73.95779,290378
2019-12-09,40.72906,-73.95779,290378
2019-12-09,40.6630619,-73.9538746,290379
2019-12-09,40.676368,-73.952918,290379
2019-12-09,40.6686627,-73.97988067,290380
2019-12-09,40.6793307,-73.97519523,290380
2019-12-09,40.6751622,-73.9814832,290381
2019-12-09,40.6795766,-73.97854971,290381
2019-12-09,40.70834698,-74.01713445,290382
2019-12-09,40.70365182,-74.01167797,290382
2019-12-09,40.72019521437465,-74.0103006362915,290383
2019-12-09,40.71910537,-73.99973337,290383
2019-12-09,40.75066386,-74.00176802,290384
2019-12-09,40.74475148,-73.99915362,290384
2019-12-09,40.73223272,-73.98889957,290385
2019-12-09,40.695065,-73.987167,290385
2019-12-09,40.7475739589548,-73.9788007736206,290386
2019-12-09,40.75001986,-73.96905301,290386
2019-12-09,40.70706456,-74.00731853,290387
2019-12-09,40.71870987,-74.0090009,290387
2019-12-09,40.74780373,-73.9734419,290388
2019-12-09,40.73587678,-73.98205027,290388
2019-12-09,40.7190095,-73.95852515,290389
2019-12-09,40.716887,-73.963198,290389
2019-12-09,40.70924826276157,-73.96063148975372,290390
2019-12-09,40.69795031569544,-73.97077560424805,290390
2019-12-09,40.73587678,-73.98205027,290391
2019-12-09,40.72966729392978,-73.98067966103554,290391
2019-12-09,40.7747878,-73.9125551,290392
2019-12-09,40.7577284,-73.9166368,290392
2019-12-09,40.75022392,-73.97121414,290393
2019-12-09,40.7462009,-73.98855723,290393
2019-12-09,40.74487634,-73.99529885,290394
2019-12-09,40.75660359,-73.9979009,290394
2019-12-09,40.75898481399634,-73.99379968643188,290395
2019-12-09,40.7284186,-73.98713956,290395
2019-12-09,40.72966729392978,-73.98067966103554,290396
2019-12-09,40.735445,-73.99431,290396
2019-12-09,40.76132983124814,-73.97982001304626,290397
2019-12-09,40.752269,-73.982079,290397
2019-12-09,40.72066442,-73.98517977,290398
2019-12-09,40.72740794,-73.98142006,290398
2019-12-09,40.68962188790333,-73.98304268717766,290399
2019-12-09,40.6849668,-73.98620772,290399
2019-12-09,40.73454567,-73.99074142,290400
2019-12-09,40.738046142482766,-73.99642959237099,290400
2019-12-09,40.75019995,-73.99093085,290401
2019-12-09,40.74177603,-74.00149746,290401
2019-12-09,40.71559509,-73.9870295,290402
2019-12-09,40.72019576,-73.98997825,290402
2019-12-09,40.711066,-74.009447,290403
2019-12-09,40.71485150526252,-74.01122331619263,290403
2019-12-09,40.7361967,-74.00859207,290404
2019-12-09,40.74345335,-74.00004031,290404
2019-12-09,40.72746420692392,-73.97950418293476,290405
2019-12-09,40.7403432,-73.98955109,290405
2019-12-09,40.72217444,-73.98368779,290406
2019-12-09,40.72299208,-73.97995466,290406
2019-12-09,40.74173969,-73.99415556,290407
2019-12-09,40.73912601,-73.97973776,290407
2019-12-09,40.7633589,-73.9286471,290408
2019-12-09,40.75651272984955,-73.92957486212252,290408
2019-12-09,40.735445,-73.99431,290409
2019-12-09,40.72706363348306,-73.99662137031554,290409
2019-12-09,40.73020660529954,-73.99102628231049,290410
2019-12-09,40.73291553,-74.00711384,290410
2019-12-09,40.72779126,-73.98564945,290411
2019-12-09,40.7454973,-74.00197139,290411
2019-12-09,40.73221853,-73.98165557,290412
2019-12-09,40.739445,-73.976806,290412
2019-12-09,40.6809741,-73.9710097,290413
2019-12-09,40.6704836,-73.98208968,290413
2019-12-09,40.77282817,-73.96685276,290414
2019-12-09,40.766368,-73.971518,290414
2019-12-09,40.75052534,-73.94594845,290415
2019-12-09,40.756913,-73.921631,290415
2019-12-09,40.72951496224949,-73.99075269699097,290416
2019-12-09,40.72740794,-73.98142006,290416
2019-12-09,40.70924826276157,-73.96063148975372,290417
2019-12-09,40.69795031569544,-73.97077560424805,290417
2019-12-09,40.7190095,-73.95852515,290418
2019-12-09,40.72606,-73.95621,290418
2019-12-09,40.71019,-73.93734,290419
2019-12-09,40.71773,-73.94051,290419
2019-12-09,40.74144387,-73.97536082,290420
2019-12-09,40.7284186,-73.98713956,290420
2019-12-09,40.72228087,-73.97668709,290421
2019-12-09,40.72307749068673,-73.98583620786667,290421
2019-12-09,40.751873,-73.977706,290422
2019-12-09,40.73381219196632,-73.98054420948029,290422
2019-12-09,40.77536905,-73.94803392,290423
2019-12-09,40.77140426,-73.9535166,290423
2019-12-09,40.71117444,-73.99682619,290424
2019-12-09,40.7149787,-74.013012,290424
2019-12-09,40.722103786686034,-73.99724900722504,290425
2019-12-09,40.71534825,-73.96024116,290425
2019-12-09,40.75660359,-73.9979009,290426
2019-12-09,40.75513557,-73.98658032,290426
2019-12-09,40.72228087,-73.97668709,290427
2019-12-09,40.71739973,-73.98016555,290427
2019-12-09,40.77579376683666,-73.9762057363987,290428
2019-12-09,40.77748046,-73.98288594,290428
2019-12-09,40.76019252,-73.9912551,290429
2019-12-09,40.751873,-73.977706,290429
2019-12-09,40.73532427,-73.99800419,290430
2019-12-09,40.74395411,-73.99144871,290430
2019-12-09,40.718822,-73.99596,290431
2019-12-09,40.72706363348306,-73.99662137031554,290431
2019-12-09,40.75513557,-73.98658032,290432
2019-12-09,40.7462009,-73.98855723,290432
2019-12-09,40.75513557,-73.98658032,290433
2019-12-09,40.7462009,-73.98855723,290433
2019-12-09,40.73221853,-73.98165557,290434
2019-12-09,40.72299208,-73.97995466,290434
2019-12-09,40.72740794,-73.98142006,290435
2019-12-09,40.73269,-73.98974,290435
2019-12-09,40.75038009,-73.98338988,290436
2019-12-09,40.7403432,-73.98955109,290436
2019-12-09,40.73827428,-73.98751968,290437
2019-12-09,40.74286877312112,-73.98918628692627,290437
2019-12-09,40.77140426,-73.9535166,290438
2019-12-09,40.7849032,-73.950503,290438
2019-12-09,40.69610226,-73.96751037,290439
2019-12-09,40.68312489,-73.97895137,290439
2019-12-09,40.75992262,-73.97648516,290440
2019-12-09,40.75038009,-73.98338988,290440
2019-12-09,40.69512845,-73.99595065,290441
2019-12-09,40.69760127,-73.99344559,290441
2019-12-09,40.73971301,-73.99456405,290442
2019-12-09,40.72307749068673,-73.98583620786667,290442
2019-12-09,40.71406667,-73.99293911,290443
2019-12-09,40.70955958,-74.00653609,290443
2019-12-09,40.75455731,-73.96592976,290444
2019-12-09,40.741459,-73.983293,290444
2019-12-09,40.76095756,-73.96724467,290445
2019-12-09,40.763954,-73.9646,290445
2019-12-09,40.75513557,-73.98658032,290446
2019-12-09,40.7462009,-73.98855723,290446
2019-12-09,40.72621788,-73.98379855,290447
2019-12-09,40.73020660529954,-73.99102628231049,290447
2019-12-09,40.71485150526252,-74.01122331619263,290448
2019-12-09,40.70706456,-74.00731853,290448
2019-12-09,40.724055,-73.955736,290449
2019-12-09,40.73232194,-73.9550858,290449
2019-12-09,40.73454567,-73.99074142,290450
2019-12-09,40.73221853,-73.98165557,290450
2019-12-09,40.722055,-73.989111,290451
2019-12-09,40.722055,-73.989111,290451
2019-12-09,40.7882213,-73.97041561,290452
2019-12-09,40.7652654,-73.98192338,290452
2019-12-09,40.72456089,-73.99565293,290453
2019-12-09,40.72456089,-73.99565293,290453
2019-12-09,40.76915505,-73.98191841,290454
2019-12-09,40.7882213,-73.97041561,290454
2019-12-09,40.7172274,-73.98802084,290455
2019-12-09,40.72743423,-73.99379025,290455
2019-12-09,40.75513557,-73.98658032,290456
2019-12-09,40.75660359,-73.9979009,290456
2019-12-09,40.738046142482766,-73.99642959237099,290457
2019-12-09,40.735238,-74.000271,290457
2019-12-09,40.73704984,-73.99009296,290458
2019-12-09,40.74096374,-73.98602213,290458
2019-12-09,40.72743423,-73.99379025,290459
2019-12-09,40.734814,-73.992085,290459
2019-12-09,40.68312489,-73.97895137,290460
2019-12-09,40.68683208,-73.9796772,290460
2019-12-09,40.7454973,-74.00197139,290461
2019-12-09,40.74345335,-74.00004031,290461
2019-12-09,40.75660359,-73.9979009,290462
2019-12-09,40.74317449,-74.00366443,290462
2019-12-09,40.75513557,-73.98658032,290463
2019-12-09,40.74238787,-73.99726235,290463
2019-12-09,40.752269,-73.982079,290464
2019-12-09,40.75206862,-73.96784384,290464
2019-12-09,40.72502876,-73.99069656,290465
2019-12-09,40.718822,-73.99596,290465
2019-12-09,40.69196035,-73.96536851,290466
2019-12-09,40.69196566,-73.9813018,290466
2019-12-09,40.71117444,-73.99682619,290467
2019-12-09,40.71494807,-74.00234482,290467
2019-12-09,40.71939226,-74.00247214,290468
2019-12-09,40.70955958,-74.00653609,290468
2019-12-09,40.6686273,-73.98700053,290469
2019-12-09,40.6783563,-74.00014502,290469
2019-12-09,40.75513557,-73.98658032,290470
2019-12-09,40.7462009,-73.98855723,290470
2019-12-09,40.6729679,-73.97087984,290471
2019-12-09,40.675146838709786,-73.97523209452629,290471
2019-12-09,40.75724567911726,-73.97805914282799,290472
2019-12-09,40.76727216,-73.99392888,290472
2019-12-09,40.75022392,-73.97121414,290473
2019-12-09,40.74394314,-73.97966069,290473
2019-12-09,40.71939226,-74.00247214,290474
2019-12-09,40.72019521437465,-74.0103006362915,290474
2019-12-09,40.73726186,-73.99238967,290475
2019-12-09,40.73935542,-73.99931783,290475
2019-12-09,40.738046142482766,-73.99642959237099,290476
2019-12-09,40.73704984,-73.99009296,290476
2019-12-09,40.72456089,-73.99565293,290477
2019-12-09,40.71939226,-74.00247214,290477
2019-12-09,40.7454973,-74.00197139,290478
2019-12-09,40.73221853,-73.98165557,290478
2019-12-09,40.77149671054441,-73.99046033620834,290479
2019-12-09,40.789622,-73.97757,290479
2019-12-09,40.74901271,-73.98848395,290480
2019-12-09,40.75066386,-74.00176802,290480
2019-12-09,40.722055,-73.989111,290481
2019-12-09,40.724308321602166,-74.00473035871983,290481
2019-12-09,40.72299208,-73.97995466,290482
2019-12-09,40.7208736,-73.98085795,290482
2019-12-09,40.74311555376486,-73.98215353488922,290483
2019-12-09,40.752165280621966,-73.97992193698882,290483
2019-12-09,40.75828065,-73.97069431,290484
2019-12-09,40.75594159,-74.0021163,290484
2019-12-09,40.76227205,-73.98788205,290485
2019-12-09,40.768254,-73.988639,290485
2019-12-09,40.74286877312112,-73.98918628692627,290486
2019-12-09,40.749156,-73.9916,290486
2019-12-09,40.73704984,-73.99009296,290487
2019-12-09,40.73454567,-73.99074142,290487
2019-12-09,40.789622,-73.97757,290488
2019-12-09,40.795,-73.9645,290488
2019-12-09,40.7981856,-73.9605909006,290489
2019-12-09,40.7981856,-73.9605909006,290489
2019-12-09,40.75992262,-73.97648516,290490
2019-12-09,40.7505853470215,-73.9946848154068,290490
2019-12-09,40.728846,-74.008591,290491
2019-12-09,40.73535398,-74.00483091,290491
2019-12-09,40.7457121,-73.98194829,290492
2019-12-09,40.751581,-73.97791,290492
2019-12-09,40.8025566,-73.9490782,290493
2019-12-09,40.805159,-73.954692,290493
2019-12-09,40.751396,-74.005226,290494
2019-12-09,40.74734825,-73.99723551,290494
2019-12-09,40.76915505,-73.98191841,290495
2019-12-09,40.76915505,-73.98191841,290495
2019-12-09,40.71413311,-73.95234386,290496
2019-12-09,40.71559509,-73.9870295,290496
2019-12-09,40.7734066,-73.97782542,290497
2019-12-09,40.7801839724239,-73.97728532552719,290497
2019-12-09,40.75066386,-74.00176802,290498
2019-12-09,40.74734825,-73.99723551,290498
2019-12-09,40.76132983124814,-73.97982001304626,290499
2019-12-09,40.75660359,-73.9979009,290499
2019-12-09,40.71146364,-74.00552427,290500
2019-12-09,40.741459,-73.983293,290500
2019-12-09,40.7801839724239,-73.97728532552719,290501
2019-12-09,40.75992262,-73.97648516,290501
2019-12-09,40.7381765,-73.97738662,290502
2019-12-09,40.7489006,-73.97604882,290502
2019-12-09,40.805159,-73.954692,290503
2019-12-09,40.7770575,-73.97898475,290503
2019-12-09,40.69760127,-73.99344559,290504
2019-12-09,40.69221589,-73.9842844,290504
2019-12-09,40.6845683,-73.95881081,290505
2019-12-09,40.68676793,-73.95928168,290505
2019-12-09,40.73381219196632,-73.98054420948029,290506
2019-12-09,40.73020660529954,-73.99102628231049,290506
2019-12-09,40.71494807,-74.00234482,290507
2019-12-09,40.711512,-74.015756,290507
2019-12-09,40.76590936,-73.97634151,290508
2019-12-09,40.7987859,-73.9523,290508
2019-12-09,40.8008363,-73.9664492472,290509
2019-12-09,40.8078316,-73.949373,290509
2019-12-09,40.72951496224949,-73.99075269699097,290510
2019-12-09,40.72066442,-73.98517977,290510
2019-12-09,40.74317449,-74.00366443,290511
2019-12-09,40.74937024193277,-73.99923384189606,290511
2019-12-09,40.71625008,-74.0091059,290512
2019-12-09,40.71413089,-73.9970468,290512
2019-12-09,40.6804836,-73.9646795,290513
2019-12-09,40.680944723477296,-73.97567331790923,290513
2019-12-09,40.72066442,-73.98517977,290514
2019-12-09,40.73020660529954,-73.99102628231049,290514
2019-12-09,40.72307749068673,-73.98583620786667,290515
2019-12-09,40.71754834,-74.01322069,290515
2019-12-09,40.71427487,-73.98990025,290516
2019-12-09,40.718822,-73.99596,290516
2019-12-09,40.741459,-73.983293,290517
2019-12-09,40.75513557,-73.98658032,290517
2019-12-09,40.70029511,-73.95032283,290518
2019-12-09,40.7190095,-73.95852515,290518
2019-12-09,40.80949534777948,-73.94776493310928,290519
2019-12-09,40.8045555,-73.9396861,290519
2019-12-09,40.73587678,-73.98205027,290520
2019-12-09,40.71559509,-73.9870295,290520
2019-12-09,40.768254,-73.988639,290521
2019-12-09,40.7770575,-73.97898475,290521
2019-12-09,40.7557327,-73.9236611,290522
2019-12-09,40.7658346,-73.9265474,290522
2019-12-09,40.804038,-73.945925,290523
2019-12-09,40.80949534777948,-73.94776493310928,290523
2019-12-09,40.7597108,-73.97402311,290524
2019-12-09,40.7612274,-73.96094022,290524
2019-12-09,40.782593,-73.971211,290525
2019-12-09,40.77632142182271,-73.96427392959595,290525
2019-12-09,40.7489006,-73.97604882,290526
2019-12-09,40.75299641,-73.98721619,290526
2019-12-09,40.76471851944339,-73.96222069859505,290527
2019-12-09,40.77163851,-73.98261428,290527
2019-12-09,40.72362738,-73.99949601,290528
2019-12-09,40.74901271,-73.98848395,290528
2019-12-09,40.76019252,-73.9912551,290529
2019-12-09,40.75828065,-73.97069431,290529
2019-12-09,40.74336608027021,-73.95960688591003,290530
2019-12-09,40.73026,-73.95394,290530
2019-12-09,40.7987859,-73.9523,290531
2019-12-09,40.7667405590595,-73.9790689945221,290531
2019-12-09,40.70877084,-73.95095259,290532
2019-12-09,40.70029511,-73.95032283,290532
2019-12-09,40.7575699,-73.99098507,290533
2019-12-09,40.76370739,-73.9851615,290533
2019-12-09,40.763189,-73.978434,290534
2019-12-09,40.751581,-73.97791,290534
2019-12-09,40.7597108,-73.97402311,290535
2019-12-09,40.75255434,-73.97282625,290535
2019-12-09,40.7987859,-73.9523,290536
2019-12-09,40.7667405590595,-73.9790689945221,290536
2019-12-09,40.75455731,-73.96592976,290537
2019-12-09,40.755293,-73.967641,290537
2019-12-09,40.75097711,-73.98765428,290538
2019-12-09,40.73020660529954,-73.99102628231049,290538
2019-12-09,40.74173969,-73.99415556,290539
2019-12-09,40.74734825,-73.99723551,290539
2019-12-09,40.7652654,-73.98192338,290540
2019-12-09,40.76068327096592,-73.9845272898674,290540
2019-12-09,40.7656251,-73.9136695,290541
2019-12-09,40.7675487799971,-73.9209334552288,290541
2019-12-09,40.74322681432173,-73.97449783980846,290542
2019-12-09,40.7457121,-73.98194829,290542
2019-12-09,40.72307749068673,-73.98583620786667,290543
2019-12-09,40.72779126,-73.98564945,290543
2019-12-09,40.74311555376486,-73.98215353488922,290544
2019-12-09,40.7597108,-73.97402311,290544
2019-12-09,40.804213,-73.96699104,290545
2019-12-09,40.7981856,-73.9605909006,290545
2019-12-09,40.718822,-73.99596,290546
2019-12-09,40.722055,-73.989111,290546
2019-12-09,40.70569254,-74.01677685,290547
2019-12-09,40.73532427,-73.99800419,290547
2019-12-09,40.72966729392978,-73.98067966103554,290548
2019-12-09,40.75797322,-73.96603308,290548
2019-12-09,40.7699426,-73.96060712,290549
2019-12-09,40.75828065,-73.97069431,290549
2019-12-09,40.72456089,-73.99565293,290550
2019-12-09,40.7505853470215,-73.9946848154068,290550
2019-12-09,40.7037992,-74.00838676,290551
2019-12-09,40.70355377,-74.00670227,290551
2019-12-09,40.707873,-74.00167,290552
2019-12-09,40.71273266,-74.0046073,290552
2019-12-09,40.73047747,-73.99906065,290553
2019-12-09,40.74096374,-73.98602213,290553
2019-12-09,40.76009437,-73.99461843,290554
2019-12-09,40.74780373,-73.9734419,290554
2019-12-09,40.7208736,-73.98085795,290555
2019-12-09,40.72299208,-73.97995466,290555
2019-12-09,40.7923272,-73.9383,290556
2019-12-09,40.7987859,-73.9523,290556
2019-12-09,40.74286877312112,-73.98918628692627,290557
2019-12-09,40.73038599,-74.00214988,290557
2019-12-09,40.7208736,-73.98085795,290558
2019-12-09,40.72502876,-73.99069656,290558
2019-12-09,40.72453734,-73.98185424,290559
2019-12-09,40.73020660529954,-73.99102628231049,290559
2019-12-09,40.751551,-73.993934,290560
2019-12-09,40.75640548,-73.9900262,290560
2019-12-09,40.68962188790333,-73.98304268717766,290561
2019-12-09,40.68506807308177,-73.97790759801863,290561
2019-12-09,40.72494672359416,-74.00165855884552,290562
2019-12-09,40.73047747,-73.99906065,290562
2019-12-09,40.72456089,-73.99565293,290563
2019-12-09,40.72456089,-73.99565293,290563
2019-12-09,40.711512,-74.015756,290564
2019-12-09,40.711512,-74.015756,290564
2019-12-09,40.70706456,-74.00731853,290565
2019-12-09,40.7172274,-73.98802084,290565
2019-12-09,40.72706363348306,-73.99662137031554,290566
2019-12-09,40.72307749068673,-73.98583620786667,290566
2019-12-09,40.72502876,-73.99069656,290567
2019-12-09,40.72710258,-74.00297088,290567
2019-12-09,40.75466591,-73.99138152,290568
2019-12-09,40.76019252,-73.9912551,290568
2019-12-09,40.7172274,-73.98802084,290569
2019-12-09,40.71739973,-73.98016555,290569
2019-12-09,40.799139,-73.9389152,290570
2019-12-09,40.8029263,-73.9379,290570
2019-12-09,40.69196566,-73.9813018,290571
2019-12-09,40.69363137,-73.96223558,290571
2019-12-09,40.75022392,-73.97121414,290572
2019-12-09,40.73226398,-73.99852205,290572
2019-12-09,40.73223272,-73.98889957,290573
2019-12-09,40.73226398,-73.99852205,290573
2019-12-09,40.724308321602166,-74.00473035871983,290574
2019-12-09,40.72917025,-73.99810231,290574
2019-12-09,40.68962188790333,-73.98304268717766,290575
2019-12-09,40.69128258,-73.9452416,290575
2019-12-09,40.70905623,-74.01043382,290576
2019-12-09,40.71273266,-74.0046073,290576
2019-12-09,40.73026,-73.95394,290577
2019-12-09,40.71534825,-73.96024116,290577
2019-12-09,40.7505853470215,-73.9946848154068,290578
2019-12-09,40.718822,-73.99596,290578
2019-12-09,40.73944820130404,-74.00507032871246,290579
2019-12-09,40.74765947,-73.98490707,290579
2019-12-09,40.69239502,-73.99337909,290580
2019-12-09,40.69327018,-73.97703874,290580
2019-12-09,40.751581,-73.97791,290581
2019-12-09,40.711066,-74.009447,290581
2019-12-09,40.73704984,-73.99009296,290582
2019-12-09,40.70365182,-74.01167797,290582
2019-12-09,40.73221853,-73.98165557,290583
2019-12-09,40.735367055605394,-73.98797392845154,290583
2019-12-09,40.70905623,-74.01043382,290584
2019-12-09,40.72494672359416,-74.00165855884552,290584
2019-12-09,40.6831164,-73.99785267,290585
2019-12-09,40.6829151,-73.99318208,290585
2019-12-09,40.749156,-73.9916,290586
2019-12-09,40.74395411,-73.99144871,290586
2019-12-09,40.7475739589548,-73.9788007736206,290587
2019-12-09,40.74765947,-73.98490707,290587
2019-12-09,40.76019252,-73.9912551,290588
2019-12-09,40.754691750226016,-73.99740189313889,290588
2019-12-09,40.75455731,-73.96592976,290589
2019-12-09,40.75513557,-73.98658032,290589
2019-12-09,40.74173969,-73.99415556,290590
2019-12-09,40.74475148,-73.99915362,290590
2019-12-09,40.74487634,-73.99529885,290591
2019-12-09,40.7381765,-73.97738662,290591
2019-12-09,40.76302594280519,-73.97209525108337,290592
2019-12-09,40.75019995,-73.99093085,290592
2019-12-09,40.7153379,-74.01658354,290593
2019-12-09,40.7361967,-74.00859207,290593
2019-12-09,40.75660359,-73.9979009,290594
2019-12-09,40.75466591,-73.99138152,290594
2019-12-09,40.7451677,-73.98683077,290595
2019-12-09,40.71559509,-73.9870295,290595
2019-12-09,40.72710258,-74.00297088,290596
2019-12-09,40.73291553,-74.00711384,290596
2019-12-09,40.72066442,-73.98517977,290597
2019-12-09,40.72082834,-73.97793172,290597
2019-12-09,40.73827428,-73.98751968,290598
2019-12-09,40.73381219196632,-73.98054420948029,290598
2019-12-09,40.72502876,-73.99069656,290599
2019-12-09,40.7284186,-73.98713956,290599
2019-12-09,40.71939226,-74.00247214,290600
2019-12-09,40.71485150526252,-74.01122331619263,290600
2019-12-09,40.70365182,-74.01167797,290601
2019-12-09,40.71269042,-73.98776323,290601
2019-12-09,40.76344058,-73.98268129,290602
2019-12-09,40.770513,-73.988038,290602
2019-12-09,40.768254,-73.988639,290603
2019-12-09,40.7667405590595,-73.9790689945221,290603
2019-12-09,40.73587678,-73.98205027,290604
2019-12-09,40.7462009,-73.98855723,290604
2019-12-09,40.70569254,-74.01677685,290605
2019-12-09,40.70955958,-74.00653609,290605
2019-12-09,40.7989445,-73.944846,290606
2019-12-09,40.791976,-73.945993,290606
2019-12-09,40.75001986,-73.96905301,290607
2019-12-09,40.75797322,-73.96603308,290607
2019-12-09,40.75929124,-73.98859651,290608
2019-12-09,40.7643971,-73.97371465,290608
2019-12-09,40.7462009,-73.98855723,290609
2019-12-09,40.73971301,-73.99456405,290609
2019-12-09,40.6804836,-73.9646795,290610
2019-12-09,40.693261,-73.968896,290610
2019-12-09,40.75828065,-73.97069431,290611
2019-12-09,40.751873,-73.977706,290611
2019-12-09,40.69327018,-73.97703874,290612
2019-12-09,40.695065,-73.987167,290612
2019-12-09,40.75892386377695,-73.96226227283478,290613
2019-12-09,40.76312584,-73.96526895,290613
2019-12-09,40.76344058,-73.98268129,290614
2019-12-09,40.75898481399634,-73.99379968643188,290614
2019-12-09,40.76068327096592,-73.9845272898674,290615
2019-12-09,40.76227205,-73.98788205,290615
2019-12-09,40.70706456,-74.00731853,290616
2019-12-09,40.70955958,-74.00653609,290616
2019-12-09,40.72299208,-73.97995466,290617
2019-12-09,40.72453734,-73.98185424,290617
2019-12-09,40.7659,-73.930819,290618
2019-12-09,40.7692475,-73.9354504,290618
2019-12-09,40.72966729392978,-73.98067966103554,290619
2019-12-09,40.73020660529954,-73.99102628231049,290619
2019-12-09,40.6729679,-73.97087984,290620
2019-12-09,40.6627059,-73.9569115,290620
2019-12-09,40.7937704,-73.971888,290621
2019-12-09,40.7961535,-73.94782145,290621
2019-12-09,40.71117444,-73.99682619,290622
2019-12-09,40.70955958,-74.00653609,290622
2019-12-09,40.7462009,-73.98855723,290623
2019-12-09,40.74487634,-73.99529885,290623
2019-12-09,40.75172632,-73.98753523,290624
2019-12-09,40.76350532,-73.97109243,290624
2019-12-09,40.75934501,-73.96759673,290625
2019-12-09,40.76312584,-73.96526895,290625
2019-12-09,40.77579376683666,-73.9762057363987,290626
2019-12-09,40.76915505,-73.98191841,290626
2019-12-09,40.71893904,-73.99266288,290627
2019-12-09,40.72521311,-73.97768752,290627
2019-12-09,40.74232744,-73.95411749,290628
2019-12-09,40.73555,-73.95284,290628
2019-12-09,40.804372,-73.951475,290629
2019-12-09,40.7922553,-73.95249933,290629
2019-12-09,40.68962188790333,-73.98304268717766,290630
2019-12-09,40.68506807308177,-73.97790759801863,290630
2019-12-09,40.77149671054441,-73.99046033620834,290631
2019-12-09,40.74286877312112,-73.98918628692627,290631
2019-12-09,40.74173969,-73.99415556,290632
2019-12-09,40.74096374,-73.98602213,290632
2019-12-09,40.73291553,-74.00711384,290633
2019-12-09,40.74734825,-73.99723551,290633
2019-12-09,40.71485150526252,-74.01122331619263,290634
2019-12-09,40.7149787,-74.013012,290634
2019-12-09,40.77632142182271,-73.96427392959595,290635
2019-12-09,40.7829391,-73.9786517,290635
2019-12-09,40.73221853,-73.98165557,290636
2019-12-09,40.71926081,-73.98178024,290636
2019-12-09,40.75299641,-73.98721619,290637
2019-12-09,40.75510267,-73.97498696,290637
2019-12-09,40.748,-73.9460927,290638
2019-12-09,40.74731,-73.95451,290638
2019-12-09,40.75500254,-73.98014437,290639
2019-12-09,40.75640548,-73.9900262,290639
2019-12-09,40.72307749068673,-73.98583620786667,290640
2019-12-09,40.71269042,-73.98776323,290640
2019-12-09,40.77149671054441,-73.99046033620834,290641
2019-12-09,40.76030096,-73.99884222,290641
2019-12-09,40.7284186,-73.98713956,290642
2019-12-09,40.73314259,-73.97573881,290642
2019-12-09,40.746647,-73.993915,290643
2019-12-09,40.73401143,-74.00293877,290643
2019-12-09,40.7627442,-73.9391141,290644
2019-12-09,40.75325964,-73.94335788,290644
2019-12-09,40.74173969,-73.99415556,290645
2019-12-09,40.73291553,-74.00711384,290645
2019-12-09,40.73971301,-73.99456405,290646
2019-12-09,40.72494672359416,-74.00165855884552,290646
2019-12-09,40.7047177,-74.00926027,290647
2019-12-09,40.711512,-74.015756,290647
2019-12-09,40.73587678,-73.98205027,290648
2019-12-09,40.74394314,-73.97966069,290648
2019-12-09,40.75500254,-73.98014437,290649
2019-12-09,40.7475739589548,-73.9788007736206,290649
2019-12-09,40.74286877312112,-73.98918628692627,290650
2019-12-09,40.73038599,-74.00214988,290650
2019-12-09,40.76370739,-73.9851615,290651
2019-12-09,40.76915505,-73.98191841,290651
2019-12-09,40.72951496224949,-73.99075269699097,290652
2019-12-09,40.75097711,-73.98765428,290652
2019-12-09,40.72066442,-73.98517977,290653
2019-12-09,40.724308321602166,-74.00473035871983,290653
2019-12-09,40.6867443,-73.99063168,290654
2019-12-09,40.6849894,-73.99440329,290654
2019-12-09,40.7390169121,-74.0026376103,290655
2019-12-09,40.73401143,-74.00293877,290655
2019-12-09,40.741459,-73.983293,290656
2019-12-09,40.72743423,-73.99379025,290656
2019-12-09,40.752269,-73.982079,290657
2019-12-09,40.74964,-73.98805,290657
2019-12-09,40.68312489,-73.97895137,290658
2019-12-09,40.68851534,-73.9647628,290658
2019-12-09,40.74290902,-73.97706058,290659
2019-12-09,40.74096374,-73.98602213,290659
2019-12-09,40.76471851944339,-73.96222069859505,290660
2019-12-09,40.75892386377695,-73.96226227283478,290660
2019-12-09,40.72307749068673,-73.98583620786667,290661
2019-12-09,40.72746420692392,-73.97950418293476,290661
2019-12-09,40.7462009,-73.98855723,290662
2019-12-09,40.74311555376486,-73.98215353488922,290662
2019-12-09,40.74691959,-74.00451887,290663
2019-12-09,40.74173969,-73.99415556,290663
2019-12-09,40.7699426,-73.96060712,290664
2019-12-09,40.7687620293096,-73.95840793848038,290664
2019-12-09,40.74937024193277,-73.99923384189606,290665
2019-12-09,40.7505853470215,-73.9946848154068,290665
2019-12-09,40.74334935,-74.00681753,290666
2019-12-09,40.73935542,-73.99931783,290666
2019-12-09,40.739323,-74.008119,290667
2019-12-09,40.73223272,-73.98889957,290667
2019-12-09,40.749156,-73.9916,290668
2019-12-09,40.74096374,-73.98602213,290668
2019-12-09,40.71117416,-74.00016545,290669
2019-12-09,40.72456089,-73.99565293,290669
2019-12-09,40.74173969,-73.99415556,290670
2019-12-09,40.76019252,-73.9912551,290670
2019-12-09,40.69128258,-73.9452416,290671
2019-12-09,40.6851443,-73.95380904,290671
2019-12-09,40.76873687,-73.96119945,290672
2019-12-09,40.7724607,-73.9468208,290672
2019-12-09,40.75299641,-73.98721619,290673
2019-12-09,40.74144387,-73.97536082,290673
2019-12-09,40.7505853470215,-73.9946848154068,290674
2019-12-09,40.751396,-74.005226,290674
2019-12-09,40.746647,-73.993915,290675
2019-12-09,40.74734825,-73.99723551,290675
2019-12-09,40.7724607,-73.9468208,290676
2019-12-09,40.74765947,-73.98490707,290676
2019-12-09,40.7568001,-73.98291153,290677
2019-12-09,40.76009437,-73.99461843,290677
2019-12-09,40.73221853,-73.98165557,290678
2019-12-09,40.7597108,-73.97402311,290678
2019-12-09,40.74691959,-74.00451887,290679
2019-12-09,40.7403432,-73.98955109,290679
2019-12-09,40.716887,-73.963198,290680
2019-12-09,40.715143,-73.944507,290680
2019-12-09,40.70355377,-74.00670227,290681
2019-12-09,40.70706456,-74.00731853,290681
2019-12-09,40.73221853,-73.98165557,290682
2019-12-09,40.744219,-73.97121214,290682
2019-12-09,40.76095756,-73.96724467,290683
2019-12-09,40.773763,-73.96222088,290683
2019-12-09,40.6662078,-73.98199886,290684
2019-12-09,40.68382604,-73.97632328,290684
2019-12-09,40.7668,-73.9347774,290685
2019-12-09,40.7633589,-73.9286471,290685
2019-12-09,40.69760127,-73.99344559,290686
2019-12-09,40.69580705,-73.97355569,290686
2019-12-09,40.722103786686034,-73.99724900722504,290687
2019-12-09,40.71911552,-74.00666661,290687
2019-12-09,40.74275382865903,-74.00747358798981,290688
2019-12-09,40.74275382865903,-74.00747358798981,290688
2019-12-09,40.69527008,-73.95238108,290689
2019-12-09,40.70411791,-73.94818595,290689
2019-12-09,40.75929124,-73.98859651,290690
2019-12-09,40.75934501,-73.96759673,290690
2019-12-09,40.7462009,-73.98855723,290691
2019-12-09,40.73726186,-73.99238967,290691
2019-12-09,40.72362738,-73.99949601,290692
2019-12-09,40.7390169121,-74.0026376103,290692
2019-12-09,40.752269,-73.982079,290693
2019-12-09,40.75019995,-73.99093085,290693
2019-12-09,40.7505853470215,-73.9946848154068,290694
2019-12-09,40.76132983124814,-73.97982001304626,290694
2019-12-09,40.79406660818552,-73.96286845207214,290695
2019-12-09,40.79406660818552,-73.96286845207214,290695
2019-12-09,40.71044554,-73.96525063,290696
2019-12-09,40.7190095,-73.95852515,290696
2019-12-09,40.73587678,-73.98205027,290697
2019-12-09,40.73047309,-73.98672378,290697
2019-12-09,40.6662078,-73.98199886,290698
2019-12-09,40.6750207,-73.97111473,290698
2019-12-09,40.752269,-73.982079,290699
2019-12-09,40.74964,-73.98805,290699
2019-12-09,40.74286877312112,-73.98918628692627,290700
2019-12-09,40.72621788,-73.98379855,290700
2019-12-09,40.799484,-73.955613,290701
2019-12-09,40.77565541,-73.95068615,290701
2019-12-09,40.759125,-73.962658,290702
2019-12-09,40.75828065,-73.97069431,290702
2019-12-09,40.76590936,-73.97634151,290703
2019-12-09,40.7892529,-73.93956237,290703
2019-12-09,40.75594159,-74.0021163,290704
2019-12-09,40.74275382865903,-74.00747358798981,290704
2019-12-09,40.74173969,-73.99415556,290705
2019-12-09,40.73314259,-73.97573881,290705
2019-12-09,40.752165280621966,-73.97992193698882,290706
2019-12-09,40.751551,-73.993934,290706
2019-12-09,40.72502876,-73.99069656,290707
2019-12-09,40.73827428,-73.98751968,290707
2019-12-09,40.722055,-73.989111,290708
2019-12-09,40.75640548,-73.9900262,290708
2019-12-09,40.68382604,-73.97632328,290709
2019-12-09,40.6802133,-73.98432695,290709
2019-12-09,40.6845683,-73.95881081,290710
2019-12-09,40.6767,-73.969024,290710
2019-12-09,40.6794388,-73.9680438,290711
2019-12-09,40.68506807308177,-73.97790759801863,290711
2019-12-09,40.74311555376486,-73.98215353488922,290712
2019-12-09,40.749156,-73.9916,290712
2019-12-09,40.73726186,-73.99238967,290713
2019-12-09,40.74765947,-73.98490707,290713
2019-12-09,40.752269,-73.982079,290714
2019-12-09,40.761573,-73.972628,290714
2019-12-09,40.76019252,-73.9912551,290715
2019-12-09,40.7454973,-74.00197139,290715
2019-12-09,40.7687620293096,-73.95840793848038,290716
2019-12-09,40.7612274,-73.96094022,290716
2019-12-09,40.7403432,-73.98955109,290717
2019-12-09,40.74734825,-73.99723551,290717
2019-12-09,40.75038009,-73.98338988,290718
2019-12-09,40.7857851,-73.957481,290718
2019-12-09,40.67759206937376,-73.955637216568,290719
2019-12-09,40.682601,-73.938037,290719
2019-12-09,40.735445,-73.99431,290720
2019-12-09,40.73971301,-73.99456405,290720
2019-12-09,40.746647,-73.993915,290721
2019-12-09,40.74286877312112,-73.98918628692627,290721
2019-12-09,40.76087502,-74.00277668,290722
2019-12-09,40.77149671054441,-73.99046033620834,290722
2019-12-09,40.69196035,-73.96536851,290723
2019-12-09,40.68382604,-73.97632328,290723
2019-12-09,40.72453734,-73.98185424,290724
2019-12-09,40.72307749068673,-73.98583620786667,290724
2019-12-09,40.7734066,-73.97782542,290725
2019-12-09,40.7734066,-73.97782542,290725
2019-12-09,40.72079821,-73.95484712,290726
2019-12-09,40.71907891179564,-73.94223690032959,290726
2019-12-09,40.6711978,-73.97484126,290727
2019-12-09,40.6740886,-73.9787282,290727
2019-12-09,40.751396,-74.005226,290728
2019-12-09,40.74734825,-73.99723551,290728
2019-12-09,40.7785669,-73.97754961,290729
2019-12-09,40.75992262,-73.97648516,290729
2019-12-09,40.724812564400175,-73.94752621650696,290730
2019-12-09,40.71924,-73.95242,290730
2019-12-09,40.7457121,-73.98194829,290731
2019-12-09,40.7546011026,-73.971878855,290731
2019-12-09,40.6849668,-73.98620772,290732
2019-12-09,40.68962188790333,-73.98304268717766,290732
2019-12-09,40.74144387,-73.97536082,290733
2019-12-09,40.75466591,-73.99138152,290733
2019-12-09,40.70905623,-74.01043382,290734
2019-12-09,40.70530954,-74.00612572,290734
2019-12-09,40.74734825,-73.99723551,290735
2019-12-09,40.751396,-74.005226,290735
2019-12-09,40.7612274,-73.96094022,290736
2019-12-09,40.7489006,-73.97604882,290736
2019-12-09,40.75066386,-74.00176802,290737
2019-12-09,40.746745,-74.007756,290737
2019-12-09,40.74718234,-73.9432635,290738
2019-12-09,40.7485,-73.941275,290738
2019-12-09,40.74901271,-73.98848395,290739
2019-12-09,40.72903917,-73.99404649,290739
2019-12-09,40.75001986,-73.96905301,290740
2019-12-09,40.75934501,-73.96759673,290740
2019-12-09,40.7451677,-73.98683077,290741
2019-12-09,40.74238787,-73.99726235,290741
2019-12-09,40.7454973,-74.00197139,290742
2019-12-09,40.74173969,-73.99415556,290742
2019-12-09,40.7575699,-73.99098507,290743
2019-12-09,40.75898481399634,-73.99379968643188,290743
2019-12-09,40.751581,-73.97791,290744
2019-12-09,40.74780373,-73.9734419,290744
2019-12-09,40.75594159,-74.0021163,290745
2019-12-09,40.74275382865903,-74.00747358798981,290745
2019-12-09,40.72779126,-73.98564945,290746
2019-12-09,40.74901271,-73.98848395,290746
2019-12-09,40.74311555376486,-73.98215353488922,290747
2019-12-09,40.73038599,-74.00214988,290747
2019-12-09,40.7451677,-73.98683077,290748
2019-12-09,40.74286877312112,-73.98918628692627,290748
2019-12-09,40.75019995,-73.99093085,290749
2019-12-09,40.74394314,-73.97966069,290749
2019-12-09,40.68312489,-73.97895137,290750
2019-12-09,40.6867443,-73.99063168,290750
2019-12-09,40.68319988172761,-73.91166642308235,290751
2019-12-09,40.6786,-73.90369,290751
2019-12-09,40.77149671054441,-73.99046033620834,290752
2019-12-09,40.76302594280519,-73.97209525108337,290752
2019-12-09,40.71413089,-73.9970468,290754
2019-12-09,40.70255065,-74.0127234,290754
2019-12-09,40.79406660818552,-73.96286845207214,290755
2019-12-09,40.77896784,-73.97374737,290755
2019-12-09,40.74394314,-73.97966069,290756
2019-12-09,40.75255434,-73.97282625,290756
2019-12-09,40.69839895,-73.98068914,290757
2019-12-09,40.70140317257725,-73.98672670125961,290757
2019-12-09,40.74734825,-73.99723551,290758
2019-12-09,40.751396,-74.005226,290758
2019-12-09,40.73172428,-74.00674436,290759
2019-12-09,40.73535398,-74.00483091,290759
2019-12-09,40.754691750226016,-73.99740189313889,290760
2019-12-09,40.754691750226016,-73.99740189313889,290760
2019-12-09,40.7451677,-73.98683077,290761
2019-12-09,40.74096374,-73.98602213,290761
2019-12-09,40.76341379,-73.99667444,290762
2019-12-09,40.777507027547976,-73.98888587951659,290762
2019-12-09,40.74691959,-74.00451887,290763
2019-12-09,40.751396,-74.005226,290763
2019-12-09,40.68962188790333,-73.98304268717766,290764
2019-12-09,40.69327018,-73.97703874,290764
2019-12-09,40.71335226222875,-73.9491033554077,290765
2019-12-09,40.7284186,-73.98713956,290765
2019-12-09,40.6610633719006,-73.97945255041122,290766
2019-12-09,40.6610633719006,-73.97945255041122,290766
2019-12-09,40.706237,-73.933871,290767
2019-12-09,40.702013,-73.923769,290767
2019-12-09,40.71893904,-73.99266288,290768
2019-12-09,40.71939226,-74.00247214,290768
2019-12-09,40.75929124,-73.98859651,290770
2019-12-09,40.735445,-73.99431,290770
2019-12-09,40.746647,-73.993915,290771
2019-12-09,40.75066386,-74.00176802,290771
2019-12-09,40.7806284,-73.9521667,290772
2019-12-09,40.7961535,-73.94782145,290772
2019-12-09,40.8107922,-73.9430681,290773
2019-12-09,40.805726,-73.936322,290773
2019-12-09,40.72494672359416,-74.00165855884552,290774
2019-12-09,40.734232,-73.986923,290774
2019-12-09,40.74395411,-73.99144871,290775
2019-12-09,40.74395411,-73.99144871,290775
2019-12-09,40.7546011026,-73.971878855,290776
2019-12-09,40.76312584,-73.96526895,290776
2019-12-09,40.73935542,-73.99931783,290777
2019-12-09,40.71754834,-74.01322069,290777
2019-12-09,40.7575699,-73.99098507,290778
2019-12-09,40.74322681432173,-73.97449783980846,290778
2019-12-09,40.739445,-73.976806,290779
2019-12-09,40.76727216,-73.99392888,290779
2019-12-09,40.75001986,-73.96905301,290780
2019-12-09,40.75323098,-73.97032517,290780
2019-12-09,40.74901271,-73.98848395,290781
2019-12-09,40.7475739589548,-73.9788007736206,290781
2019-12-09,40.80949534777948,-73.94776493310928,290782
2019-12-09,40.8107922,-73.9430681,290782
2019-12-09,40.716887,-73.963198,290783
2019-12-09,40.7190095,-73.95852515,290783
2019-12-09,40.73291553,-74.00711384,290784
2019-12-09,40.72903917,-73.99404649,290784
2019-12-09,40.7922553,-73.95249933,290785
2019-12-09,40.77966809007312,-73.98093044757842,290785
2019-12-09,40.69102925677968,-73.99183362722397,290786
2019-12-09,40.6827549,-73.98258555,290786
2019-12-09,40.73401143,-74.00293877,290787
2019-12-09,40.72453734,-73.98185424,290787
2019-12-09,40.741459,-73.983293,290788
2019-12-09,40.74691959,-74.00451887,290788
2019-12-09,40.718822,-73.99596,290789
2019-12-09,40.72317958,-73.99480012,290789
2019-12-09,40.76030096,-73.99884222,290790
2019-12-09,40.75513557,-73.98658032,290790
2019-12-09,40.75724567911726,-73.97805914282799,290791
2019-12-09,40.754120810779256,-73.98025184869766,290791
2019-12-09,40.752269,-73.982079,290792
2019-12-09,40.75640548,-73.9900262,290792
2019-12-09,40.74173969,-73.99415556,290793
2019-12-09,40.746647,-73.993915,290793
2019-12-09,40.74290902,-73.97706058,290794
2019-12-09,40.74765947,-73.98490707,290794
2019-12-09,40.76095756,-73.96724467,290795
2019-12-09,40.75110165,-73.94073717,290795
2019-12-09,40.68981035,-73.97493121,290796
2019-12-09,40.69610226,-73.96751037,290796
2019-12-09,40.716887,-73.963198,290797
2019-12-09,40.70924826276157,-73.96063148975372,290797
2019-12-09,40.72299208,-73.97995466,290798
2019-12-09,40.72082834,-73.97793172,290798
2019-12-09,40.73221853,-73.98165557,290799
2019-12-09,40.73454567,-73.99074142,290799
2019-12-09,40.75466591,-73.99138152,290800
2019-12-09,40.7489006,-73.97604882,290800
2019-12-09,40.75934501,-73.96759673,290801
2019-12-09,40.74144387,-73.97536082,290801
2019-12-09,40.7857851,-73.957481,290802
2019-12-09,40.77118287540658,-73.96409422159195,290802
2019-12-09,40.736502,-73.97809472,290803
2019-12-09,40.74096374,-73.98602213,290803
2019-12-09,40.73020660529954,-73.99102628231049,290804
2019-12-09,40.72706363348306,-73.99662137031554,290804
2019-12-09,40.79904139288298,-73.96649479866028,290805
2019-12-09,40.75455731,-73.96592976,290805
2019-12-09,40.74173969,-73.99415556,290806
2019-12-09,40.7390169121,-74.0026376103,290806
2019-12-09,40.75660359,-73.9979009,290807
2019-12-09,40.76030096,-73.99884222,290807
2019-12-09,40.73912601,-73.97973776,290808
2019-12-09,40.73532427,-73.99800419,290808
2019-12-09,40.754120810779256,-73.98025184869766,290809
2019-12-09,40.7575699,-73.99098507,290809
2019-12-09,40.722103786686034,-73.99724900722504,290810
2019-12-09,40.718822,-73.99596,290810
2019-12-09,40.76370739,-73.9851615,290811
2019-12-09,40.76019252,-73.9912551,290811
2019-12-09,40.718822,-73.99596,290812
2019-12-09,40.722103786686034,-73.99724900722504,290812
2019-12-09,40.73143724085228,-73.99490341544151,290813
2019-12-09,40.734814,-73.992085,290813
2019-12-09,40.6845683,-73.95881081,290814
2019-12-09,40.69795031569544,-73.97077560424805,290814
2019-12-09,40.72779126,-73.98564945,290815
2019-12-09,40.73038599,-74.00214988,290815
2019-12-09,40.71273266,-74.0046073,290816
2019-12-09,40.6867443,-73.99063168,290816
2019-12-09,40.74964,-73.98805,290817
2019-12-09,40.75724567911726,-73.97805914282799,290817
2019-12-09,40.73038599,-74.00214988,290818
2019-12-09,40.73454567,-73.99074142,290818
2019-12-09,40.782593,-73.971211,290819
2019-12-09,40.79406660818552,-73.96286845207214,290819
2019-12-09,40.7829391,-73.9786517,290820
2019-12-09,40.7867947,-73.977112,290820
2019-12-09,40.78524672,-73.97667321,290821
2019-12-09,40.7981856,-73.9605909006,290821
2019-12-09,40.809725,-73.953149,290822
2019-12-09,40.8045555,-73.9396861,290822
2019-12-09,40.71850211,-73.98329859,290823
2019-12-09,40.71625008,-74.0091059,290823
2019-12-09,40.8025566,-73.9490782,290824
2019-12-09,40.79329668,-73.9432083,290824
2019-12-09,40.805726,-73.936322,290825
2019-12-09,40.809725,-73.953149,290825
2019-12-09,40.7667405590595,-73.9790689945221,290826
2019-12-09,40.766368,-73.971518,290826
2019-12-09,40.74487634,-73.99529885,290827
2019-12-09,40.74238787,-73.99726235,290827
2019-12-09,40.72228087,-73.97668709,290828
2019-12-09,40.72456089,-73.99565293,290828
2019-12-09,40.722103786686034,-73.99724900722504,290829
2019-12-09,40.71939226,-74.00247214,290829
2019-12-09,40.711512,-74.015756,290830
2019-12-09,40.73291553,-74.00711384,290830
2019-12-09,40.6830456,-74.00348559,290831
2019-12-09,40.680611,-73.99475825,290831
2019-12-09,40.73704984,-73.99009296,290832
2019-12-09,40.73020660529954,-73.99102628231049,290832
2019-12-09,40.76500525,-73.95818491,290833
2019-12-09,40.77112927,-73.95772297,290833
2019-12-09,40.73704984,-73.99009296,290834
2019-12-09,40.74177603,-74.00149746,290834
2019-12-09,40.75797322,-73.96603308,290835
2019-12-09,40.7689738,-73.95482273,290835
2019-12-09,40.72557,-73.94434,290836
2019-12-09,40.71816969454208,-73.95520135760307,290836
2019-12-09,40.7667405590595,-73.9790689945221,290837
2019-12-09,40.766368,-73.971518,290837
2019-12-09,40.74322681432173,-73.97449783980846,290838
2019-12-09,40.76344058,-73.98268129,290838
2019-12-09,40.76663814,-73.95348296,290839
2019-12-09,40.74780373,-73.9734419,290839
2019-12-09,40.71915571696044,-73.94885390996933,290840
2019-12-09,40.71907891179564,-73.94223690032959,290840
2019-12-09,40.7208736,-73.98085795,290841
2019-12-09,40.72082834,-73.97793172,290841
2019-12-09,40.76095756,-73.96724467,290842
2019-12-09,40.75992262,-73.97648516,290842
2019-12-09,40.71754834,-74.01322069,290843
2019-12-09,40.76727216,-73.99392888,290843
2019-12-09,40.75513557,-73.98658032,290844
2019-12-09,40.751873,-73.977706,290844
2019-12-09,40.6750207,-73.97111473,290845
2019-12-09,40.6630619,-73.9538746,290845
2019-12-09,40.77477944895728,-73.95427465438843,290846
2019-12-09,40.7612274,-73.96094022,290846
2019-12-09,40.73269,-73.98974,290847
2019-12-09,40.72746420692392,-73.97950418293476,290847
2019-12-09,40.735445,-73.99431,290848
2019-12-09,40.73226398,-73.99852205,290848
2019-12-09,40.722103786686034,-73.99724900722504,290849
2019-12-09,40.71602118,-73.99974372,290849
2019-12-09,40.7381765,-73.97738662,290850
2019-12-09,40.73781509,-73.99994661,290850
2019-12-09,40.76344058,-73.98268129,290851
2019-12-09,40.7546011026,-73.971878855,290851
2019-12-09,40.754691750226016,-73.99740189313889,290852
2019-12-09,40.7652654,-73.98192338,290852
2019-12-09,40.76360467795863,-73.98917958140373,290853
2019-12-09,40.761573,-73.972628,290853
2019-12-09,40.751873,-73.977706,290854
2019-12-09,40.7462009,-73.98855723,290854
2019-12-09,40.75066386,-74.00176802,290855
2019-12-09,40.7505853470215,-73.9946848154068,290855
2019-12-09,40.71602118,-73.99974372,290856
2019-12-09,40.71406667,-73.99293911,290856
2019-12-09,40.746647,-73.993915,290857
2019-12-09,40.76727216,-73.99392888,290857
2019-12-09,40.74734825,-73.99723551,290858
2019-12-09,40.73827428,-73.98751968,290858
2019-12-09,40.72621788,-73.98379855,290859
2019-12-09,40.72217444,-73.98368779,290859
2019-12-09,40.7403432,-73.98955109,290860
2019-12-09,40.751551,-73.993934,290860
2019-12-09,40.72217444,-73.98368779,290861
2019-12-09,40.72917025,-73.99810231,290861
2019-12-09,40.70461,-73.91054,290862
2019-12-09,40.704876,-73.919911,290862
2019-12-09,40.76344058,-73.98268129,290863
2019-12-09,40.782593,-73.971211,290863
2019-12-09,40.751396,-74.005226,290864
2019-12-09,40.74734825,-73.99723551,290864
2019-12-09,40.72299208,-73.97995466,290865
2019-12-09,40.72521311,-73.97768752,290865
2019-12-09,40.73047309,-73.98672378,290866
2019-12-09,40.73020660529954,-73.99102628231049,290866
2019-12-09,40.72706363348306,-73.99662137031554,290867
2019-12-09,40.739323,-74.008119,290867
2019-12-09,40.72706363348306,-73.99662137031554,290868
2019-12-09,40.73944820130404,-74.00507032871246,290868
2019-12-09,40.782593,-73.971211,290869
2019-12-09,40.7882213,-73.97041561,290869
2019-12-09,40.72706363348306,-73.99662137031554,290870
2019-12-09,40.73944820130404,-74.00507032871246,290870
2019-12-09,40.71911552,-74.00666661,290871
2019-12-09,40.71939226,-74.00247214,290871
2019-12-09,40.73331967,-73.99510132,290872
2019-12-09,40.734814,-73.992085,290872
2019-12-09,40.70955958,-74.00653609,290873
2019-12-09,40.71406667,-73.99293911,290873
2019-12-09,40.72706363348306,-73.99662137031554,290874
2019-12-09,40.73944820130404,-74.00507032871246,290874
2019-12-09,40.77149671054441,-73.99046033620834,290875
2019-12-09,40.749717753,-74.002950346,290875
2019-12-09,40.7454973,-74.00197139,290876
2019-12-09,40.74173969,-73.99415556,290876
2019-12-09,40.74780373,-73.9734419,290877
2019-12-09,40.7643971,-73.97371465,290877
2019-12-09,40.75019995,-73.99093085,290878
2019-12-09,40.75172632,-73.98753523,290878
2019-12-09,40.74334935,-74.00681753,290879
2019-12-09,40.74275382865903,-74.00747358798981,290879
2019-12-09,40.7747878,-73.9125551,290880
2019-12-09,40.7787185,-73.9145645,290880
2019-12-09,40.71117444,-73.99682619,290881
2019-12-09,40.72082834,-73.97793172,290881
2019-12-09,40.75001986,-73.96905301,290882
2019-12-09,40.744219,-73.97121214,290882
2019-12-09,40.7612274,-73.96094022,290883
2019-12-09,40.7546011026,-73.971878855,290883
2019-12-09,40.69236178,-73.98631746,290884
2019-12-09,40.6902375,-73.99203074,290884
2019-12-09,40.73535398,-74.00483091,290885
2019-12-09,40.73172428,-74.00674436,290885
2019-12-09,40.73143724085228,-73.99490341544151,290886
2019-12-09,40.72746420692392,-73.97950418293476,290886
2019-12-09,40.73704984,-73.99009296,290887
2019-12-09,40.74173969,-73.99415556,290887
2019-12-09,40.74275382865903,-74.00747358798981,290888
2019-12-09,40.7505853470215,-73.9946848154068,290888
2019-12-09,40.7857851,-73.957481,290889
2019-12-09,40.7922553,-73.95249933,290889
2019-12-09,40.7451677,-73.98683077,290890
2019-12-09,40.7462009,-73.98855723,290890
2019-12-09,40.72456089,-73.99565293,290891
2019-12-09,40.72019576,-73.98997825,290891
2019-12-09,40.74275382865903,-74.00747358798981,290892
2019-12-09,40.7505853470215,-73.9946848154068,290892
2019-12-09,40.734232,-73.986923,290893
2019-12-09,40.73827428,-73.98751968,290893
2019-12-09,40.72502876,-73.99069656,290894
2019-12-09,40.738046142482766,-73.99642959237099,290894
2019-12-09,40.70706456,-74.00731853,290895
2019-12-09,40.70355377,-74.00670227,290895
2019-12-09,40.76370739,-73.9851615,290896
2019-12-09,40.75466591,-73.99138152,290896
2019-12-09,40.73454567,-73.99074142,290897
2019-12-09,40.738046142482766,-73.99642959237099,290897
2019-12-09,40.74765947,-73.98490707,290898
2019-12-09,40.73726186,-73.99238967,290898
2019-12-09,40.7945663,-73.9362541,290899
2019-12-09,40.7989445,-73.944846,290899
2019-12-09,40.72019521437465,-74.0103006362915,290900
2019-12-09,40.72405549,-74.00965965,290900
2019-12-09,40.73587678,-73.98205027,290901
2019-12-09,40.722055,-73.989111,290901
2019-12-09,40.72706363348306,-73.99662137031554,290902
2019-12-09,40.73226398,-73.99852205,290902
2019-12-09,40.72706363348306,-73.99662137031554,290903
2019-12-09,40.72229346,-73.99147535,290903
2019-12-09,40.799139,-73.9389152,290904
2019-12-09,40.8114323,-73.9518776,290904
2019-12-09,40.76302594280519,-73.97209525108337,290905
2019-12-09,40.754120810779256,-73.98025184869766,290905
2019-12-09,40.6867443,-73.99063168,290906
2019-12-09,40.6861758,-73.99645295,290906
2019-12-09,40.72362738,-73.99949601,290907
2019-12-09,40.72228087,-73.97668709,290907
2019-12-09,40.71534825,-73.96024116,290908
2019-12-09,40.71247661,-73.94100005,290908
2019-12-09,40.74487634,-73.99529885,290909
2019-12-09,40.7451677,-73.98683077,290909
2019-12-09,40.75466591,-73.99138152,290910
2019-12-09,40.74734825,-73.99723551,290910
2019-12-09,40.72779126,-73.98564945,290911
2019-12-09,40.72521311,-73.97768752,290911
2019-12-09,40.73038599,-74.00214988,290912
2019-12-09,40.72317958,-73.99480012,290912
2019-12-09,40.763954,-73.9646,290913
2019-12-09,40.7597108,-73.97402311,290913
2019-12-09,40.72966729392978,-73.98067966103554,290914
2019-12-09,40.72228087,-73.97668709,290914
2019-12-09,40.68506807308177,-73.97790759801863,290915
2019-12-09,40.6847514,-73.99917254,290915
2019-12-09,40.72317958,-73.99480012,290916
2019-12-09,40.71427487,-73.98990025,290916
2019-12-09,40.71286844,-73.95698119,290917
2019-12-09,40.72906,-73.95779,290917
2019-12-09,40.72405549,-74.00965965,290918
2019-12-09,40.72243797,-74.00566443,290918
2019-12-09,40.71559509,-73.9870295,290919
2019-12-09,40.71427487,-73.98990025,290919
2019-12-09,40.76727216,-73.99392888,290920
2019-12-09,40.76360467795863,-73.98917958140373,290920
2019-12-09,40.69196566,-73.9813018,290921
2019-12-09,40.6849894,-73.99440329,290921
2019-12-09,40.71291224,-74.01020234,290922
2019-12-09,40.71939226,-74.00247214,290922
2019-12-09,40.69308257,-73.97178913,290923
2019-12-09,40.68981035,-73.97493121,290923
2019-12-09,40.69425403,-73.94626915,290924
2019-12-09,40.69957608,-73.94708417,290924
2019-12-09,40.75019995,-73.99093085,290925
2019-12-09,40.746647,-73.993915,290925
2019-12-09,40.72953837,-73.98426726,290926
2019-12-09,40.734814,-73.992085,290926
2019-12-09,40.7687620293096,-73.95840793848038,290927
2019-12-09,40.75992262,-73.97648516,290927
2019-12-09,40.73143724085228,-73.99490341544151,290928
2019-12-09,40.73047747,-73.99906065,290928
2019-12-09,40.7454973,-74.00197139,290929
2019-12-09,40.75066386,-74.00176802,290929
2019-12-09,40.68691865,-73.976682,290930
2019-12-09,40.68940747,-73.96885458,290930
2019-12-09,40.72706363348306,-73.99662137031554,290931
2019-12-09,40.734814,-73.992085,290931
2019-12-09,40.72456089,-73.99565293,290932
2019-12-09,40.73020660529954,-73.99102628231049,290932
2019-12-09,40.7997568,-73.9621128676,290933
2019-12-09,40.801694,-73.957145,290933
2019-12-09,40.734232,-73.986923,290934
2019-12-09,40.74322681432173,-73.97449783980846,290934
2019-12-09,40.76030096,-73.99884222,290935
2019-12-09,40.75466591,-73.99138152,290935
2019-12-09,40.722055,-73.989111,290936
2019-12-09,40.71173107,-73.99193043,290936
2019-12-09,40.77579376683666,-73.9762057363987,290937
2019-12-09,40.76590936,-73.97634151,290937
2019-12-09,40.75929124,-73.98859651,290938
2019-12-09,40.76132983124814,-73.97982001304626,290938
2019-12-09,40.680342423,-73.9557689392,290939
2019-12-09,40.71816969454208,-73.95520135760307,290939
2019-12-09,40.734232,-73.986923,290940
2019-12-09,40.713126,-73.984844,290940
2019-12-09,40.69196566,-73.9813018,290941
2019-12-09,40.69308257,-73.97178913,290941
2019-12-09,40.68415748,-73.96922273,290942
2019-12-09,40.70076,-73.93641,290942
2019-12-09,40.74275382865903,-74.00747358798981,290943
2019-12-09,40.70569254,-74.01677685,290943
2019-12-09,40.734232,-73.986923,290944
2019-12-09,40.73726186,-73.99238967,290944
2019-12-09,40.74286877312112,-73.98918628692627,290945
2019-12-09,40.74734825,-73.99723551,290945
2019-12-09,40.734232,-73.986923,290946
2019-12-09,40.73381219196632,-73.98054420948029,290946
2019-12-09,40.71739973,-73.98016555,290947
2019-12-09,40.72966729392978,-73.98067966103554,290947
2019-12-09,40.6763947,-73.99869893,290948
2019-12-09,40.6750705,-73.98775226,290948
2019-12-09,40.735445,-73.99431,290949
2019-12-09,40.734232,-73.986923,290949
2019-12-09,40.77579376683666,-73.9762057363987,290950
2019-12-09,40.76590936,-73.97634151,290950
2019-12-09,40.756913,-73.921631,290951
2019-12-09,40.761584,-73.925921,290951
2019-12-09,40.7612274,-73.96094022,290952
2019-12-09,40.76915505,-73.98191841,290952
2019-12-09,40.72903917,-73.99404649,290953
2019-12-09,40.73381219196632,-73.98054420948029,290953
2019-12-09,40.73704984,-73.99009296,290954
2019-12-09,40.72903917,-73.99404649,290954
2019-12-09,40.76780080148132,-73.96592080593109,290955
2019-12-09,40.76780080148132,-73.96592080593109,290955
2019-12-09,40.75513557,-73.98658032,290956
2019-12-09,40.751873,-73.977706,290956
2019-12-09,40.759125,-73.962658,290957
2019-12-09,40.76500525,-73.95818491,290957
2019-12-09,40.79747,-73.93504,290958
2019-12-09,40.76095756,-73.96724467,290958
2019-12-09,40.69165183,-73.9999786,290959
2019-12-09,40.6849894,-73.99440329,290959
2019-12-09,40.74734825,-73.99723551,290960
2019-12-09,40.7505853470215,-73.9946848154068,290960
2019-12-09,40.77149671054441,-73.99046033620834,290961
2019-12-09,40.76915505,-73.98191841,290961
2019-12-09,40.74144387,-73.97536082,290962
2019-12-09,40.71173107,-73.99193043,290962
2019-12-09,40.75898481399634,-73.99379968643188,290963
2019-12-09,40.75724567911726,-73.97805914282799,290963
2019-12-09,40.6795766,-73.97854971,290964
2019-12-09,40.6686273,-73.98700053,290964
2019-12-09,40.70365182,-74.01167797,290965
2019-12-09,40.7153379,-74.01658354,290965
2019-12-09,40.7839636,-73.9471673,290966
2019-12-09,40.7869946,-73.94164802,290966
2019-12-09,40.7575699,-73.99098507,290967
2019-12-09,40.7575699,-73.99098507,290967
2019-12-09,40.72217444,-73.98368779,290968
2019-12-09,40.734232,-73.986923,290968
2019-12-09,40.68841,-73.979458,290969
2019-12-09,40.6853761,-73.98302136,290969
2019-12-09,40.735238,-74.000271,290970
2019-12-09,40.73291553,-74.00711384,290970
2019-12-09,40.7961535,-73.94782145,290971
2019-12-09,40.7987859,-73.9523,290971
2019-12-09,40.7403432,-73.98955109,290972
2019-12-09,40.74475148,-73.99915362,290972
2019-12-09,40.71269042,-73.98776323,290973
2019-12-09,40.72229346,-73.99147535,290973
2019-12-09,40.73172428,-74.00674436,290974
2019-12-09,40.735238,-74.000271,290974
2019-12-09,40.68650065,-73.96563307,290975
2019-12-09,40.715143,-73.944507,290975
2019-12-09,40.74394314,-73.97966069,290976
2019-12-09,40.744219,-73.97121214,290976
2019-12-09,40.741459,-73.983293,290977
2019-12-09,40.749156,-73.9916,290977
2019-12-09,40.73704984,-73.99009296,290978
2019-12-09,40.73020660529954,-73.99102628231049,290978
2019-12-09,40.73314259,-73.97573881,290979
2019-12-09,40.734232,-73.986923,290979
2019-12-09,40.752165280621966,-73.97992193698882,290980
2019-12-09,40.75640548,-73.9900262,290980
2019-12-09,40.73587678,-73.98205027,290981
2019-12-09,40.72502876,-73.99069656,290981
2019-12-09,40.7869946,-73.94164802,290982
2019-12-09,40.7903051,-73.94755757,290982
2019-12-09,40.746745,-74.007756,290983
2019-12-09,40.73704984,-73.99009296,290983
2019-12-09,40.76312584,-73.96526895,290984
2019-12-09,40.76590936,-73.97634151,290984
2019-12-09,40.74252,-73.948852,290985
2019-12-09,40.74128309355993,-73.93725872039794,290985
2019-12-09,40.75255434,-73.97282625,290986
2019-12-09,40.74901271,-73.98848395,290986
2019-12-09,40.73331967,-73.99510132,290987
2019-12-09,40.734814,-73.992085,290987
2019-12-09,40.795346,-73.96186,290988
2019-12-09,40.7451677,-73.98683077,290988
2019-12-09,40.7390169121,-74.0026376103,290989
2019-12-09,40.73331967,-73.99510132,290989
2019-12-09,40.74286877312112,-73.98918628692627,290990
2019-12-09,40.7047177,-74.00926027,290990
2019-12-09,40.746745,-74.007756,290991
2019-12-09,40.73726186,-73.99238967,290991
2019-12-09,40.72521311,-73.97768752,290992
2019-12-09,40.72903917,-73.99404649,290992
2019-12-09,40.7667405590595,-73.9790689945221,290993
2019-12-09,40.76095756,-73.96724467,290993
2019-12-09,40.73291553,-74.00711384,290994
2019-12-09,40.718822,-73.99596,290994
2019-12-09,40.74290902,-73.97706058,290995
2019-12-09,40.7457121,-73.98194829,290995
2019-12-09,40.69957608,-73.94708417,290996
2019-12-09,40.71924,-73.95242,290996
2019-12-09,40.72917025,-73.99810231,290997
2019-12-09,40.73532427,-73.99800419,290997
2019-12-09,40.71816969454208,-73.95520135760307,290998
2019-12-09,40.710451,-73.960876,290998
2019-12-09,40.71427487,-73.98990025,290999
2019-12-09,40.72019576,-73.98997825,290999
2019-12-09,40.718822,-73.99596,291000
2019-12-09,40.749717753,-74.002950346,291000
2019-12-09,40.76302594280519,-73.97209525108337,291001
2019-12-09,40.76915505,-73.98191841,291001
2019-12-09,40.71766197083994,-73.94880026578903,291002
2019-12-09,40.711863,-73.944024,291002
2019-12-09,40.739445,-73.976806,291003
2019-12-09,40.73587678,-73.98205027,291003
2019-12-09,40.751551,-73.993934,291004
2019-12-09,40.7597108,-73.97402311,291004
2019-12-09,40.74238787,-73.99726235,291005
2019-12-09,40.73971301,-73.99456405,291005
2019-12-09,40.74177603,-74.00149746,291006
2019-12-09,40.74096374,-73.98602213,291006
2019-12-09,40.71406667,-73.99293911,291007
2019-12-09,40.72917025,-73.99810231,291007
2019-12-09,40.75651272984955,-73.92957486212252,291008
2019-12-09,40.760339,-73.9222427,291008
2019-12-09,40.6737236,-73.9631611,291009
2019-12-09,40.6610633719006,-73.97945255041122,291009
2019-12-09,40.72082834,-73.97793172,291010
2019-12-09,40.72228087,-73.97668709,291010
2019-12-09,40.71406667,-73.99293911,291011
2019-12-09,40.72110063,-73.9919254,291011
2019-12-09,40.71076228,-73.99400398,291012
2019-12-09,40.7037992,-74.00838676,291012
2019-12-09,40.76068327096592,-73.9845272898674,291013
2019-12-09,40.76030096,-73.99884222,291013
2019-12-09,40.6851443,-73.95380904,291014
2019-12-09,40.69064807082943,-73.95746178925037,291014
2019-12-09,40.73172428,-74.00674436,291015
2019-12-09,40.74487634,-73.99529885,291015
2019-12-09,40.68676793,-73.95928168,291016
2019-12-09,40.697787,-73.973736,291016
2019-12-09,40.73026,-73.95394,291017
2019-12-09,40.7239567849954,-73.94984364509583,291017
2019-12-09,40.72746420692392,-73.97950418293476,291018
2019-12-09,40.7390169121,-74.0026376103,291018
2019-12-09,40.74765947,-73.98490707,291019
2019-12-09,40.754120810779256,-73.98025184869766,291019
2019-12-09,40.711512,-74.015756,291020
2019-12-09,40.70463,-74.01507,291020
2019-12-09,40.75640548,-73.9900262,291021
2019-12-09,40.76227205,-73.98788205,291021
2019-12-09,40.72621788,-73.98379855,291022
2019-12-09,40.72521311,-73.97768752,291022
2019-12-09,40.71739973,-73.98016555,291023
2019-12-09,40.71406667,-73.99293911,291023
2019-12-09,40.71273266,-74.0046073,291024
2019-12-09,40.71485150526252,-74.01122331619263,291024
2019-12-09,40.73587678,-73.98205027,291025
2019-12-09,40.74322681432173,-73.97449783980846,291025
2019-12-09,40.7505853470215,-73.9946848154068,291026
2019-12-09,40.74964,-73.98805,291026
2019-12-09,40.74096374,-73.98602213,291027
2019-12-09,40.7208736,-73.98085795,291027
2019-12-09,40.718822,-73.99596,291028
2019-12-09,40.73224119,-74.00026394,291028
2019-12-09,40.76915505,-73.98191841,291029
2019-12-09,40.77966809007312,-73.98093044757842,291029
2019-12-09,40.74238787,-73.99726235,291030
2019-12-09,40.74691959,-74.00451887,291030
2019-12-09,40.72307749068673,-73.98583620786667,291031
2019-12-09,40.735445,-73.99431,291031
2019-12-09,40.718822,-73.99596,291032
2019-12-09,40.71893904,-73.99266288,291032
2019-12-09,40.808442,-73.9452087,291033
2019-12-09,40.804038,-73.945925,291033
2019-12-09,40.7172274,-73.98802084,291034
2019-12-09,40.71622644,-73.98261206,291034
2019-12-09,40.74394314,-73.97966069,291035
2019-12-09,40.73704984,-73.99009296,291035
2019-12-09,40.7489006,-73.97604882,291036
2019-12-09,40.75898481399634,-73.99379968643188,291036
2019-12-09,40.76009437,-73.99461843,291037
2019-12-09,40.75066386,-74.00176802,291037
2019-12-09,40.74765947,-73.98490707,291038
2019-12-09,40.74901271,-73.98848395,291038
2019-12-09,40.73314259,-73.97573881,291039
2019-12-09,40.736502,-73.97809472,291039
2019-12-09,40.7973721,-73.97041192,291040
2019-12-09,40.7922553,-73.95249933,291040
2019-12-09,40.71117416,-74.00016545,291041
2019-12-09,40.711066,-74.009447,291041
2019-12-09,40.73454567,-73.99074142,291042
2019-12-09,40.72228087,-73.97668709,291042
2019-12-09,40.711863,-73.944024,291043
2019-12-09,40.707174,-73.93581,291043
2019-12-09,40.6795766,-73.97854971,291044
2019-12-09,40.69241829257847,-73.98949474096298,291044
2019-12-09,40.7527085,-73.9397405,291045
2019-12-09,40.74718234,-73.9432635,291045
2019-12-09,40.7457121,-73.98194829,291046
2019-12-09,40.74144387,-73.97536082,291046
2019-12-09,40.71910537,-73.99973337,291047
2019-12-09,40.71173107,-73.99193043,291047
2019-12-09,40.71893904,-73.99266288,291048
2019-12-09,40.72299208,-73.97995466,291048
2019-12-09,40.75510267,-73.97498696,291049
2019-12-09,40.744219,-73.97121214,291049
2019-12-09,40.72953837,-73.98426726,291050
2019-12-09,40.6610633719006,-73.97945255041122,291050
2019-12-09,40.722103786686034,-73.99724900722504,291051
2019-12-09,40.728846,-74.008591,291051
2019-12-09,40.7149787,-74.013012,291052
2019-12-09,40.711512,-74.015756,291052
2019-12-09,40.71745169,-73.95850939,291053
2019-12-09,40.71285887,-73.96590294,291053
2019-12-09,40.74096374,-73.98602213,291054
2019-12-09,40.73038599,-74.00214988,291054
2019-12-09,40.71413089,-73.9970468,291055
2019-12-09,40.711512,-74.015756,291055
2019-12-09,40.7489006,-73.97604882,291056
2019-12-09,40.74173969,-73.99415556,291056
2019-12-09,40.7954121,-73.9441232,291057
2019-12-09,40.8011939,-73.9500739,291057
2019-12-09,40.76370739,-73.9851615,291058
2019-12-09,40.75724567911726,-73.97805914282799,291058
2019-12-09,40.75323098,-73.97032517,291059
2019-12-09,40.7568001,-73.98291153,291059
2019-12-09,40.724055,-73.955736,291060
2019-12-09,40.7190095,-73.95852515,291060
2019-12-09,40.75513557,-73.98658032,291061
2019-12-09,40.751581,-73.97791,291061
2019-12-09,40.7945663,-73.9362541,291062
2019-12-09,40.7817212,-73.94594,291062
2019-12-09,40.69241829257847,-73.98949474096298,291063
2019-12-09,40.68962188790333,-73.98304268717766,291063
2019-12-09,40.75510267,-73.97498696,291064
2019-12-09,40.744219,-73.97121214,291064
2019-12-09,40.72917025,-73.99810231,291065
2019-12-09,40.72453734,-73.98185424,291065
2019-12-09,40.718822,-73.99596,291066
2019-12-09,40.72317958,-73.99480012,291066
2019-12-09,40.74964,-73.98805,291067
2019-12-09,40.72917025,-73.99810231,291067
2019-12-09,40.74173969,-73.99415556,291068
2019-12-09,40.75466591,-73.99138152,291068
2019-12-09,40.7575699,-73.99098507,291069
2019-12-09,40.75500254,-73.98014437,291069
2019-12-09,40.72311651,-73.95212324,291070
2019-12-09,40.71745169,-73.95850939,291070
2019-12-09,40.7403432,-73.98955109,291071
2019-12-09,40.72951496224949,-73.99075269699097,291071
2019-12-09,40.75172632,-73.98753523,291072
2019-12-09,40.741459,-73.983293,291072
2019-12-09,40.7454973,-74.00197139,291073
2019-12-09,40.73935542,-73.99931783,291073
2019-12-09,40.72453734,-73.98185424,291074
2019-12-09,40.72903917,-73.99404649,291074
2019-12-09,40.76915505,-73.98191841,291075
2019-12-09,40.768254,-73.988639,291075
2019-12-09,40.75466591,-73.99138152,291076
2019-12-09,40.752269,-73.982079,291076
2019-12-09,40.75934501,-73.96759673,291077
2019-12-09,40.75797322,-73.96603308,291077
2019-12-09,40.746745,-74.007756,291078
2019-12-09,40.72019521437465,-74.0103006362915,291078
2019-12-09,40.74964,-73.98805,291079
2019-12-09,40.7457121,-73.98194829,291079
2019-12-09,40.73381219196632,-73.98054420948029,291080
2019-12-09,40.74317449,-74.00366443,291080
2019-12-09,40.74964,-73.98805,291081
2019-12-09,40.72917025,-73.99810231,291081
2019-12-09,40.77118287540658,-73.96409422159195,291082
2019-12-09,40.7770575,-73.97898475,291082
2019-12-09,40.735367055605394,-73.98797392845154,291083
2019-12-09,40.7381765,-73.97738662,291083
2019-12-09,40.76500525,-73.95818491,291084
2019-12-09,40.77118287540658,-73.96409422159195,291084
2019-12-09,40.75640548,-73.9900262,291085
2019-12-09,40.763189,-73.978434,291085
2019-12-09,40.73020660529954,-73.99102628231049,291086
2019-12-09,40.73704984,-73.99009296,291086
2019-12-09,40.71494807,-74.00234482,291087
2019-12-09,40.72953837,-73.98426726,291087
2019-12-09,40.73401143,-74.00293877,291088
2019-12-09,40.7361967,-74.00859207,291088
2019-12-09,40.73971301,-73.99456405,291089
2019-12-09,40.735238,-74.000271,291089
2019-12-09,40.69573398,-73.97129668,291090
2019-12-09,40.69363137,-73.96223558,291090
2019-12-09,40.7153379,-74.01658354,291091
2019-12-09,40.718822,-73.99596,291091
2019-12-09,40.74334935,-74.00681753,291092
2019-12-09,40.73726186,-73.99238967,291092
2019-12-09,40.73223272,-73.98889957,291093
2019-12-09,40.72903917,-73.99404649,291093
2019-12-09,40.72066442,-73.98517977,291094
2019-12-09,40.71427487,-73.98990025,291094
2019-12-09,40.74286877312112,-73.98918628692627,291095
2019-12-09,40.75172632,-73.98753523,291095
2019-12-09,40.7734066,-73.97782542,291096
2019-12-09,40.7734066,-73.97782542,291096
2019-12-09,40.75640548,-73.9900262,291097
2019-12-09,40.74734825,-73.99723551,291097
2019-12-09,40.72243797,-74.00566443,291098
2019-12-09,40.718822,-73.99596,291098
2019-12-09,40.73269,-73.98974,291099
2019-12-09,40.72903917,-73.99404649,291099
2019-12-09,40.693261,-73.968896,291100
2019-12-09,40.688417427540834,-73.98451656103134,291100
2019-12-09,40.75660359,-73.9979009,291101
2019-12-09,40.751551,-73.993934,291101
2019-12-09,40.70905623,-74.01043382,291102
2019-12-09,40.70706456,-74.00731853,291102
2019-12-09,40.735238,-74.000271,291103
2019-12-09,40.73331967,-73.99510132,291103
2019-12-09,40.73143724085228,-73.99490341544151,291104
2019-12-09,40.72307749068673,-73.98583620786667,291104
2019-12-09,40.75797322,-73.96603308,291105
2019-12-09,40.75323098,-73.97032517,291105
2019-12-09,40.71427487,-73.98990025,291106
2019-12-09,40.71076228,-73.99400398,291106
2019-12-09,40.751873,-73.977706,291107
2019-12-09,40.75001986,-73.96905301,291107
2019-12-09,40.70924826276157,-73.96063148975372,291108
2019-12-09,40.70853074,-73.96408963,291108
2019-12-09,40.74780373,-73.9734419,291109
2019-12-09,40.770513,-73.988038,291109
2019-12-09,40.72743423,-73.99379025,291110
2019-12-09,40.74177603,-74.00149746,291110
2019-12-09,40.72706363348306,-73.99662137031554,291111
2019-12-09,40.71910537,-73.99973337,291111
2019-12-09,40.74290902,-73.97706058,291112
2019-12-09,40.7489006,-73.97604882,291112
2019-12-09,40.76227205,-73.98788205,291113
2019-12-09,40.749717753,-74.002950346,291113
2019-12-09,40.7451677,-73.98683077,291114
2019-12-09,40.7457121,-73.98194829,291114
2019-12-09,40.713126,-73.984844,291115
2019-12-09,40.778301,-73.9488134,291115
2019-12-09,40.73020660529954,-73.99102628231049,291116
2019-12-09,40.73047309,-73.98672378,291116
2019-12-09,40.76360467795863,-73.98917958140373,291117
2019-12-09,40.74937024193277,-73.99923384189606,291117
2019-12-09,40.76019252,-73.9912551,291118
2019-12-09,40.754691750226016,-73.99740189313889,291118
2019-12-09,40.70365182,-74.01167797,291119
2019-12-09,40.70717936,-74.00887308,291119
2019-12-09,40.73314259,-73.97573881,291120
2019-12-09,40.734232,-73.986923,291120
2019-12-09,40.74765947,-73.98490707,291121
2019-12-09,40.751873,-73.977706,291121
2019-12-09,40.71907891179564,-73.94223690032959,291122
2019-12-09,40.70539,-73.92976,291122
2019-12-09,40.68851534,-73.9647628,291123
2019-12-09,40.69839895,-73.98068914,291123
2019-12-09,40.68940747,-73.96885458,291124
2019-12-09,40.693261,-73.968896,291124
2019-12-09,40.74311555376486,-73.98215353488922,291125
2019-12-09,40.74311555376486,-73.98215353488922,291125
2019-12-09,40.738046142482766,-73.99642959237099,291126
2019-12-09,40.73827428,-73.98751968,291126
2019-12-09,40.73726186,-73.99238967,291127
2019-12-09,40.73291553,-74.00711384,291127
2019-12-09,40.73726186,-73.99238967,291128
2019-12-09,40.72706363348306,-73.99662137031554,291128
2019-12-09,40.74322681432173,-73.97449783980846,291129
2019-12-09,40.74290902,-73.97706058,291129
2019-12-09,40.722103786686034,-73.99724900722504,291130
2019-12-09,40.73020660529954,-73.99102628231049,291130
2019-12-09,40.76344058,-73.98268129,291131
2019-12-09,40.76341379,-73.99667444,291131
2019-12-09,40.76727216,-73.99392888,291132
2019-12-09,40.751551,-73.993934,291132
2019-12-09,40.76915505,-73.98191841,291133
2019-12-09,40.770513,-73.988038,291133
2019-12-09,40.71167351,-73.95141312,291134
2019-12-09,40.71167351,-73.95141312,291134
2019-12-09,40.799139,-73.9389152,291135
2019-12-09,40.8025566,-73.9490782,291135
2019-12-09,40.72019576,-73.98997825,291136
2019-12-09,40.72743423,-73.99379025,291136
2019-12-09,40.73454567,-73.99074142,291137
2019-12-09,40.736502,-73.97809472,291137
2019-12-09,40.71146364,-74.00552427,291138
2019-12-09,40.70365182,-74.01167797,291138
2019-12-09,40.69539817,-73.94954908,291139
2019-12-09,40.6772744,-73.98282002,291139
2019-12-09,40.749156,-73.9916,291140
2019-12-09,40.73971301,-73.99456405,291140
2019-12-09,40.70924826276157,-73.96063148975372,291141
2019-12-09,40.72708584,-73.95299117,291141
2019-12-09,40.72456089,-73.99565293,291142
2019-12-09,40.72502876,-73.99069656,291142
2019-12-09,40.710451,-73.960876,291143
2019-12-09,40.72066442,-73.98517977,291143
2019-12-09,40.73020660529954,-73.99102628231049,291144
2019-12-09,40.72019576,-73.98997825,291144
2019-12-09,40.7454973,-74.00197139,291145
2019-12-09,40.74173969,-73.99415556,291145
2019-12-09,40.71754834,-74.01322069,291146
2019-12-09,40.71754834,-74.01322069,291146
2019-12-09,40.75510267,-73.97498696,291147
2019-12-09,40.7687620293096,-73.95840793848038,291147
2019-12-09,40.738046142482766,-73.99642959237099,291148
2019-12-09,40.74334935,-74.00681753,291148
2019-12-09,40.73624527,-73.98473765,291149
2019-12-09,40.73020660529954,-73.99102628231049,291149
2019-12-09,40.70905623,-74.01043382,291150
2019-12-09,40.71625008,-74.0091059,291150
2019-12-09,40.741459,-73.983293,291151
2019-12-09,40.75898481399634,-73.99379968643188,291151
2019-12-09,40.70706456,-74.00731853,291152
2019-12-09,40.70355377,-74.00670227,291152
2019-12-09,40.7262807,-73.98978041,291153
2019-12-09,40.72019576,-73.98997825,291153
2019-12-09,40.71816969454208,-73.95520135760307,291154
2019-12-09,40.73266,-73.95826,291154
2019-12-09,40.73381219196632,-73.98054420948029,291155
2019-12-09,40.72066442,-73.98517977,291155
2019-12-09,40.72906,-73.95779,291156
2019-12-09,40.73564,-73.95866,291156
2019-12-09,40.6861758,-73.99645295,291157
2019-12-09,40.69239502,-73.99337909,291157
2019-12-09,40.7949879,-73.9333349,291158
2019-12-09,40.7892529,-73.93956237,291158
2019-12-09,40.74173969,-73.99415556,291159
2019-12-09,40.74394314,-73.97966069,291159
2019-12-09,40.72362738,-73.99949601,291160
2019-12-09,40.74691959,-74.00451887,291160
2019-12-09,40.76009437,-73.99461843,291161
2019-12-09,40.7568001,-73.98291153,291161
2019-12-09,40.72082834,-73.97793172,291162
2019-12-09,40.72951496224949,-73.99075269699097,291162
2019-12-09,40.74286877312112,-73.98918628692627,291163
2019-12-09,40.73827428,-73.98751968,291163
2019-12-09,40.76030096,-73.99884222,291164
2019-12-09,40.74780373,-73.9734419,291164
2019-12-09,40.74177603,-74.00149746,291165
2019-12-09,40.73726186,-73.99238967,291165
2019-12-09,40.76712840349542,-73.96224617958069,291166
2019-12-09,40.76095756,-73.96724467,291166
2019-12-09,40.680944723477296,-73.97567331790923,291167
2019-12-09,40.679043,-74.011169,291167
2019-12-09,40.76341379,-73.99667444,291168
2019-12-09,40.75299641,-73.98721619,291168
2019-12-09,40.74290902,-73.97706058,291169
2019-12-09,40.74290902,-73.97706058,291169
2019-12-09,40.770513,-73.988038,291170
2019-12-09,40.76915505,-73.98191841,291170
2019-12-09,40.722055,-73.989111,291171
2019-12-09,40.722103786686034,-73.99724900722504,291171
2019-12-09,40.7403432,-73.98955109,291172
2019-12-09,40.739445,-73.976806,291172
2019-12-09,40.69241829257847,-73.98949474096298,291173
2019-12-09,40.688417427540834,-73.98451656103134,291173
2019-12-09,40.73454567,-73.99074142,291174
2019-12-09,40.72903917,-73.99404649,291174
2019-12-09,40.7158155,-73.99422366,291175
2019-12-09,40.71739973,-73.98016555,291175
2019-12-09,40.75323098,-73.97032517,291176
2019-12-09,40.75022392,-73.97121414,291176
2019-12-09,40.75110165,-73.94073717,291177
2019-12-09,40.74524768,-73.94733276,291177
2019-12-09,40.741459,-73.983293,291178
2019-12-09,40.7505853470215,-73.9946848154068,291178
2019-12-09,40.74173969,-73.99415556,291179
2019-12-09,40.74691959,-74.00451887,291179
2019-12-09,40.79329668,-73.9432083,291180
2019-12-09,40.7849032,-73.950503,291180
2019-12-09,40.72953837,-73.98426726,291181
2019-12-09,40.71269042,-73.98776323,291181
2019-12-09,40.711512,-74.015756,291182
2019-12-09,40.70955958,-74.00653609,291182
2019-12-09,40.73143724085228,-73.99490341544151,291183
2019-12-09,40.73223272,-73.98889957,291183
2019-12-09,40.74731,-73.95451,291184
2019-12-09,40.74232744,-73.95411749,291184
2019-12-09,40.76370739,-73.9851615,291185
2019-12-09,40.75640548,-73.9900262,291185
2019-12-09,40.73143724085228,-73.99490341544151,291186
2019-12-09,40.7262807,-73.98978041,291186
2019-12-09,40.74322681432173,-73.97449783980846,291187
2019-12-09,40.7462009,-73.98855723,291187
2019-12-09,40.69766564,-73.98476437,291188
2019-12-09,40.69196566,-73.9813018,291188
2019-12-09,40.72740794,-73.98142006,291189
2019-12-09,40.71850211,-73.98329859,291189
2019-12-09,40.73587678,-73.98205027,291190
2019-12-09,40.74144387,-73.97536082,291190
2019-12-09,40.76068327096592,-73.9845272898674,291191
2019-12-09,40.76341379,-73.99667444,291191
2019-12-09,40.72795,-73.95414,291192
2019-12-09,40.71929301,-73.94500379,291192
2019-12-09,40.74275382865903,-74.00747358798981,291193
2019-12-09,40.73971301,-73.99456405,291193
2019-12-09,40.74765947,-73.98490707,291194
2019-12-09,40.74096374,-73.98602213,291194
2019-12-09,40.72746420692392,-73.97950418293476,291195
2019-12-09,40.7208736,-73.98085795,291195
2019-12-09,40.74394314,-73.97966069,291196
2019-12-09,40.751581,-73.97791,291196
2019-12-09,40.77282817,-73.96685276,291197
2019-12-09,40.72307749068673,-73.98583620786667,291197
2019-12-09,40.71939226,-74.00247214,291198
2019-12-09,40.722103786686034,-73.99724900722504,291198
2019-12-09,40.751551,-73.993934,291199
2019-12-09,40.76227205,-73.98788205,291199
2019-12-09,40.778301,-73.9488134,291200
2019-12-09,40.7849032,-73.950503,291200
2019-12-09,40.7457121,-73.98194829,291201
2019-12-09,40.7689738,-73.95482273,291201
2019-12-09,40.75299641,-73.98721619,291202
2019-12-09,40.73726186,-73.99238967,291202
2019-12-09,40.7919557,-73.968087,291203
2019-12-09,40.7801839724239,-73.97728532552719,291203
2019-12-09,40.75934501,-73.96759673,291204
2019-12-09,40.7597108,-73.97402311,291204
2019-12-09,40.751396,-74.005226,291205
2019-12-09,40.749717753,-74.002950346,291205
2019-12-09,40.76915505,-73.98191841,291206
2019-12-09,40.75299641,-73.98721619,291206
2019-12-09,40.7652654,-73.98192338,291207
2019-12-09,40.75724567911726,-73.97805914282799,291207
2019-12-09,40.75255434,-73.97282625,291208
2019-12-09,40.75019995,-73.99093085,291208
2019-12-09,40.751551,-73.993934,291209
2019-12-09,40.76227205,-73.98788205,291209
2019-12-09,40.7284186,-73.98713956,291210
2019-12-09,40.735445,-73.99431,291210
2019-12-09,40.698617,-73.941342,291211
2019-12-09,40.6894932,-73.942061,291211
2019-12-09,40.73704984,-73.99009296,291212
2019-12-09,40.73624527,-73.98473765,291212
2019-12-09,40.78499979,-73.97283406,291213
2019-12-09,40.8008363,-73.9664492472,291213
2019-12-09,40.73038599,-74.00214988,291214
2019-12-09,40.72494672359416,-74.00165855884552,291214
2019-12-09,40.7857851,-73.957481,291215
2019-12-09,40.77862688,-73.95772073,291215
2019-12-09,40.7862586,-73.94552579,291216
2019-12-09,40.7892529,-73.93956237,291216
2019-12-09,40.73532427,-73.99800419,291217
2019-12-09,40.73535398,-74.00483091,291217
2019-12-09,40.72906,-73.95779,291218
2019-12-09,40.722103786686034,-73.99724900722504,291218
2019-12-09,40.69760127,-73.99344559,291219
2019-12-09,40.69089272,-73.99612349,291219
2019-12-09,40.7190095,-73.95852515,291220
2019-12-09,40.71044554,-73.96525063,291220
2019-12-09,40.71625008,-74.0091059,291221
2019-12-09,40.72019521437465,-74.0103006362915,291221
2019-12-09,40.78307,-73.95939,291222
2019-12-09,40.7919557,-73.968087,291222
2019-12-09,40.6686273,-73.98700053,291223
2019-12-09,40.666287,-73.98895053,291223
2019-12-09,40.71745169,-73.95850939,291224
2019-12-09,40.73026,-73.95394,291224
2019-12-09,40.73381219196632,-73.98054420948029,291225
2019-12-09,40.744219,-73.97121214,291225
2019-12-09,40.74395411,-73.99144871,291226
2019-12-09,40.73143724085228,-73.99490341544151,291226
2019-12-09,40.751551,-73.993934,291227
2019-12-09,40.76227205,-73.98788205,291227
2019-12-09,40.73912601,-73.97973776,291228
2019-12-09,40.73221853,-73.98165557,291228
2019-12-09,40.74444921,-73.98303529,291229
2019-12-09,40.751581,-73.97791,291229
2019-12-09,40.76360467795863,-73.98917958140373,291230
2019-12-09,40.749717753,-74.002950346,291230
2019-12-09,40.7390169121,-74.0026376103,291231
2019-12-09,40.74691959,-74.00451887,291231
2019-12-09,40.744219,-73.97121214,291232
2019-12-09,40.718822,-73.99596,291232
2019-12-09,40.7877214,-73.94728331,291233
2019-12-09,40.80295,-73.942954,291233
2019-12-09,40.73143724085228,-73.99490341544151,291234
2019-12-09,40.735367055605394,-73.98797392845154,291234
2019-12-09,40.76019252,-73.9912551,291235
2019-12-09,40.7575699,-73.99098507,291235
2019-12-09,40.71850211,-73.98329859,291236
2019-12-09,40.72368361,-73.97574813,291236
2019-12-09,40.73564,-73.95866,291237
2019-12-09,40.72906,-73.95779,291237
2019-12-09,40.75929124,-73.98859651,291238
2019-12-09,40.75929124,-73.98859651,291238
2019-12-09,40.6685455,-73.99333264,291239
2019-12-09,40.6610633719006,-73.97945255041122,291239
2019-12-09,40.766368,-73.971518,291240
2019-12-09,40.773763,-73.96222088,291240
2019-12-09,40.73652889,-74.00618026,291241
2019-12-09,40.73291553,-74.00711384,291241
2019-12-09,40.6686627,-73.97988067,291242
2019-12-09,40.68312489,-73.97895137,291242
2019-12-09,40.7829391,-73.9786517,291243
2019-12-09,40.75898481399634,-73.99379968643188,291243
2019-12-09,40.75022392,-73.97121414,291244
2019-12-09,40.74780373,-73.9734419,291244
2019-12-09,40.74232744,-73.95411749,291245
2019-12-09,40.74731,-73.95451,291245
2019-12-09,40.77579376683666,-73.9762057363987,291246
2019-12-09,40.77579376683666,-73.9762057363987,291246
2019-12-09,40.73020660529954,-73.99102628231049,291247
2019-12-09,40.7575699,-73.99098507,291247
2019-12-09,40.741459,-73.983293,291248
2019-12-09,40.735367055605394,-73.98797392845154,291248
2019-12-09,40.741459,-73.983293,291249
2019-12-09,40.735367055605394,-73.98797392845154,291249
2019-12-09,40.7727966,-73.95577801,291250
2019-12-09,40.7612274,-73.96094022,291250
2019-12-09,40.72953837,-73.98426726,291251
2019-12-09,40.72453734,-73.98185424,291251
2019-12-09,40.72307749068673,-73.98583620786667,291252
2019-12-09,40.71739973,-73.98016555,291252
2019-12-09,40.75724567911726,-73.97805914282799,291253
2019-12-09,40.76132983124814,-73.97982001304626,291253
2019-12-09,40.71748752,-74.0104554,291254
2019-12-09,40.72185379,-74.00771779,291254
2019-12-09,40.72521311,-73.97768752,291255
2019-12-09,40.73532427,-73.99800419,291255
2019-12-09,40.73532427,-73.99800419,291256
2019-12-09,40.74765947,-73.98490707,291256
2019-12-09,40.74311555376486,-73.98215353488922,291257
2019-12-09,40.7462009,-73.98855723,291257
2019-12-09,40.734814,-73.992085,291258
2019-12-09,40.73331967,-73.99510132,291258
2019-12-09,40.71285887,-73.96590294,291259
2019-12-09,40.71745169,-73.95850939,291259
2019-12-09,40.739323,-74.008119,291260
2019-12-09,40.738046142482766,-73.99642959237099,291260
2019-12-09,40.716887,-73.963198,291261
2019-12-09,40.71534825,-73.96024116,291261
2019-12-09,40.74144387,-73.97536082,291262
2019-12-09,40.734232,-73.986923,291262
2019-12-09,40.72903917,-73.99404649,291263
2019-12-09,40.73971301,-73.99456405,291263
2019-12-09,40.72953837,-73.98426726,291264
2019-12-09,40.72903917,-73.99404649,291264
2019-12-09,40.77748046,-73.98288594,291265
2019-12-09,40.76030096,-73.99884222,291265
2019-12-09,40.7675487799971,-73.9209334552288,291266
2019-12-09,40.7729,-73.916142,291266
2019-12-09,40.75640548,-73.9900262,291267
2019-12-09,40.763189,-73.978434,291267
2019-12-09,40.77748046,-73.98288594,291268
2019-12-09,40.76030096,-73.99884222,291268
2019-12-09,40.804038,-73.945925,291269
2019-12-09,40.79329668,-73.9432083,291269
2019-12-09,40.70569254,-74.01677685,291270
2019-12-09,40.736502,-73.97809472,291270
2019-12-09,40.72795,-73.95414,291271
2019-12-09,40.7169811,-73.94485918,291271
2019-12-09,40.6728155,-73.98352355,291272
2019-12-09,40.6881529,-73.99520919,291272
2019-12-09,40.746647,-73.993915,291273
2019-12-09,40.74734825,-73.99723551,291273
2019-12-09,40.75066386,-74.00176802,291274
2019-12-09,40.74394314,-73.97966069,291274
2019-12-09,40.741459,-73.983293,291275
2019-12-09,40.76087502,-74.00277668,291275
2019-12-09,40.74780373,-73.9734419,291276
2019-12-09,40.73912601,-73.97973776,291276
2019-12-09,40.77492513,-73.98266566,291277
2019-12-09,40.76360467795863,-73.98917958140373,291277
2019-12-09,40.76030096,-73.99884222,291278
2019-12-09,40.76068327096592,-73.9845272898674,291278
2019-12-09,40.73143724085228,-73.99490341544151,291279
2019-12-09,40.73269,-73.98974,291279
2019-12-09,40.74780373,-73.9734419,291280
2019-12-09,40.72746420692392,-73.97950418293476,291280
2019-12-09,40.73704984,-73.99009296,291281
2019-12-09,40.74173969,-73.99415556,291281
2019-12-09,40.73704984,-73.99009296,291282
2019-12-09,40.73314259,-73.97573881,291282
2019-12-09,40.724812564400175,-73.94752621650696,291283
2019-12-09,40.71816969454208,-73.95520135760307,291283
2019-12-09,40.7454973,-74.00197139,291284
2019-12-09,40.7403432,-73.98955109,291284
2019-12-09,40.8109494,-73.9634,291285
2019-12-09,40.8082,-73.9641,291285
2019-12-09,40.75038009,-73.98338988,291286
2019-12-09,40.74444921,-73.98303529,291286
2019-12-09,40.73827428,-73.98751968,291287
2019-12-09,40.73223272,-73.98889957,291287
2019-12-09,40.73221853,-73.98165557,291288
2019-12-09,40.73912601,-73.97973776,291288
2019-12-09,40.74334935,-74.00681753,291289
2019-12-09,40.76227205,-73.98788205,291289
2019-12-09,40.68841,-73.979458,291290
2019-12-09,40.68691865,-73.976682,291290
2019-12-09,40.715143,-73.944507,291291
2019-12-09,40.70934,-73.95608,291291
2019-12-09,40.73047309,-73.98672378,291292
2019-12-09,40.68539567,-73.97431458,291292
2019-12-09,40.74395411,-73.99144871,291293
2019-12-09,40.74734825,-73.99723551,291293
2019-12-09,40.71260486,-73.96264403,291294
2019-12-09,40.71413311,-73.95234386,291294
2019-12-09,40.74173969,-73.99415556,291295
2019-12-09,40.73944820130404,-74.00507032871246,291295
2019-12-09,40.74691959,-74.00451887,291296
2019-12-09,40.74475148,-73.99915362,291296
2019-12-09,40.76009437,-73.99461843,291297
2019-12-09,40.76019252,-73.9912551,291297
2019-12-09,40.686371,-73.99383324,291298
2019-12-09,40.6830456,-74.00348559,291298
2019-12-09,40.74173969,-73.99415556,291299
2019-12-09,40.74691959,-74.00451887,291299
2019-12-09,40.70140317257725,-73.98672670125961,291300
2019-12-09,40.72307749068673,-73.98583620786667,291300
2019-12-09,40.6851532,-73.94111,291301
2019-12-09,40.6851532,-73.94111,291301
2019-12-09,40.73587678,-73.98205027,291302
2019-12-09,40.7262807,-73.98978041,291302
2019-12-09,40.71850211,-73.98329859,291303
2019-12-09,40.72580614,-73.97422494,291303
2019-12-09,40.76030096,-73.99884222,291304
2019-12-09,40.76068327096592,-73.9845272898674,291304
2019-12-09,40.72621788,-73.98379855,291305
2019-12-09,40.73143724085228,-73.99490341544151,291305
2019-12-09,40.74395411,-73.99144871,291306
2019-12-09,40.73726186,-73.99238967,291306
2019-12-09,40.72502876,-73.99069656,291307
2019-12-09,40.71625008,-74.0091059,291307
2019-12-09,40.76227205,-73.98788205,291308
2019-12-09,40.76019252,-73.9912551,291308
2019-12-09,40.7505853470215,-73.9946848154068,291309
2019-12-09,40.754691750226016,-73.99740189313889,291309
2019-12-09,40.78524672,-73.97667321,291310
2019-12-09,40.78414472,-73.98362492,291310
2019-12-09,40.7505853470215,-73.9946848154068,291311
2019-12-09,40.75466591,-73.99138152,291311
2019-12-09,40.76030096,-73.99884222,291312
2019-12-09,40.76030096,-73.99884222,291312
2019-12-09,40.73587678,-73.98205027,291313
2019-12-09,40.73704984,-73.99009296,291313
2019-12-09,40.6716493,-73.9631145,291314
2019-12-09,40.6729679,-73.97087984,291314
2019-12-09,40.720747,-73.986274,291315
2019-12-09,40.722103786686034,-73.99724900722504,291315
2019-12-09,40.76302594280519,-73.97209525108337,291316
2019-12-09,40.75019995,-73.99093085,291316
2019-12-09,40.714211,-73.981095,291317
2019-12-09,40.71559509,-73.9870295,291317
2019-12-09,40.80698,-73.941747,291318
2019-12-09,40.7974772,-73.9311847,291318
2019-12-09,40.6867443,-73.99063168,291319
2019-12-09,40.6849668,-73.98620772,291319
2019-12-09,40.730563,-73.973984,291320
2019-12-09,40.73020660529954,-73.99102628231049,291320
2019-12-09,40.7839636,-73.9471673,291321
2019-12-09,40.75299641,-73.98721619,291321
2019-12-09,40.6809833854,-73.9500479759,291322
2019-12-09,40.686203,-73.944694,291322
2019-12-09,40.70834698,-74.01713445,291323
2019-12-09,40.71291224,-74.01020234,291323
2019-12-09,40.686203,-73.944694,291324
2019-12-09,40.6823687,-73.944118,291324
2019-12-09,40.69794,-73.96986848,291325
2019-12-09,40.69196566,-73.9813018,291325
2019-12-09,40.73143724085228,-73.99490341544151,291326
2019-12-09,40.73172428,-74.00674436,291326
2019-12-09,40.74096374,-73.98602213,291327
2019-12-09,40.736502,-73.97809472,291327
2019-12-09,40.7462009,-73.98855723,291328
2019-12-09,40.75640548,-73.9900262,291328
2019-12-09,40.74734825,-73.99723551,291329
2019-12-09,40.74395411,-73.99144871,291329
2019-12-09,40.74238787,-73.99726235,291330
2019-12-09,40.75500254,-73.98014437,291330
2019-12-09,40.778301,-73.9488134,291331
2019-12-09,40.7877214,-73.94728331,291331
2019-12-09,40.7689738,-73.95482273,291332
2019-12-09,40.77862688,-73.95772073,291332
2019-12-09,40.71739973,-73.98016555,291333
2019-12-09,40.71739973,-73.98016555,291333
2019-12-09,40.67890679,-73.94142771,291334
2019-12-09,40.6800105,-73.938475,291334
2019-12-09,40.74238787,-73.99726235,291335
2019-12-09,40.73020660529954,-73.99102628231049,291335
2019-12-09,40.71559509,-73.9870295,291336
2019-12-09,40.70838,-74.00495,291336
2019-12-09,40.7981856,-73.9605909006,291337
2019-12-09,40.804213,-73.96699104,291337
2019-12-09,40.746745,-74.007756,291338
2019-12-09,40.74238787,-73.99726235,291338
2019-12-09,40.7462009,-73.98855723,291339
2019-12-09,40.74311555376486,-73.98215353488922,291339
2019-12-09,40.76500525,-73.95818491,291340
2019-12-09,40.7597108,-73.97402311,291340
2019-12-09,40.754120810779256,-73.98025184869766,291341
2019-12-09,40.75640548,-73.9900262,291341
2019-12-09,40.6851532,-73.94111,291342
2019-12-09,40.70411791,-73.94818595,291342
2019-12-09,40.7262807,-73.98978041,291343
2019-12-09,40.7643971,-73.97371465,291343
2019-12-09,40.7713615,-73.9246145,291344
2019-12-09,40.7675487799971,-73.9209334552288,291344
2019-12-09,40.71285887,-73.96590294,291345
2019-12-09,40.6802133,-73.98432695,291345
2019-12-09,40.7728384,-73.94989233,291346
2019-12-09,40.7839636,-73.9471673,291346
2019-12-09,40.76227205,-73.98788205,291347
2019-12-09,40.75510267,-73.97498696,291347
2019-12-09,40.73652889,-74.00618026,291348
2019-12-09,40.73587678,-73.98205027,291348
2019-12-09,40.73912601,-73.97973776,291349
2019-12-09,40.73587678,-73.98205027,291349
2019-12-09,40.72307749068673,-73.98583620786667,291350
2019-12-09,40.72706363348306,-73.99662137031554,291350
2019-12-09,40.746647,-73.993915,291351
2019-12-09,40.73704984,-73.99009296,291351
2019-12-09,40.74395411,-73.99144871,291352
2019-12-09,40.74395411,-73.99144871,291352
2019-12-09,40.69474881,-73.98362464,291353
2019-12-09,40.69241829257847,-73.98949474096298,291353
2019-12-09,40.71622644,-73.98261206,291354
2019-12-09,40.71605866,-73.99190759,291354
2019-12-09,40.74345335,-74.00004031,291355
2019-12-09,40.7489006,-73.97604882,291355
2019-12-09,40.7612274,-73.96094022,291356
2019-12-09,40.77140426,-73.9535166,291356
2019-12-09,40.76350532,-73.97109243,291357
2019-12-09,40.75797322,-73.96603308,291357
2019-12-09,40.75500254,-73.98014437,291358
2019-12-09,40.741459,-73.983293,291358
2019-12-09,40.746647,-73.993915,291359
2019-12-09,40.749717753,-74.002950346,291359
2019-12-09,40.71076228,-73.99400398,291360
2019-12-09,40.71427487,-73.98990025,291360
2019-12-09,40.70538077,-73.94976519,291361
2019-12-09,40.705517,-73.93936,291361
2019-12-09,40.76341379,-73.99667444,291362
2019-12-09,40.75724567911726,-73.97805914282799,291362
2019-12-09,40.74286877312112,-73.98918628692627,291363
2019-12-09,40.734814,-73.992085,291363
2019-12-09,40.799139,-73.9389152,291364
2019-12-09,40.7923272,-73.9383,291364
2019-12-09,40.73454567,-73.99074142,291365
2019-12-09,40.72521311,-73.97768752,291365
2019-12-09,40.804213,-73.96699104,291366
2019-12-09,40.8021174,-73.9681805305,291366
2019-12-09,40.74780373,-73.9734419,291367
2019-12-09,40.7451677,-73.98683077,291367
2019-12-09,40.71307916,-73.99851193,291368
2019-12-09,40.711066,-74.009447,291368
2019-12-09,40.6769993,-74.00647134,291369
2019-12-09,40.6746957,-73.99785768,291369
2019-12-09,40.761584,-73.925921,291370
2019-12-09,40.75651272984955,-73.92957486212252,291370
2019-12-09,40.6829151,-73.99318208,291371
2019-12-09,40.6802133,-73.98432695,291371
2019-12-09,40.6829151,-73.99318208,291372
2019-12-09,40.6802133,-73.98432695,291372
2019-12-09,40.78499979,-73.97283406,291373
2019-12-09,40.763954,-73.9646,291373
2019-12-09,40.6829151,-73.99318208,291374
2019-12-09,40.6802133,-73.98432695,291374
2019-12-09,40.71559509,-73.9870295,291375
2019-12-09,40.73454567,-73.99074142,291375
2019-12-09,40.730563,-73.973984,291376
2019-12-09,40.72903917,-73.99404649,291376
2019-12-09,40.686203,-73.944694,291377
2019-12-09,40.6809833854,-73.9500479759,291377
2019-12-09,40.73587678,-73.98205027,291378
2019-12-09,40.736502,-73.97809472,291378
2019-12-09,40.77966809007312,-73.98093044757842,291379
2019-12-09,40.7699426,-73.96060712,291379
2019-12-09,40.6787242,-73.99599099,291380
2019-12-09,40.686371,-73.99383324,291380
2019-12-09,40.718822,-73.99596,291381
2019-12-09,40.72706363348306,-73.99662137031554,291381
2019-12-09,40.728846,-74.008591,291382
2019-12-09,40.73291553,-74.00711384,291382
2019-12-09,40.680611,-73.99475825,291383
2019-12-09,40.6859296,-74.00242364,291383
2019-12-09,40.71773,-73.94051,291384
2019-12-09,40.71816969454208,-73.95520135760307,291384
2019-12-09,40.72740794,-73.98142006,291385
2019-12-09,40.73020660529954,-73.99102628231049,291385
2019-12-09,40.739445,-73.976806,291386
2019-12-09,40.76302594280519,-73.97209525108337,291386
2019-12-09,40.782593,-73.971211,291387
2019-12-09,40.77966809007312,-73.98093044757842,291387
2019-12-09,40.7208736,-73.98085795,291388
2019-12-09,40.718822,-73.99596,291388
2019-12-09,40.69681963,-73.93756926,291389
2019-12-09,40.697787,-73.973736,291389
2019-12-09,40.77492513,-73.98266566,291390
2019-12-09,40.77140426,-73.9535166,291390
2019-12-09,40.70877084,-73.95095259,291391
2019-12-09,40.71335226222875,-73.9491033554077,291391
2019-12-09,40.6707767,-73.9576801,291392
2019-12-09,40.6610633719006,-73.97945255041122,291392
2019-12-09,40.74173969,-73.99415556,291393
2019-12-09,40.75066386,-74.00176802,291393
2019-12-09,40.7568001,-73.98291153,291394
2019-12-09,40.75466591,-73.99138152,291394
2019-12-09,40.72903917,-73.99404649,291395
2019-12-09,40.73047747,-73.99906065,291395
2019-12-09,40.693261,-73.968896,291396
2019-12-09,40.689888,-73.981013,291396
2019-12-09,40.68506807308177,-73.97790759801863,291397
2019-12-09,40.693261,-73.968896,291397
2019-12-09,40.714211,-73.981095,291398
2019-12-09,40.72066442,-73.98517977,291398
2019-12-09,40.8021174,-73.9681805305,291399
2019-12-09,40.78057799010334,-73.98562431335449,291399
2019-12-09,40.71939226,-74.00247214,291400
2019-12-09,40.71291224,-74.01020234,291400
2019-12-09,40.689888,-73.981013,291401
2019-12-09,40.69839895,-73.98068914,291401
2019-12-09,40.74469738,-73.93540375,291402
2019-12-09,40.75186951421875,-73.93349289894103,291402
2019-12-09,40.73587678,-73.98205027,291403
2019-12-09,40.73624527,-73.98473765,291403
2019-12-09,40.741459,-73.983293,291404
2019-12-09,40.749156,-73.9916,291404
2019-12-09,40.72706363348306,-73.99662137031554,291405
2019-12-09,40.73047309,-73.98672378,291405
2019-12-09,40.7462009,-73.98855723,291406
2019-12-09,40.7451677,-73.98683077,291406
2019-12-09,40.74937024193277,-73.99923384189606,291407
2019-12-09,40.74691959,-74.00451887,291407
2019-12-09,40.72706363348306,-73.99662137031554,291408
2019-12-09,40.73047747,-73.99906065,291408
2019-12-09,40.717571,-74.005549,291409
2019-12-09,40.72243797,-74.00566443,291409
2019-12-09,40.7597108,-73.97402311,291410
2019-12-09,40.7882213,-73.97041561,291410
2019-12-09,40.75066386,-74.00176802,291411
2019-12-09,40.75066386,-74.00176802,291411
2019-12-09,40.7689738,-73.95482273,291412
2019-12-09,40.7801839724239,-73.97728532552719,291412
2019-12-09,40.71485150526252,-74.01122331619263,291413
2019-12-09,40.71485150526252,-74.01122331619263,291413
2019-12-09,40.69474881,-73.98362464,291414
2019-12-09,40.69236178,-73.98631746,291414
2019-12-09,40.76312584,-73.96526895,291415
2019-12-09,40.76663814,-73.95348296,291415
2019-12-09,40.75510267,-73.97498696,291416
2019-12-09,40.735445,-73.99431,291416
2019-12-09,40.75640548,-73.9900262,291417
2019-12-09,40.74322681432173,-73.97449783980846,291417
2019-12-09,40.74311555376486,-73.98215353488922,291418
2019-12-09,40.75038009,-73.98338988,291418
2019-12-09,40.69196566,-73.9813018,291419
2019-12-09,40.69308257,-73.97178913,291419
2019-12-09,40.734232,-73.986923,291420
2019-12-09,40.72307749068673,-73.98583620786667,291420
2019-12-09,40.710451,-73.960876,291421
2019-12-09,40.711863,-73.944024,291421
2019-12-09,40.74937024193277,-73.99923384189606,291422
2019-12-09,40.73291553,-74.00711384,291422
2019-12-09,40.74487634,-73.99529885,291423
2019-12-09,40.7462009,-73.98855723,291423
2019-12-09,40.71273266,-74.0046073,291424
2019-12-09,40.71754834,-74.01322069,291424
2019-12-09,40.76915505,-73.98191841,291425
2019-12-09,40.77515953434235,-73.98918695747852,291425
2019-12-09,40.71413089,-73.9970468,291426
2019-12-09,40.7403432,-73.98955109,291426
2019-12-09,40.7779453,-73.946041,291427
2019-12-09,40.787801,-73.953559,291427
2019-12-09,40.75594159,-74.0021163,291428
2019-12-09,40.751551,-73.993934,291428
2019-12-09,40.7037992,-74.00838676,291429
2019-12-09,40.70905623,-74.01043382,291429
2019-12-09,40.795508,-73.941606,291430
2019-12-09,40.799484,-73.955613,291430
2019-12-09,40.7652654,-73.98192338,291431
2019-12-09,40.72746420692392,-73.97950418293476,291431
2019-12-09,40.73624527,-73.98473765,291432
2019-12-09,40.734232,-73.986923,291432
2019-12-09,40.6800105,-73.938475,291433
2019-12-09,40.69102925677968,-73.99183362722397,291433
2019-12-09,40.751873,-73.977706,291434
2019-12-09,40.7451677,-73.98683077,291434
2019-12-09,40.7457121,-73.98194829,291435
2019-12-09,40.7489006,-73.97604882,291435
2019-12-09,40.73564,-73.95866,291436
2019-12-09,40.72906,-73.95779,291436
2019-12-09,40.76344058,-73.98268129,291437
2019-12-09,40.770513,-73.988038,291437
2019-12-09,40.7047177,-74.00926027,291438
2019-12-09,40.70838,-74.00495,291438
2019-12-09,40.74487634,-73.99529885,291439
2019-12-09,40.74286877312112,-73.98918628692627,291439
2019-12-09,40.8120562,-73.9612547,291440
2019-12-09,40.81028506306003,-73.95736455917358,291440
2019-12-09,40.76471851944339,-73.96222069859505,291441
2019-12-09,40.74322681432173,-73.97449783980846,291441
2019-12-09,40.74395411,-73.99144871,291442
2019-12-09,40.7403432,-73.98955109,291442
2019-12-09,40.7451677,-73.98683077,291443
2019-12-09,40.7505853470215,-73.9946848154068,291443
2019-12-09,40.70140317257725,-73.98672670125961,291444
2019-12-09,40.69241829257847,-73.98949474096298,291444
2019-12-09,40.73232194,-73.9550858,291445
2019-12-09,40.72708584,-73.95299117,291445
2019-12-09,40.75724567911726,-73.97805914282799,291446
2019-12-09,40.74964,-73.98805,291446
2019-12-09,40.72706363348306,-73.99662137031554,291447
2019-12-09,40.73020660529954,-73.99102628231049,291447
2019-12-09,40.75466591,-73.99138152,291448
2019-12-09,40.74964,-73.98805,291448
2019-12-09,40.75651272984955,-73.92957486212252,291449
2019-12-09,40.7577284,-73.9166368,291449
2019-12-09,40.75466591,-73.99138152,291450
2019-12-09,40.74964,-73.98805,291450
2019-12-09,40.77515953434235,-73.98918695747852,291451
2019-12-09,40.7835016,-73.955327,291451
2019-12-09,40.751551,-73.993934,291452
2019-12-09,40.74734825,-73.99723551,291452
2019-12-09,40.73935542,-73.99931783,291453
2019-12-09,40.74173969,-73.99415556,291453
2019-12-09,40.74144387,-73.97536082,291454
2019-12-09,40.74964,-73.98805,291454
2019-12-09,40.7849032,-73.950503,291455
2019-12-09,40.778301,-73.9488134,291455
2019-12-09,40.75892386377695,-73.96226227283478,291456
2019-12-09,40.7689738,-73.95482273,291456
2019-12-09,40.74394314,-73.97966069,291457
2019-12-09,40.75019995,-73.99093085,291457
2019-12-09,40.73232194,-73.9550858,291458
2019-12-09,40.716887,-73.963198,291458
2019-12-09,40.73020660529954,-73.99102628231049,291459
2019-12-09,40.72953837,-73.98426726,291459
2019-12-09,40.7903051,-73.94755757,291460
2019-12-09,40.7869946,-73.94164802,291460
2019-12-09,40.73047747,-73.99906065,291461
2019-12-09,40.72951496224949,-73.99075269699097,291461
2019-12-09,40.74734825,-73.99723551,291462
2019-12-09,40.71939226,-74.00247214,291462
2019-12-09,40.73038599,-74.00214988,291463
2019-12-09,40.72307749068673,-73.98583620786667,291463
2019-12-09,40.7403432,-73.98955109,291464
2019-12-09,40.738046142482766,-73.99642959237099,291464
2019-12-09,40.75828065,-73.97069431,291465
2019-12-09,40.7575699,-73.99098507,291465
2019-12-09,40.735367055605394,-73.98797392845154,291466
2019-12-09,40.7457121,-73.98194829,291466
2019-12-09,40.74317449,-74.00366443,291467
2019-12-09,40.73704984,-73.99009296,291467
2019-12-09,40.6729679,-73.97087984,291468
2019-12-09,40.6627059,-73.9569115,291468
2019-12-09,40.71117444,-73.99682619,291469
2019-12-09,40.711066,-74.009447,291469
2019-12-09,40.74173969,-73.99415556,291470
2019-12-09,40.7454973,-74.00197139,291470
2019-12-09,40.74173969,-73.99415556,291471
2019-12-09,40.7454973,-74.00197139,291471
2019-12-09,40.73827428,-73.98751968,291472
2019-12-09,40.73781509,-73.99994661,291472
2019-12-09,40.71893904,-73.99266288,291473
2019-12-09,40.71076228,-73.99400398,291473
2019-12-09,40.72110063,-73.9919254,291474
2019-12-09,40.7172274,-73.98802084,291474
2019-12-09,40.72456089,-73.99565293,291475
2019-12-09,40.73143724085228,-73.99490341544151,291475
2019-12-09,40.73381219196632,-73.98054420948029,291476
2019-12-09,40.73047747,-73.99906065,291476
2019-12-09,40.791976,-73.945993,291477
2019-12-09,40.7923272,-73.9383,291477
2019-12-09,40.734232,-73.986923,291478
2019-12-09,40.73020660529954,-73.99102628231049,291478
2019-12-09,40.739445,-73.976806,291479
2019-12-09,40.74322681432173,-73.97449783980846,291479
2019-12-09,40.72951496224949,-73.99075269699097,291480
2019-12-09,40.718822,-73.99596,291480
2019-12-09,40.74144387,-73.97536082,291481
2019-12-09,40.75466591,-73.99138152,291481
2019-12-09,40.74487634,-73.99529885,291482
2019-12-09,40.751873,-73.977706,291482
2019-12-09,40.6783563,-74.00014502,291483
2019-12-09,40.69221589,-73.9842844,291483
2019-12-09,40.7785669,-73.97754961,291484
2019-12-09,40.7921,-73.9739,291484
2019-12-09,40.6610633719006,-73.97945255041122,291485
2019-12-09,40.6765198,-73.9596082,291485
2019-12-09,40.72405549,-74.00965965,291486
2019-12-09,40.73224119,-74.00026394,291486
2019-12-09,40.7390169121,-74.0026376103,291487
2019-12-09,40.7454973,-74.00197139,291487
2019-12-09,40.694281141397326,-73.99230033159256,291488
2019-12-09,40.6847514,-73.99917254,291488
2019-12-09,40.7687620293096,-73.95840793848038,291489
2019-12-09,40.75097711,-73.98765428,291489
2019-12-09,40.7361967,-74.00859207,291490
2019-12-09,40.7153379,-74.01658354,291490
2019-12-09,40.713126,-73.984844,291491
2019-12-09,40.71427487,-73.98990025,291491
2019-12-09,40.6802133,-73.98432695,291492
2019-12-09,40.6853761,-73.98302136,291492
2019-12-09,40.70905623,-74.01043382,291493
2019-12-09,40.711512,-74.015756,291493
2019-12-09,40.76068327096592,-73.9845272898674,291494
2019-12-09,40.75019995,-73.99093085,291494
2019-12-09,40.73047747,-73.99906065,291495
2019-12-09,40.76500525,-73.95818491,291495
2019-12-09,40.773763,-73.96222088,291496
2019-12-09,40.76095756,-73.96724467,291496
2019-12-09,40.76302594280519,-73.97209525108337,291497
2019-12-09,40.766368,-73.971518,291497
2019-12-09,40.72502876,-73.99069656,291498
2019-12-09,40.73971301,-73.99456405,291498
2019-12-09,40.6746957,-73.99785768,291499
2019-12-09,40.6707767,-73.9576801,291499
2019-12-09,40.71291224,-74.01020234,291500
2019-12-09,40.70706456,-74.00731853,291500
2019-12-09,40.7505853470215,-73.9946848154068,291501
2019-12-09,40.74394314,-73.97966069,291501
2019-12-09,40.77515953434235,-73.98918695747852,291502
2019-12-09,40.79017948095081,-73.97288918495178,291502
2019-12-09,40.76132983124814,-73.97982001304626,291503
2019-12-09,40.77748046,-73.98288594,291503
2019-12-09,40.754120810779256,-73.98025184869766,291504
2019-12-09,40.7575699,-73.99098507,291504
2019-12-09,40.713126,-73.984844,291505
2019-12-09,40.718822,-73.99596,291505
2019-12-09,40.73971301,-73.99456405,291506
2019-12-09,40.73143724085228,-73.99490341544151,291506
2019-12-09,40.74275382865903,-74.00747358798981,291507
2019-12-09,40.739323,-74.008119,291507
2019-12-09,40.7934337,-73.94945003,291508
2019-12-09,40.78813,-73.95206,291508
2019-12-09,40.7568001,-73.98291153,291509
2019-12-09,40.72494672359416,-74.00165855884552,291509
2019-12-09,40.74173969,-73.99415556,291510
2019-12-09,40.73944820130404,-74.00507032871246,291510
2019-12-09,40.77862688,-73.95772073,291511
2019-12-09,40.78307,-73.95939,291511
2019-12-09,40.72621788,-73.98379855,291512
2019-12-09,40.72502876,-73.99069656,291512
2019-12-09,40.72966729392978,-73.98067966103554,291513
2019-12-09,40.72621788,-73.98379855,291513
2019-12-09,40.7728384,-73.94989233,291514
2019-12-09,40.77573034,-73.9567526,291514
2019-12-09,40.7849032,-73.950503,291515
2019-12-09,40.78307,-73.95939,291515
2019-12-09,40.73912601,-73.97973776,291516
2019-12-09,40.73221853,-73.98165557,291516
2019-12-09,40.70853074,-73.96408963,291517
2019-12-09,40.70853074,-73.96408963,291517
2019-12-09,40.751551,-73.993934,291518
2019-12-09,40.751873,-73.977706,291518
2019-12-09,40.71219906,-73.97948148,291519
2019-12-09,40.71893904,-73.99266288,291519
2019-12-09,40.74173969,-73.99415556,291520
2019-12-09,40.7462009,-73.98855723,291520
2019-12-09,40.71406667,-73.99293911,291521
2019-12-09,40.72521311,-73.97768752,291521
2019-12-09,40.746647,-73.993915,291522
2019-12-09,40.74173969,-73.99415556,291522
2019-12-09,40.68506807308177,-73.97790759801863,291523
2019-12-09,40.68415748,-73.96922273,291523
2019-12-09,40.73020660529954,-73.99102628231049,291524
2019-12-09,40.72706363348306,-73.99662137031554,291524
2019-12-09,40.75066386,-74.00176802,291525
2019-12-09,40.74734825,-73.99723551,291525
2019-12-09,40.749156,-73.9916,291526
2019-12-09,40.75594159,-74.0021163,291526
2019-12-09,40.71286844,-73.95698119,291527
2019-12-09,40.72325,-73.94308,291527
2019-12-09,40.7190095,-73.95852515,291528
2019-12-09,40.71915571696044,-73.94885390996933,291528
2019-12-09,40.6703837,-73.97839676,291529
2019-12-09,40.68382604,-73.97632328,291529
2019-12-09,40.72580614,-73.97422494,291530
2019-12-09,40.71850211,-73.98329859,291530
2019-12-09,40.8038654,-73.9559308,291531
2019-12-09,40.8107922,-73.9430681,291531
2019-12-09,40.734814,-73.992085,291532
2019-12-09,40.73912601,-73.97973776,291532
2019-12-09,40.7612274,-73.96094022,291533
2019-12-09,40.77140426,-73.9535166,291533
2019-12-09,40.7892529,-73.93956237,291534
2019-12-09,40.73532427,-73.99800419,291534
2019-12-09,40.7208736,-73.98085795,291535
2019-12-09,40.72217444,-73.98368779,291535
2019-12-09,40.711512,-74.015756,291536
2019-12-09,40.711066,-74.009447,291536
2019-12-09,40.78524672,-73.97667321,291537
2019-12-09,40.76590936,-73.97634151,291537
2019-12-09,40.7667405590595,-73.9790689945221,291538
2019-12-09,40.75992262,-73.97648516,291538
2019-12-09,40.72405549,-74.00965965,291539
2019-12-09,40.71485150526252,-74.01122331619263,291539
2019-12-09,40.7904828,-73.95033068,291540
2019-12-09,40.7934337,-73.94945003,291540
2019-12-09,40.8038654,-73.9559308,291541
2019-12-09,40.795,-73.9645,291541
2019-12-09,40.73912601,-73.97973776,291542
2019-12-09,40.75513557,-73.98658032,291542
2019-12-09,40.6851443,-73.95380904,291543
2019-12-09,40.686203,-73.944694,291543
2019-12-09,40.68506807308177,-73.97790759801863,291544
2019-12-09,40.69196566,-73.9813018,291544
2019-12-09,40.768254,-73.988639,291545
2019-12-09,40.75797322,-73.96603308,291545
2019-12-09,40.7671,-73.9169858,291546
2019-12-09,40.7569332,-73.9262231,291546
2019-12-09,40.71413089,-73.9970468,291547
2019-12-09,40.71782143,-73.97628939,291547
2019-12-09,40.745038,-73.957539,291548
2019-12-09,40.74232744,-73.95411749,291548
2019-12-09,40.739445,-73.976806,291549
2019-12-09,40.749156,-73.9916,291549
2019-12-09,40.77314236,-73.95856158,291550
2019-12-09,40.7857851,-73.957481,291550
2019-12-09,40.73143724085228,-73.99490341544151,291551
2019-12-09,40.73047309,-73.98672378,291551
2019-12-09,40.72036775298455,-73.96165072917938,291552
2019-12-09,40.71816969454208,-73.95520135760307,291552
2019-12-09,40.79329668,-73.9432083,291553
2019-12-09,40.8038654,-73.9559308,291553
2019-12-09,40.68312489,-73.97895137,291554
2019-12-09,40.6867443,-73.99063168,291554
2019-12-09,40.74734825,-73.99723551,291555
2019-12-09,40.74487634,-73.99529885,291555
2019-12-09,40.76915505,-73.98191841,291556
2019-12-09,40.77163851,-73.98261428,291556
2019-12-09,40.710451,-73.960876,291557
2019-12-09,40.72243797,-74.00566443,291557
2019-12-09,40.70224,-73.982578,291558
2019-12-09,40.68506807308177,-73.97790759801863,291558
2019-12-09,40.72746420692392,-73.97950418293476,291559
2019-12-09,40.73781509,-73.99994661,291559
2019-12-09,40.74286877312112,-73.98918628692627,291560
2019-12-09,40.73587678,-73.98205027,291560
2019-12-09,40.694281141397326,-73.99230033159256,291561
2019-12-09,40.6828003,-73.99990419,291561
2019-12-09,40.749156,-73.9916,291562
2019-12-09,40.741459,-73.983293,291562
2019-12-09,40.75513557,-73.98658032,291563
2019-12-09,40.73331967,-73.99510132,291563
2019-12-09,40.70277159,-73.99383605,291564
2019-12-09,40.69760127,-73.99344559,291564
2019-12-09,40.7612274,-73.96094022,291565
2019-12-09,40.7462009,-73.98855723,291565
2019-12-09,40.7519071,-73.9479119,291566
2019-12-09,40.770845,-73.934171,291566
2019-12-09,40.73781509,-73.99994661,291567
2019-12-09,40.735238,-74.000271,291567
2019-12-09,40.7857851,-73.957481,291568
2019-12-09,40.76500525,-73.95818491,291568
2019-12-09,40.71773,-73.94051,291569
2019-12-09,40.71167351,-73.95141312,291569
2019-12-09,40.76727216,-73.99392888,291570
2019-12-09,40.77515953434235,-73.98918695747852,291570
2019-12-09,40.73381219196632,-73.98054420948029,291571
2019-12-09,40.74394314,-73.97966069,291571
2019-12-09,40.76915505,-73.98191841,291572
2019-12-09,40.7568001,-73.98291153,291572
2019-12-09,40.752165280621966,-73.97992193698882,291573
2019-12-09,40.7801839724239,-73.97728532552719,291573
2019-12-09,40.70934,-73.95608,291574
2019-12-09,40.71247661,-73.94100005,291574
2019-12-09,40.78057799010334,-73.98562431335449,291575
2019-12-09,40.78057799010334,-73.98562431335449,291575
2019-12-09,40.746745,-74.007756,291576
2019-12-09,40.74177603,-74.00149746,291576
2019-12-09,40.73224119,-74.00026394,291577
2019-12-09,40.72621788,-73.98379855,291577
2019-12-09,40.72368361,-73.97574813,291578
2019-12-09,40.71269042,-73.98776323,291578
2019-12-09,40.71850211,-73.98329859,291579
2019-12-09,40.72521311,-73.97768752,291579
2019-12-09,40.77632142182271,-73.96427392959595,291580
2019-12-09,40.73047747,-73.99906065,291580
2019-12-09,40.76500525,-73.95818491,291581
2019-12-09,40.75510267,-73.97498696,291581
2019-12-09,40.6765198,-73.9596082,291582
2019-12-09,40.680342423,-73.9557689392,291582
2019-12-09,40.76590936,-73.97634151,291583
2019-12-09,40.8067581,-73.9607082,291583
2019-12-09,40.76030096,-73.99884222,291584
2019-12-09,40.77579376683666,-73.9762057363987,291584
2019-12-09,40.6750207,-73.97111473,291585
2019-12-09,40.66514681533792,-73.97637605667114,291585
2019-12-09,40.76030096,-73.99884222,291586
2019-12-09,40.77579376683666,-73.9762057363987,291586
2019-12-09,40.69544,-73.93223,291587
2019-12-09,40.699304,-73.923044,291587
2019-12-09,40.74311555376486,-73.98215353488922,291588
2019-12-09,40.744219,-73.97121214,291588
2019-12-09,40.734814,-73.992085,291589
2019-12-09,40.7390169121,-74.0026376103,291589
2019-12-09,40.75898481399634,-73.99379968643188,291590
2019-12-09,40.76227205,-73.98788205,291590
2019-12-09,40.738046142482766,-73.99642959237099,291591
2019-12-09,40.74177603,-74.00149746,291591
2019-12-09,40.739445,-73.976806,291592
2019-12-09,40.73221853,-73.98165557,291592
2019-12-09,40.73026,-73.95394,291593
2019-12-09,40.73564,-73.95866,291593
2019-12-09,40.71427487,-73.98990025,291594
2019-12-09,40.71406667,-73.99293911,291594
2019-12-09,40.73652889,-74.00618026,291595
2019-12-09,40.73401143,-74.00293877,291595
2019-12-09,40.72317958,-73.99480012,291596
2019-12-09,40.7208736,-73.98085795,291596
2019-12-09,40.735445,-73.99431,291597
2019-12-09,40.7403432,-73.98955109,291597
2019-12-09,40.71427487,-73.98990025,291598
2019-12-09,40.71413089,-73.9970468,291598
2019-12-09,40.70905623,-74.01043382,291599
2019-12-09,40.70905623,-74.01043382,291599
2019-12-09,40.72019576,-73.98997825,291600
2019-12-09,40.74173969,-73.99415556,291600
2019-12-09,40.72082834,-73.97793172,291601
2019-12-09,40.72307749068673,-73.98583620786667,291601
2019-12-09,40.71291224,-74.01020234,291602
2019-12-09,40.72917025,-73.99810231,291602
2019-12-09,40.68940747,-73.96885458,291603
2019-12-09,40.68962188790333,-73.98304268717766,291603
2019-12-09,40.74765947,-73.98490707,291604
2019-12-09,40.770513,-73.988038,291604
2019-12-09,40.6793307,-73.97519523,291605
2019-12-09,40.68312489,-73.97895137,291605
2019-12-09,40.74173969,-73.99415556,291606
2019-12-09,40.74475148,-73.99915362,291606
2019-12-09,40.72299208,-73.97995466,291607
2019-12-09,40.73912601,-73.97973776,291607
2019-12-09,40.73704984,-73.99009296,291608
2019-12-09,40.73587678,-73.98205027,291608
2019-12-09,40.73020660529954,-73.99102628231049,291609
2019-12-09,40.72621788,-73.98379855,291609
2019-12-09,40.717571,-74.005549,291610
2019-12-09,40.72243797,-74.00566443,291610
2019-12-09,40.746745,-74.007756,291611
2019-12-09,40.73291553,-74.00711384,291611
2019-12-09,40.72362738,-73.99949601,291612
2019-12-09,40.73172428,-74.00674436,291612
2019-12-09,40.73532427,-73.99800419,291613
2019-12-09,40.73971301,-73.99456405,291613
2019-12-09,40.7781314,-73.96069399,291614
2019-12-09,40.7779453,-73.946041,291614
2019-12-09,40.73269,-73.98974,291615
2019-12-09,40.72228087,-73.97668709,291615
2019-12-09,40.75038009,-73.98338988,291616
2019-12-09,40.741459,-73.983293,291616
2019-12-09,40.8082,-73.9641,291617
2019-12-09,40.8120562,-73.9612547,291617
2019-12-09,40.78720869,-73.98128127,291618
2019-12-09,40.74290902,-73.97706058,291618
2019-12-09,40.71559509,-73.9870295,291619
2019-12-09,40.73226398,-73.99852205,291619
2019-12-09,40.688417427540834,-73.98451656103134,291620
2019-12-09,40.68683208,-73.9796772,291620
2019-12-09,40.718822,-73.99596,291621
2019-12-09,40.72082834,-73.97793172,291621
2019-12-09,40.744219,-73.97121214,291622
2019-12-09,40.74394314,-73.97966069,291622
2019-12-09,40.74322681432173,-73.97449783980846,291623
2019-12-09,40.75019995,-73.99093085,291623
2019-12-09,40.72368361,-73.97574813,291624
2019-12-09,40.730563,-73.973984,291624
2019-12-09,40.74937024193277,-73.99923384189606,291625
2019-12-09,40.751551,-73.993934,291625
2019-12-09,40.730563,-73.973984,291626
2019-12-09,40.74901271,-73.98848395,291626
2019-12-09,40.720747,-73.986274,291627
2019-12-09,40.71622644,-73.98261206,291627
2019-12-09,40.74780373,-73.9734419,291628
2019-12-09,40.73587678,-73.98205027,291628
2019-12-09,40.71870987,-74.0090009,291629
2019-12-09,40.7153379,-74.01658354,291629
2019-12-09,40.71307916,-73.99851193,291630
2019-12-09,40.71559509,-73.9870295,291630
2019-12-09,40.8107922,-73.9430681,291631
2019-12-09,40.8038654,-73.9559308,291631
2019-12-09,40.77163851,-73.98261428,291632
2019-12-09,40.777507027547976,-73.98888587951659,291632
2019-12-09,40.72494672359416,-74.00165855884552,291633
2019-12-09,40.722103786686034,-73.99724900722504,291633
2019-12-09,40.72456089,-73.99565293,291634
2019-12-09,40.72066442,-73.98517977,291634
2019-12-09,40.73454567,-73.99074142,291635
2019-12-09,40.75594159,-74.0021163,291635
2019-12-09,40.77966809007312,-73.98093044757842,291636
2019-12-09,40.79017948095081,-73.97288918495178,291636
2019-12-09,40.74780373,-73.9734419,291637
2019-12-09,40.738046142482766,-73.99642959237099,291637
2019-12-09,40.71893904,-73.99266288,291638
2019-12-09,40.7208736,-73.98085795,291638
2019-12-09,40.73221853,-73.98165557,291639
2019-12-09,40.72903917,-73.99404649,291639
2019-12-09,40.730563,-73.973984,291640
2019-12-09,40.749156,-73.9916,291640
2019-12-09,40.7727966,-73.95577801,291641
2019-12-09,40.75019995,-73.99093085,291641
2019-12-09,40.7505853470215,-73.9946848154068,291642
2019-12-09,40.751873,-73.977706,291642
2019-12-09,40.757186,-73.932719,291643
2019-12-09,40.75325964,-73.94335788,291643
2019-12-09,40.80295,-73.942954,291644
2019-12-09,40.77632142182271,-73.96427392959595,291644
2019-12-09,40.75640548,-73.9900262,291645
2019-12-09,40.74317449,-74.00366443,291645
2019-12-09,40.711512,-74.015756,291646
2019-12-09,40.70569254,-74.01677685,291646
2019-12-09,40.7505853470215,-73.9946848154068,291647
2019-12-09,40.749156,-73.9916,291647
2019-12-09,40.738046142482766,-73.99642959237099,291648
2019-12-09,40.73971301,-73.99456405,291648
2019-12-09,40.680944723477296,-73.97567331790923,291649
2019-12-09,40.6751622,-73.9814832,291649
2019-12-09,40.72317958,-73.99480012,291650
2019-12-09,40.71494807,-74.00234482,291650
2019-12-09,40.8011939,-73.9500739,291651
2019-12-09,40.7869946,-73.94164802,291651
2019-12-09,40.754120810779256,-73.98025184869766,291652
2019-12-09,40.74765947,-73.98490707,291652
2019-12-09,40.75724567911726,-73.97805914282799,291653
2019-12-09,40.75019995,-73.99093085,291653
2019-12-09,40.8011939,-73.9500739,291654
2019-12-09,40.795,-73.9645,291654
2019-12-09,40.7390169121,-74.0026376103,291655
2019-12-09,40.73454567,-73.99074142,291655
2019-12-09,40.74444921,-73.98303529,291656
2019-12-09,40.74901271,-73.98848395,291656
2019-12-09,40.722103786686034,-73.99724900722504,291657
2019-12-09,40.71146364,-74.00552427,291657
2019-12-09,40.73454567,-73.99074142,291658
2019-12-09,40.754120810779256,-73.98025184869766,291658
2019-12-09,40.720747,-73.986274,291659
2019-12-09,40.71748752,-74.0104554,291659
2019-12-09,40.74765947,-73.98490707,291660
2019-12-09,40.72740794,-73.98142006,291660
2019-12-09,40.76800889305947,-73.96845281124115,291661
2019-12-09,40.76590936,-73.97634151,291661
2019-12-09,40.77163851,-73.98261428,291662
2019-12-09,40.74238787,-73.99726235,291662
2019-12-09,40.74173969,-73.99415556,291663
2019-12-09,40.74937024193277,-73.99923384189606,291663
2019-12-09,40.71939226,-74.00247214,291664
2019-12-09,40.7172274,-73.98802084,291664
2019-12-09,40.76350532,-73.97109243,291665
2019-12-09,40.76350532,-73.97109243,291665
2019-12-09,40.72019521437465,-74.0103006362915,291666
2019-12-09,40.73291553,-74.00711384,291666
2019-12-09,40.75513557,-73.98658032,291667
2019-12-09,40.763189,-73.978434,291667
2019-12-09,40.76068327096592,-73.9845272898674,291668
2019-12-09,40.7575699,-73.99098507,291668
2019-12-09,40.75992262,-73.97648516,291669
2019-12-09,40.75466591,-73.99138152,291669
2019-12-09,40.688417427540834,-73.98451656103134,291670
2019-12-09,40.68402,-73.94977,291670
2019-12-09,40.752165280621966,-73.97992193698882,291671
2019-12-09,40.7475739589548,-73.9788007736206,291671
2019-12-09,40.722055,-73.989111,291672
2019-12-09,40.707873,-74.00167,291672
2019-12-09,40.76800889305947,-73.96845281124115,291673
2019-12-09,40.76712840349542,-73.96224617958069,291673
2019-12-09,40.70905623,-74.01043382,291674
2019-12-09,40.711512,-74.015756,291674
2019-12-09,40.70255088,-73.98940236,291675
2019-12-09,40.69196566,-73.9813018,291675
2019-12-09,40.722055,-73.989111,291676
2019-12-09,40.707873,-74.00167,291676
2019-12-09,40.6894932,-73.942061,291677
2019-12-09,40.6802133,-73.98432695,291677
2019-12-09,40.73038599,-74.00214988,291678
2019-12-09,40.714211,-73.981095,291678
2019-12-09,40.751551,-73.993934,291679
2019-12-09,40.746647,-73.993915,291679
2019-12-09,40.746745,-74.007756,291680
2019-12-09,40.72494672359416,-74.00165855884552,291680
2019-12-09,40.71893904,-73.99266288,291681
2019-12-09,40.714211,-73.981095,291681
2019-12-09,40.746647,-73.993915,291682
2019-12-09,40.74173969,-73.99415556,291682
2019-12-09,40.746745,-74.007756,291683
2019-12-09,40.72494672359416,-74.00165855884552,291683
2019-12-09,40.78307,-73.95939,291684
2019-12-09,40.7882213,-73.97041561,291684
2019-12-09,40.78307,-73.95939,291685
2019-12-09,40.7882213,-73.97041561,291685
2019-12-09,40.741459,-73.983293,291686
2019-12-09,40.749156,-73.9916,291686
2019-12-09,40.74444921,-73.98303529,291687
2019-12-09,40.751873,-73.977706,291687
2019-12-09,40.746745,-74.007756,291688
2019-12-09,40.72494672359416,-74.00165855884552,291688
2019-12-09,40.73047747,-73.99906065,291689
2019-12-09,40.73143724085228,-73.99490341544151,291689
2019-12-09,40.74144387,-73.97536082,291690
2019-12-09,40.72019576,-73.98997825,291690
2019-12-09,40.8008363,-73.9664492472,291691
2019-12-09,40.8086249,-73.9596214,291691
2019-12-09,40.74765947,-73.98490707,291692
2019-12-09,40.735445,-73.99431,291692
2019-12-09,40.72966729392978,-73.98067966103554,291693
2019-12-09,40.73047309,-73.98672378,291693
2019-12-09,40.76095756,-73.96724467,291694
2019-12-09,40.74290902,-73.97706058,291694
2019-12-09,40.6763744,-74.00324957,291695
2019-12-09,40.6853761,-73.98302136,291695
2019-12-09,40.7462009,-73.98855723,291696
2019-12-09,40.751873,-73.977706,291696
2019-12-09,40.734232,-73.986923,291697
2019-12-09,40.71605866,-73.99190759,291697
2019-12-09,40.8086249,-73.9596214,291698
2019-12-09,40.7921,-73.9739,291698
2019-12-09,40.76312584,-73.96526895,291699
2019-12-09,40.76500525,-73.95818491,291699
2019-12-09,40.754691750226016,-73.99740189313889,291700
2019-12-09,40.752269,-73.982079,291700
2019-12-09,40.70905623,-74.01043382,291701
2019-12-09,40.70905623,-74.01043382,291701
2019-12-09,40.71427487,-73.98990025,291702
2019-12-09,40.720747,-73.986274,291702
2019-12-09,40.7770575,-73.97898475,291703
2019-12-09,40.7746671,-73.98470567,291703
2019-12-09,40.749156,-73.9916,291704
2019-12-09,40.734814,-73.992085,291704
2019-12-09,40.70140317257725,-73.98672670125961,291705
2019-12-09,40.71273266,-74.0046073,291705
2019-12-09,40.716887,-73.963198,291706
2019-12-09,40.7190095,-73.95852515,291706
2019-12-09,40.74173969,-73.99415556,291707
2019-12-09,40.73935542,-73.99931783,291707
2019-12-09,40.74096374,-73.98602213,291708
2019-12-09,40.751873,-73.977706,291708
2019-12-09,40.7779453,-73.946041,291709
2019-12-09,40.773763,-73.96222088,291709
2019-12-09,40.77163851,-73.98261428,291710
2019-12-09,40.77748046,-73.98288594,291710
2019-12-09,40.77282817,-73.96685276,291711
2019-12-09,40.78307,-73.95939,291711
2019-12-09,40.73269,-73.98974,291712
2019-12-09,40.74177603,-74.00149746,291712
2019-12-09,40.74901271,-73.98848395,291713
2019-12-09,40.73454567,-73.99074142,291713
2019-12-09,40.68312489,-73.97895137,291714
2019-12-09,40.6793307,-73.97519523,291714
2019-12-09,40.754691750226016,-73.99740189313889,291715
2019-12-09,40.76009437,-73.99461843,291715
2019-12-09,40.71450451,-74.00562789,291716
2019-12-09,40.70355377,-74.00670227,291716
2019-12-09,40.70905623,-74.01043382,291717
2019-12-09,40.70365182,-74.01167797,291717
2019-12-09,40.74964,-73.98805,291718
2019-12-09,40.7457121,-73.98194829,291718
2019-12-09,40.74964,-73.98805,291719
2019-12-09,40.7457121,-73.98194829,291719
2019-12-09,40.74286877312112,-73.98918628692627,291720
2019-12-09,40.7462009,-73.98855723,291720
2019-12-09,40.7435337324616,-74.00367558002472,291721
2019-12-09,40.77632142182271,-73.96427392959595,291721
2019-12-09,40.7961535,-73.94782145,291722
2019-12-09,40.7869946,-73.94164802,291722
2019-12-09,40.718822,-73.99596,291723
2019-12-09,40.70463,-74.01507,291723
2019-12-09,40.76227205,-73.98788205,291724
2019-12-09,40.74311555376486,-73.98215353488922,291724
2019-12-09,40.72580614,-73.97422494,291725
2019-12-09,40.71850211,-73.98329859,291725
2019-12-09,40.7806284,-73.9521667,291726
2019-12-09,40.7937704,-73.971888,291726
2019-12-09,40.751551,-73.993934,291727
2019-12-09,40.76370739,-73.9851615,291727
2019-12-09,40.78307,-73.95939,291728
2019-12-09,40.805973,-73.964928,291728
2019-12-09,40.71816969454208,-73.95520135760307,291729
2019-12-09,40.70924826276157,-73.96063148975372,291729
2019-12-09,40.71269042,-73.98776323,291730
2019-12-09,40.71269042,-73.98776323,291730
2019-12-09,40.7687620293096,-73.95840793848038,291731
2019-12-09,40.75934501,-73.96759673,291731
2019-12-09,40.73726186,-73.99238967,291732
2019-12-09,40.72185379,-74.00771779,291732
2019-12-09,40.78720869,-73.98128127,291733
2019-12-09,40.7862586,-73.94552579,291733
2019-12-09,40.716887,-73.963198,291734
2019-12-09,40.71534825,-73.96024116,291734
2019-12-09,40.76132983124814,-73.97982001304626,291735
2019-12-09,40.7785669,-73.97754961,291735
2019-12-09,40.7149787,-74.013012,291736
2019-12-09,40.70834698,-74.01713445,291736
2019-12-09,40.75660359,-73.9979009,291737
2019-12-09,40.71334184275907,-74.00935515761375,291737
2019-12-09,40.702461,-73.986842,291738
2019-12-09,40.68691865,-73.976682,291738
2019-12-09,40.72453734,-73.98185424,291739
2019-12-09,40.72966729392978,-73.98067966103554,291739
2019-12-09,40.81,-73.9551508,291740
2019-12-09,40.8025566,-73.9490782,291740
2019-12-09,40.71939226,-74.00247214,291741
2019-12-09,40.71269042,-73.98776323,291741
2019-12-09,40.7785669,-73.97754961,291742
2019-12-09,40.7973721,-73.97041192,291742
2019-12-09,40.74901271,-73.98848395,291743
2019-12-09,40.7724607,-73.9468208,291743
2019-12-09,40.81,-73.9551508,291744
2019-12-09,40.8025566,-73.9490782,291744
2019-12-09,40.72621788,-73.98379855,291745
2019-12-09,40.72966729392978,-73.98067966103554,291745
2019-12-09,40.73026,-73.95394,291746
2019-12-09,40.73555,-73.95284,291746
2019-12-09,40.74901271,-73.98848395,291747
2019-12-09,40.75640548,-73.9900262,291747
2019-12-09,40.74238787,-73.99726235,291748
2019-12-09,40.8082,-73.9641,291748
2019-12-09,40.77862688,-73.95772073,291749
2019-12-09,40.77118287540658,-73.96409422159195,291749
2019-12-09,40.74780373,-73.9734419,291750
2019-12-09,40.75640548,-73.9900262,291750
2019-12-09,40.751396,-74.005226,291751
2019-12-09,40.72453734,-73.98185424,291751
2019-12-09,40.73587678,-73.98205027,291752
2019-12-09,40.749156,-73.9916,291752
2019-12-09,40.74487634,-73.99529885,291753
2019-12-09,40.77515953434235,-73.98918695747852,291753
2019-12-09,40.799484,-73.955613,291754
2019-12-09,40.804213,-73.96699104,291754
2019-12-09,40.752165280621966,-73.97992193698882,291755
2019-12-09,40.75019995,-73.99093085,291755
2019-12-09,40.77748046,-73.98288594,291756
2019-12-09,40.78524672,-73.97667321,291756
2019-12-09,40.7208736,-73.98085795,291757
2019-12-09,40.72746420692392,-73.97950418293476,291757
2019-12-09,40.739445,-73.976806,291758
2019-12-09,40.749156,-73.9916,291758
2019-12-09,40.7849032,-73.950503,291759
2019-12-09,40.79329668,-73.9432083,291759
2019-12-09,40.713126,-73.984844,291760
2019-12-09,40.73331967,-73.99510132,291760
2019-12-09,40.76019252,-73.9912551,291761
2019-12-09,40.7829391,-73.9786517,291761
2019-12-09,40.79904139288298,-73.96649479866028,291762
2019-12-09,40.7919557,-73.968087,291762
2019-12-09,40.76227205,-73.98788205,291763
2019-12-09,40.76269882,-73.99301222,291763
2019-12-09,40.711066,-74.009447,291764
2019-12-09,40.70834698,-74.01713445,291764
2019-12-09,40.72311651,-73.95212324,291765
2019-12-09,40.72984,-73.94839,291765
2019-12-09,40.677236,-74.015665,291766
2019-12-09,40.6830456,-74.00348559,291766
2019-12-09,40.7934337,-73.94945003,291767
2019-12-09,40.787801,-73.953559,291767
2019-12-09,40.76360467795863,-73.98917958140373,291768
2019-12-09,40.76727216,-73.99392888,291768
2019-12-09,40.75934501,-73.96759673,291769
2019-12-09,40.75022392,-73.97121414,291769
2019-12-09,40.74290902,-73.97706058,291770
2019-12-09,40.74238787,-73.99726235,291770
2019-12-09,40.78948541553215,-73.95242929458618,291771
2019-12-09,40.7869946,-73.94164802,291771
2019-12-09,40.7862586,-73.94552579,291772
2019-12-09,40.7954121,-73.9441232,291772
2019-12-09,40.713126,-73.984844,291773
2019-12-09,40.71117444,-73.99682619,291773
2019-12-09,40.74311555376486,-73.98215353488922,291775
2019-12-09,40.75929124,-73.98859651,291775
2019-12-09,40.735445,-73.99431,291776
2019-12-09,40.73221853,-73.98165557,291776
2019-12-09,40.71247661,-73.94100005,291777
2019-12-09,40.715353,-73.93856,291777
2019-12-09,40.69795031569544,-73.97077560424805,291778
2019-12-09,40.72906,-73.95779,291778
2019-12-09,40.7239567849954,-73.94984364509583,291779
2019-12-09,40.71285887,-73.96590294,291779
2019-12-09,40.74395411,-73.99144871,291780
2019-12-09,40.73454567,-73.99074142,291780
2019-12-09,40.70862144,-74.00722156,291781
2019-12-09,40.7153379,-74.01658354,291781
2019-12-09,40.73223272,-73.98889957,291782
2019-12-09,40.749156,-73.9916,291782
2019-12-09,40.70955958,-74.00653609,291783
2019-12-09,40.72185379,-74.00771779,291783
2019-12-09,40.7667405590595,-73.9790689945221,291784
2019-12-09,40.77118287540658,-73.96409422159195,291784
2019-12-09,40.74238787,-73.99726235,291785
2019-12-09,40.72953837,-73.98426726,291785
2019-12-09,40.69128258,-73.9452416,291786
2019-12-09,40.6803560840434,-73.9476791024208,291786
2019-12-09,40.74144387,-73.97536082,291787
2019-12-09,40.75466591,-73.99138152,291787
2019-12-09,40.735445,-73.99431,291788
2019-12-09,40.75992262,-73.97648516,291788
2019-12-09,40.70463,-74.01507,291789
2019-12-09,40.71754834,-74.01322069,291789
2019-12-09,40.76341379,-73.99667444,291790
2019-12-09,40.7575699,-73.99098507,291790
2019-12-09,40.71219906,-73.97948148,291791
2019-12-09,40.71485150526252,-74.01122331619263,291791
2019-12-09,40.74780373,-73.9734419,291792
2019-12-09,40.74311555376486,-73.98215353488922,291792
2019-12-09,40.72953837,-73.98426726,291793
2019-12-09,40.73704984,-73.99009296,291793
2019-12-09,40.7770575,-73.97898475,291794
2019-12-09,40.77118287540658,-73.96409422159195,291794
2019-12-09,40.6809833854,-73.9500479759,291795
2019-12-09,40.6800105,-73.938475,291795
2019-12-09,40.76590936,-73.97634151,291796
2019-12-09,40.76227205,-73.98788205,291796
2019-12-09,40.71413089,-73.9970468,291797
2019-12-09,40.71334184275907,-74.00935515761375,291797
2019-12-09,40.73331967,-73.99510132,291798
2019-12-09,40.73221853,-73.98165557,291798
2019-12-09,40.73224119,-74.00026394,291799
2019-12-09,40.73224119,-74.00026394,291799
2019-12-09,40.76873687,-73.96119945,291800
2019-12-09,40.7451677,-73.98683077,291800
2019-12-09,40.70122128,-74.01234218,291801
2019-12-09,40.70463,-74.01507,291801
2019-12-09,40.752165280621966,-73.97992193698882,291802
2019-12-09,40.74394314,-73.97966069,291802
2019-12-09,40.7829391,-73.9786517,291803
2019-12-09,40.78524672,-73.97667321,291803
2019-12-09,40.71745169,-73.95850939,291804
2019-12-09,40.73232194,-73.9550858,291804
2019-12-09,40.77536905,-73.94803392,291805
2019-12-09,40.7835016,-73.955327,291805
2019-12-09,40.74395411,-73.99144871,291806
2019-12-09,40.735367055605394,-73.98797392845154,291806
2019-12-09,40.699304,-73.923044,291807
2019-12-09,40.69544,-73.93223,291807
2019-12-09,40.69839895,-73.98068914,291808
2019-12-09,40.68753406,-73.97265183,291808
2019-12-09,40.6787242,-73.99599099,291809
2019-12-09,40.6794327,-74.00785041,291809
2019-12-09,40.6867443,-73.99063168,291810
2019-12-09,40.6902375,-73.99203074,291810
2019-12-09,40.77140426,-73.9535166,291811
2019-12-09,40.77314236,-73.95856158,291811
2019-12-09,40.71117444,-73.99682619,291812
2019-12-09,40.71076228,-73.99400398,291812
2019-12-09,40.75323098,-73.97032517,291813
2019-12-09,40.75001986,-73.96905301,291813
2019-12-09,40.70530954,-74.00612572,291814
2019-12-09,40.70717936,-74.00887308,291814
2019-12-09,40.73587678,-73.98205027,291815
2019-12-09,40.759125,-73.962658,291815
2019-12-09,40.78414472,-73.98362492,291816
2019-12-09,40.77515953434235,-73.98918695747852,291816
2019-12-09,40.76302594280519,-73.97209525108337,291817
2019-12-09,40.76712840349542,-73.96224617958069,291817
2019-12-09,40.68753406,-73.97265183,291818
2019-12-09,40.70870368,-73.9448625,291818
2019-12-09,40.70955958,-74.00653609,291819
2019-12-09,40.72494672359416,-74.00165855884552,291819
2019-12-09,40.75466591,-73.99138152,291820
2019-12-09,40.73331967,-73.99510132,291820
2019-12-09,40.746647,-73.993915,291821
2019-12-09,40.749717753,-74.002950346,291821
2019-12-09,40.68981035,-73.97493121,291822
2019-12-09,40.68506807308177,-73.97790759801863,291822
2019-12-09,40.70905623,-74.01043382,291823
2019-12-09,40.70905623,-74.01043382,291823
2019-12-09,40.76915505,-73.98191841,291824
2019-12-09,40.7934337,-73.94945003,291824
2019-12-09,40.72217444,-73.98368779,291825
2019-12-09,40.71273266,-74.0046073,291825
2019-12-09,40.73944820130404,-74.00507032871246,291826
2019-12-09,40.74173969,-73.99415556,291826
2019-12-09,40.76471851944339,-73.96222069859505,291827
2019-12-09,40.75797322,-73.96603308,291827
2019-12-09,40.76341379,-73.99667444,291828
2019-12-09,40.75898481399634,-73.99379968643188,291828
2019-12-09,40.76302594280519,-73.97209525108337,291829
2019-12-09,40.77748046,-73.98288594,291829
2019-12-09,40.73143724085228,-73.99490341544151,291830
2019-12-09,40.73291553,-74.00711384,291830
2019-12-09,40.73047747,-73.99906065,291831
2019-12-09,40.72019521437465,-74.0103006362915,291831
2019-12-09,40.76500525,-73.95818491,291832
2019-12-09,40.7806284,-73.9521667,291832
2019-12-09,40.718822,-73.99596,291833
2019-12-09,40.72494672359416,-74.00165855884552,291833
2019-12-09,40.69512845,-73.99595065,291834
2019-12-09,40.6763947,-73.99869893,291834
2019-12-09,40.7633589,-73.9286471,291835
2019-12-09,40.75110165,-73.94073717,291835
2019-12-09,40.75038009,-73.98338988,291836
2019-12-09,40.749717753,-74.002950346,291836
2019-12-09,40.72299208,-73.97995466,291837
2019-12-09,40.75724567911726,-73.97805914282799,291837
2019-12-09,40.7489006,-73.97604882,291838
2019-12-09,40.751581,-73.97791,291838
2019-12-09,40.72299208,-73.97995466,291839
2019-12-09,40.75724567911726,-73.97805914282799,291839
2019-12-09,40.752165280621966,-73.97992193698882,291840
2019-12-09,40.75097711,-73.98765428,291840
2019-12-09,40.7003,-73.991581,291841
2019-12-09,40.70463,-74.01507,291841
2019-12-09,40.75934501,-73.96759673,291842
2019-12-09,40.75455731,-73.96592976,291842
2019-12-09,40.72229346,-73.99147535,291843
2019-12-09,40.7361967,-74.00859207,291843
2019-12-09,40.69221589,-73.9842844,291844
2019-12-09,40.69543,-73.9196,291844
2019-12-09,40.74173969,-73.99415556,291845
2019-12-09,40.751551,-73.993934,291845
2019-12-09,40.69128258,-73.9452416,291846
2019-12-09,40.6740886,-73.9787282,291846
2019-12-09,40.6802133,-73.98432695,291847
2019-12-09,40.69425403,-73.94626915,291847
2019-12-09,40.6765198,-73.9596082,291848
2019-12-09,40.668132,-73.97363831,291848
2019-12-09,40.7817212,-73.94594,291849
2019-12-09,40.7781314,-73.96069399,291849
2019-12-09,40.71602118,-73.99974372,291850
2019-12-09,40.73291553,-74.00711384,291850
2019-12-09,40.75510267,-73.97498696,291851
2019-12-09,40.75299641,-73.98721619,291851
2019-12-09,40.7505853470215,-73.9946848154068,291852
2019-12-09,40.749156,-73.9916,291852
2019-12-09,40.768254,-73.988639,291853
2019-12-09,40.76471851944339,-73.96222069859505,291853
2019-12-09,40.707644944175705,-73.96841526031494,291854
2019-12-09,40.70684203101325,-73.9544353965357,291854
2019-12-09,40.76302594280519,-73.97209525108337,291855
2019-12-09,40.739445,-73.976806,291855
2019-12-09,40.71219906,-73.97948148,291856
2019-12-09,40.71625008,-74.0091059,291856
2019-12-09,40.73532427,-73.99800419,291857
2019-12-09,40.74238787,-73.99726235,291857
2019-12-09,40.761573,-73.972628,291858
2019-12-09,40.76095756,-73.96724467,291858
2019-12-09,40.72710258,-74.00297088,291859
2019-12-09,40.718822,-73.99596,291859
2019-12-09,40.72743423,-73.99379025,291860
2019-12-09,40.722055,-73.989111,291860
2019-12-09,40.74173969,-73.99415556,291861
2019-12-09,40.746745,-74.007756,291861
2019-12-09,40.7003,-73.991581,291862
2019-12-09,40.70463,-74.01507,291862
2019-12-09,40.75992262,-73.97648516,291863
2019-12-09,40.76915505,-73.98191841,291863
2019-12-09,40.71307916,-73.99851193,291864
2019-12-09,40.70355377,-74.00670227,291864
2019-12-09,40.72966729392978,-73.98067966103554,291865
2019-12-09,40.72746420692392,-73.97950418293476,291865
2019-12-09,40.738046142482766,-73.99642959237099,291866
2019-12-09,40.75066386,-74.00176802,291866
2019-12-09,40.6746957,-73.99785768,291867
2019-12-09,40.6758329439129,-74.01472628116608,291867
2019-12-09,40.76269882,-73.99301222,291868
2019-12-09,40.7652654,-73.98192338,291868
2019-12-09,40.7403432,-73.98955109,291869
2019-12-09,40.735445,-73.99431,291869
2019-12-09,40.72036775298455,-73.96165072917938,291870
2019-12-09,40.7239567849954,-73.94984364509583,291870
2019-12-09,40.7403432,-73.98955109,291871
2019-12-09,40.73314259,-73.97573881,291871
2019-12-09,40.70870368,-73.9448625,291872
2019-12-09,40.70538077,-73.94976519,291872
2019-12-09,40.6902375,-73.99203074,291873
2019-12-09,40.675146838709786,-73.97523209452629,291873
2019-12-09,40.75640548,-73.9900262,291874
2019-12-09,40.75001986,-73.96905301,291874
2019-12-09,40.73935542,-73.99931783,291875
2019-12-09,40.768254,-73.988639,291875
2019-12-09,40.8114323,-73.9518776,291876
2019-12-09,40.8107922,-73.9430681,291876
2019-12-09,40.71334184275907,-74.00935515761375,291877
2019-12-09,40.72494672359416,-74.00165855884552,291877
2019-12-09,40.71285887,-73.96590294,291878
2019-12-09,40.72243797,-74.00566443,291878
2019-12-09,40.7403432,-73.98955109,291879
2019-12-09,40.74173969,-73.99415556,291879
2019-12-09,40.69766564,-73.98476437,291880
2019-12-09,40.6751622,-73.9814832,291880
2019-12-09,40.74173969,-73.99415556,291881
2019-12-09,40.74691959,-74.00451887,291881
2019-12-09,40.73047747,-73.99906065,291882
2019-12-09,40.71939226,-74.00247214,291882
2019-12-09,40.795,-73.9645,291883
2019-12-09,40.7779453,-73.946041,291883
2019-12-09,40.751581,-73.97791,291884
2019-12-09,40.74964,-73.98805,291884
2019-12-09,40.71335226222875,-73.9491033554077,291885
2019-12-09,40.70870368,-73.9448625,291885
2019-12-09,40.7505853470215,-73.9946848154068,291886
2019-12-09,40.7489006,-73.97604882,291886
2019-12-09,40.72307749068673,-73.98583620786667,291887
2019-12-09,40.73047747,-73.99906065,291887
2019-12-09,40.73624527,-73.98473765,291888
2019-12-09,40.73381219196632,-73.98054420948029,291888
2019-12-09,40.768254,-73.988639,291889
2019-12-09,40.75019995,-73.99093085,291889
2019-12-09,40.72456089,-73.99565293,291890
2019-12-09,40.72405549,-74.00965965,291890
2019-12-09,40.69760127,-73.99344559,291891
2019-12-09,40.70255088,-73.98940236,291891
2019-12-09,40.72066442,-73.98517977,291892
2019-12-09,40.72453734,-73.98185424,291892
2019-12-09,40.75797322,-73.96603308,291893
2019-12-09,40.75206862,-73.96784384,291893
2019-12-09,40.71739973,-73.98016555,291894
2019-12-09,40.72307749068673,-73.98583620786667,291894
2019-12-09,40.730563,-73.973984,291895
2019-12-09,40.72743423,-73.99379025,291895
2019-12-09,40.6704836,-73.98208968,291896
2019-12-09,40.67909799721684,-73.98765474557877,291896
2019-12-09,40.71739973,-73.98016555,291897
2019-12-09,40.71406667,-73.99293911,291897
2019-12-09,40.71911552,-74.00666661,291898
2019-12-09,40.70530954,-74.00612572,291898
2019-12-09,40.7974772,-73.9311847,291899
2019-12-09,40.8045555,-73.9396861,291899
2019-12-09,40.739323,-74.008119,291900
2019-12-09,40.728846,-74.008591,291900
2019-12-09,40.76009437,-73.99461843,291901
2019-12-09,40.76360467795863,-73.98917958140373,291901
2019-12-09,40.78307,-73.95939,291902
2019-12-09,40.768254,-73.988639,291902
2019-12-09,40.74765947,-73.98490707,291903
2019-12-09,40.73401143,-74.00293877,291903
2019-12-09,40.74765947,-73.98490707,291904
2019-12-09,40.73944820130404,-74.00507032871246,291904
2019-12-09,40.73726186,-73.99238967,291905
2019-12-09,40.72951496224949,-73.99075269699097,291905
2019-12-09,40.746745,-74.007756,291906
2019-12-09,40.73291553,-74.00711384,291906
2019-12-09,40.6786115,-73.99037292,291907
2019-12-09,40.6751622,-73.9814832,291907
2019-12-09,40.72185379,-74.00771779,291908
2019-12-09,40.72185379,-74.00771779,291908
2019-12-09,40.77632142182271,-73.96427392959595,291909
2019-12-09,40.8021174,-73.9681805305,291909
2019-12-09,40.7747878,-73.9125551,291910
2019-12-09,40.7767,-73.927631,291910
2019-12-09,40.75660359,-73.9979009,291911
2019-12-09,40.75929124,-73.98859651,291911
2019-12-09,40.72743423,-73.99379025,291912
2019-12-09,40.73624527,-73.98473765,291912
2019-12-09,40.71782143,-73.97628939,291913
2019-12-09,40.71406667,-73.99293911,291913
2019-12-09,40.73047309,-73.98672378,291914
2019-12-09,40.734232,-73.986923,291914
2019-12-09,40.76341379,-73.99667444,291915
2019-12-09,40.71754834,-74.01322069,291915
2019-12-09,40.75992262,-73.97648516,291916
2019-12-09,40.734814,-73.992085,291916
2019-12-09,40.75660359,-73.9979009,291917
2019-12-09,40.75929124,-73.98859651,291917
2019-12-09,40.7454973,-74.00197139,291918
2019-12-09,40.73781509,-73.99994661,291918
2019-12-09,40.71450451,-74.00562789,291919
2019-12-09,40.7262807,-73.98978041,291919
2019-12-09,40.77140426,-73.9535166,291920
2019-12-09,40.7728384,-73.94989233,291920
2019-12-09,40.73971301,-73.99456405,291921
2019-12-09,40.72621788,-73.98379855,291921
2019-12-09,40.754120810779256,-73.98025184869766,291922
2019-12-09,40.75172632,-73.98753523,291922
2019-12-09,40.7747878,-73.9125551,291923
2019-12-09,40.7747878,-73.9125551,291923
2019-12-09,40.75714758,-73.97207836,291924
2019-12-09,40.751551,-73.993934,291924
2019-12-09,40.72951496224949,-73.99075269699097,291925
2019-12-09,40.72453734,-73.98185424,291925
2019-12-09,40.75797322,-73.96603308,291926
2019-12-09,40.74290902,-73.97706058,291926
2019-12-09,40.70838,-74.00495,291927
2019-12-09,40.7047177,-74.00926027,291927
2019-12-09,40.71485150526252,-74.01122331619263,291928
2019-12-09,40.71291224,-74.01020234,291928
2019-12-09,40.777507027547976,-73.98888587951659,291929
2019-12-09,40.77149671054441,-73.99046033620834,291929
2019-12-09,40.76228826,-73.98336183,291930
2019-12-09,40.7475739589548,-73.9788007736206,291930
2019-12-09,40.6831164,-73.99785267,291931
2019-12-09,40.6831164,-73.99785267,291931
2019-12-09,40.73971301,-73.99456405,291932
2019-12-09,40.751396,-74.005226,291932
2019-12-09,40.72217444,-73.98368779,291933
2019-12-09,40.72217444,-73.98368779,291933
2019-12-09,40.741459,-73.983293,291934
2019-12-09,40.7381765,-73.97738662,291934
2019-12-09,40.7454973,-74.00197139,291935
2019-12-09,40.735238,-74.000271,291935
2019-12-09,40.76132983124814,-73.97982001304626,291936
2019-12-09,40.76009437,-73.99461843,291936
2019-12-09,40.741459,-73.983293,291937
2019-12-09,40.734232,-73.986923,291937
2019-12-09,40.668127,-73.98377641,291938
2019-12-09,40.6686273,-73.98700053,291938
2019-12-09,40.8025566,-73.9490782,291939
2019-12-09,40.7974772,-73.9311847,291939
2019-12-09,40.6627059,-73.9569115,291940
2019-12-09,40.6707767,-73.9576801,291940
2019-12-09,40.75255434,-73.97282625,291941
2019-12-09,40.75934501,-73.96759673,291941
2019-12-09,40.768254,-73.988639,291942
2019-12-09,40.7575699,-73.99098507,291942
2019-12-09,40.72953837,-73.98426726,291943
2019-12-09,40.73314259,-73.97573881,291943
2019-12-09,40.75255434,-73.97282625,291944
2019-12-09,40.74173969,-73.99415556,291944
2019-12-09,40.73781509,-73.99994661,291945
2019-12-09,40.746745,-74.007756,291945
2019-12-09,40.74475148,-73.99915362,291946
2019-12-09,40.74487634,-73.99529885,291946
2019-12-09,40.72311651,-73.95212324,291947
2019-12-09,40.71167351,-73.95141312,291947
2019-12-09,40.76269882,-73.99301222,291948
2019-12-09,40.72502876,-73.99069656,291948
2019-12-09,40.68753406,-73.97265183,291949
2019-12-09,40.693261,-73.968896,291949
2019-12-09,40.72362738,-73.99949601,291950
2019-12-09,40.744219,-73.97121214,291950
2019-12-09,40.74780373,-73.9734419,291951
2019-12-09,40.75714758,-73.97207836,291951
2019-12-09,40.73704984,-73.99009296,291952
2019-12-09,40.73587678,-73.98205027,291952
2019-12-09,40.680944723477296,-73.97567331790923,291953
2019-12-09,40.6751622,-73.9814832,291953
2019-12-09,40.73971301,-73.99456405,291954
2019-12-09,40.71939226,-74.00247214,291954
2019-12-09,40.74144387,-73.97536082,291955
2019-12-09,40.74394314,-73.97966069,291955
2019-12-09,40.763954,-73.9646,291956
2019-12-09,40.76471851944339,-73.96222069859505,291956
2019-12-09,40.77966809007312,-73.98093044757842,291957
2019-12-09,40.782593,-73.971211,291957
2019-12-09,40.7597108,-73.97402311,291958
2019-12-09,40.73226398,-73.99852205,291958
2019-12-09,40.6902375,-73.99203074,291959
2019-12-09,40.6867443,-73.99063168,291959
2019-12-09,40.76269882,-73.99301222,291960
2019-12-09,40.76227205,-73.98788205,291960
2019-12-09,40.69196566,-73.9813018,291961
2019-12-09,40.69196035,-73.96536851,291961
2019-12-09,40.73143724085228,-73.99490341544151,291962
2019-12-09,40.72228087,-73.97668709,291962
2019-12-09,40.73143724085228,-73.99490341544151,291963
2019-12-09,40.72951496224949,-73.99075269699097,291963
2019-12-09,40.73912601,-73.97973776,291964
2019-12-09,40.73454567,-73.99074142,291964
2019-12-09,40.78307,-73.95939,291965
2019-12-09,40.7505853470215,-73.9946848154068,291965
2019-12-09,40.76360467795863,-73.98917958140373,291966
2019-12-09,40.7435337324616,-74.00367558002472,291966
2019-12-09,40.752165280621966,-73.97992193698882,291967
2019-12-09,40.7475739589548,-73.9788007736206,291967
2019-12-09,40.76344058,-73.98268129,291968
2019-12-09,40.76344058,-73.98268129,291968
2019-12-09,40.74311555376486,-73.98215353488922,291969
2019-12-09,40.746647,-73.993915,291969
2019-12-09,40.7505853470215,-73.9946848154068,291970
2019-12-09,40.749156,-73.9916,291970
2019-12-09,40.75594159,-74.0021163,291971
2019-12-09,40.76087502,-74.00277668,291971
2019-12-09,40.75513557,-73.98658032,291972
2019-12-09,40.7489006,-73.97604882,291972
2019-12-09,40.68539567,-73.97431458,291973
2019-12-09,40.69580705,-73.97355569,291973
2019-12-09,40.7262807,-73.98978041,291974
2019-12-09,40.72740794,-73.98142006,291974
2019-12-09,40.7568001,-73.98291153,291975
2019-12-09,40.754691750226016,-73.99740189313889,291975
2019-12-09,40.6703837,-73.97839676,291976
2019-12-09,40.6707767,-73.9576801,291976
2019-12-09,40.7454973,-74.00197139,291977
2019-12-09,40.7403432,-73.98955109,291977
2019-12-09,40.751581,-73.97791,291978
2019-12-09,40.76370739,-73.9851615,291978
2019-12-09,40.78307,-73.95939,291979
2019-12-09,40.7505853470215,-73.9946848154068,291979
2019-12-09,40.752269,-73.982079,291980
2019-12-09,40.763189,-73.978434,291980
2019-12-09,40.69608941,-73.97803415,291981
2019-12-09,40.69531727766904,-73.99015724658966,291981
2019-12-09,40.69544,-73.93223,291982
2019-12-09,40.69467,-73.90663,291982
2019-12-09,40.75206862,-73.96784384,291983
2019-12-09,40.7612274,-73.96094022,291983
2019-12-09,40.72362738,-73.99949601,291984
2019-12-09,40.73532427,-73.99800419,291984
2019-12-09,40.7728384,-73.94989233,291985
2019-12-09,40.778301,-73.9488134,291985
2019-12-09,40.695065,-73.987167,291986
2019-12-09,40.68506807308177,-73.97790759801863,291986
2019-12-09,40.813358,-73.956461,291987
2019-12-09,40.809725,-73.953149,291987
2019-12-09,40.73291553,-74.00711384,291988
2019-12-09,40.73401143,-74.00293877,291988
2019-12-09,40.76344058,-73.98268129,291989
2019-12-09,40.76132983124814,-73.97982001304626,291989
2019-12-09,40.7974772,-73.9311847,291990
2019-12-09,40.80698,-73.941747,291990
2019-12-09,40.77282817,-73.96685276,291991
2019-12-09,40.7835016,-73.955327,291991
2019-12-09,40.75255434,-73.97282625,291992
2019-12-09,40.752269,-73.982079,291992
2019-12-09,40.6917823,-73.9737299,291993
2019-12-09,40.68691865,-73.976682,291993
2019-12-09,40.73726186,-73.99238967,291994
2019-12-09,40.72710258,-74.00297088,291994
2019-12-09,40.70905623,-74.01043382,291995
2019-12-09,40.70905623,-74.01043382,291995
2019-12-09,40.71559509,-73.9870295,291996
2019-12-09,40.7158155,-73.99422366,291996
2019-12-09,40.6849668,-73.98620772,291997
2019-12-09,40.675146838709786,-73.97523209452629,291997
2019-12-09,40.6883337,-73.950916,291998
2019-12-09,40.68488,-73.96304,291998
2019-12-09,40.73827428,-73.98751968,291999
2019-12-09,40.73172428,-74.00674436,291999
2019-12-09,40.751551,-73.993934,292000
2019-12-09,40.75097711,-73.98765428,292000
2019-12-09,40.72299208,-73.97995466,292001
2019-12-09,40.72966729392978,-73.98067966103554,292001
2019-12-09,40.7457121,-73.98194829,292002
2019-12-09,40.74765947,-73.98490707,292002
2019-12-09,40.7857851,-73.957481,292003
2019-12-09,40.782454175279874,-73.9489196240902,292003
2019-12-09,40.74177603,-74.00149746,292004
2019-12-09,40.74487634,-73.99529885,292004
2019-12-09,40.72217444,-73.98368779,292005
2019-12-09,40.72743423,-73.99379025,292005
2019-12-09,40.752957,-74.00264,292006
2019-12-09,40.77163851,-73.98261428,292006
2019-12-09,40.739323,-74.008119,292007
2019-12-09,40.72621788,-73.98379855,292007
2019-12-09,40.72621788,-73.98379855,292008
2019-12-09,40.72966729392978,-73.98067966103554,292008
2019-12-09,40.69512845,-73.99595065,292009
2019-12-09,40.70037867,-73.99548059,292009
2019-12-09,40.6917823,-73.9737299,292010
2019-12-09,40.68962188790333,-73.98304268717766,292010
2019-12-09,40.76068327096592,-73.9845272898674,292011
2019-12-09,40.7505853470215,-73.9946848154068,292011
2019-12-09,40.73704984,-73.99009296,292012
2019-12-09,40.73624527,-73.98473765,292012
2019-12-09,40.71602118,-73.99974372,292013
2019-12-09,40.70717936,-74.00887308,292013
2019-12-09,40.74734825,-73.99723551,292014
2019-12-09,40.76727216,-73.99392888,292014
2019-12-09,40.74901271,-73.98848395,292015
2019-12-09,40.7505853470215,-73.9946848154068,292015
2019-12-09,40.71911552,-74.00666661,292016
2019-12-09,40.73172428,-74.00674436,292016
2019-12-09,40.734814,-73.992085,292017
2019-12-09,40.73047747,-73.99906065,292017
2019-12-09,40.735445,-73.99431,292018
2019-12-09,40.72903917,-73.99404649,292018
2019-12-09,40.76132983124814,-73.97982001304626,292019
2019-12-09,40.75513557,-73.98658032,292019
2019-12-09,40.70539,-73.92976,292020
2019-12-09,40.713811,-73.93515,292020
2019-12-09,40.68691865,-73.976682,292021
2019-12-09,40.6845683,-73.95881081,292021
2019-12-09,40.710451,-73.960876,292022
2019-12-09,40.707873,-74.00167,292022
2019-12-09,40.73912601,-73.97973776,292023
2019-12-09,40.74286877312112,-73.98918628692627,292023
2019-12-09,40.69363137,-73.96223558,292024
2019-12-09,40.69236178,-73.98631746,292024
2019-12-09,40.7882213,-73.97041561,292025
2019-12-09,40.77966809007312,-73.98093044757842,292025
2019-12-09,40.751873,-73.977706,292026
2019-12-09,40.75019995,-73.99093085,292026
2019-12-09,40.69512845,-73.99595065,292027
2019-12-09,40.702461,-73.986842,292027
2019-12-09,40.763954,-73.9646,292028
2019-12-09,40.741459,-73.983293,292028
2019-12-09,40.75466591,-73.99138152,292029
2019-12-09,40.7462009,-73.98855723,292029
2019-12-09,40.71754834,-74.01322069,292030
2019-12-09,40.69089272,-73.99612349,292030
2019-12-09,40.77573034,-73.9567526,292031
2019-12-09,40.782454175279874,-73.9489196240902,292031
2019-12-09,40.75066386,-74.00176802,292032
2019-12-09,40.741459,-73.983293,292032
2019-12-09,40.722055,-73.989111,292033
2019-12-09,40.72453734,-73.98185424,292033
2019-12-09,40.73026,-73.95394,292034
2019-12-09,40.74336608027021,-73.95960688591003,292034
2019-12-09,40.76068327096592,-73.9845272898674,292035
2019-12-09,40.76341379,-73.99667444,292035
2019-12-09,40.6795766,-73.97854971,292036
2019-12-09,40.6740886,-73.9787282,292036
2019-12-09,40.68323865460341,-73.96599590778351,292037
2019-12-09,40.69327018,-73.97703874,292037
2019-12-09,40.72456089,-73.99565293,292038
2019-12-09,40.7462009,-73.98855723,292038
2019-12-09,40.751551,-73.993934,292039
2019-12-09,40.751873,-73.977706,292039
2019-12-09,40.76019252,-73.9912551,292040
2019-12-09,40.74937024193277,-73.99923384189606,292040
2019-12-09,40.74345335,-74.00004031,292041
2019-12-09,40.749717753,-74.002950346,292041
2019-12-09,40.72317958,-73.99480012,292042
2019-12-09,40.74311555376486,-73.98215353488922,292042
2019-12-09,40.6851443,-73.95380904,292043
2019-12-09,40.69128258,-73.9452416,292043
2019-12-09,40.74173969,-73.99415556,292044
2019-12-09,40.734814,-73.992085,292044
2019-12-09,40.8045555,-73.9396861,292045
2019-12-09,40.809725,-73.953149,292045
2019-12-09,40.6716493,-73.9631145,292046
2019-12-09,40.6721683,-73.9609,292046
2019-12-09,40.75500254,-73.98014437,292047
2019-12-09,40.7462009,-73.98855723,292047
2019-12-09,40.73971301,-73.99456405,292048
2019-12-09,40.73454567,-73.99074142,292048
2019-12-09,40.75513557,-73.98658032,292049
2019-12-09,40.75898481399634,-73.99379968643188,292049
2019-12-09,40.6809591,-73.99905709,292050
2019-12-09,40.6881529,-73.99520919,292050
2019-12-09,40.734232,-73.986923,292051
2019-12-09,40.73381219196632,-73.98054420948029,292051
2019-12-09,40.73827428,-73.98751968,292052
2019-12-09,40.72710258,-74.00297088,292052
2019-12-09,40.73172428,-74.00674436,292053
2019-12-09,40.7390169121,-74.0026376103,292053
2019-12-09,40.73912601,-73.97973776,292054
2019-12-09,40.749156,-73.9916,292054
2019-12-09,40.72906,-73.95779,292055
2019-12-09,40.72311651,-73.95212324,292055
2019-12-09,40.722103786686034,-73.99724900722504,292056
2019-12-09,40.718822,-73.99596,292056
2019-12-09,40.66514681533792,-73.97637605667114,292057
2019-12-09,40.71622644,-73.98261206,292057
2019-12-09,40.75500254,-73.98014437,292058
2019-12-09,40.752269,-73.982079,292058
2019-12-09,40.75500254,-73.98014437,292059
2019-12-09,40.74901271,-73.98848395,292059
2019-12-09,40.7973721,-73.97041192,292060
2019-12-09,40.804213,-73.96699104,292060
2019-12-09,40.76727216,-73.99392888,292061
2019-12-09,40.7361967,-74.00859207,292061
2019-12-09,40.76360467795863,-73.98917958140373,292062
2019-12-09,40.75466591,-73.99138152,292062
2019-12-09,40.74475148,-73.99915362,292063
2019-12-09,40.7262807,-73.98978041,292063
2019-12-09,40.75898481399634,-73.99379968643188,292064
2019-12-09,40.76727216,-73.99392888,292064
2019-12-09,40.74734825,-73.99723551,292065
2019-12-09,40.7568001,-73.98291153,292065
2019-12-09,40.76370739,-73.9851615,292066
2019-12-09,40.76019252,-73.9912551,292066
2019-12-09,40.71754834,-74.01322069,292067
2019-12-09,40.72453734,-73.98185424,292067
2019-12-09,40.74238787,-73.99726235,292068
2019-12-09,40.73935542,-73.99931783,292068
2019-12-09,40.79406660818552,-73.96286845207214,292069
2019-12-09,40.809725,-73.953149,292069
2019-12-09,40.735367055605394,-73.98797392845154,292070
2019-12-09,40.72521311,-73.97768752,292070
2019-12-09,40.74937024193277,-73.99923384189606,292071
2019-12-09,40.74487634,-73.99529885,292071
2019-12-09,40.7577284,-73.9166368,292072
2019-12-09,40.7557327,-73.9236611,292072
2019-12-09,40.74128309355993,-73.93725872039794,292073
2019-12-09,40.7552433,-73.9485678,292073
2019-12-09,40.71146364,-74.00552427,292074
2019-12-09,40.71605866,-73.99190759,292074
2019-12-09,40.71413089,-73.9970468,292075
2019-12-09,40.71739973,-73.98016555,292075
2019-12-09,40.73726186,-73.99238967,292076
2019-12-09,40.74901271,-73.98848395,292076
2019-12-09,40.72779126,-73.98564945,292077
2019-12-09,40.73704984,-73.99009296,292077
2019-12-09,40.74475148,-73.99915362,292078
2019-12-09,40.749717753,-74.002950346,292078
2019-12-09,40.71605866,-73.99190759,292079
2019-12-09,40.71739973,-73.98016555,292079
2019-12-09,40.71915571696044,-73.94885390996933,292080
2019-12-09,40.71534825,-73.96024116,292080
2019-12-09,40.770513,-73.988038,292081
2019-12-09,40.805973,-73.964928,292081
2019-12-09,40.6851443,-73.95380904,292082
2019-12-09,40.6740123,-73.9671457,292082
2019-12-09,40.7892105,-73.94370784,292083
2019-12-09,40.795508,-73.941606,292083
2019-12-09,40.8067581,-73.9607082,292084
2019-12-09,40.801694,-73.957145,292084
2019-12-09,40.702461,-73.986842,292085
2019-12-09,40.72743423,-73.99379025,292085
2019-12-09,40.73971301,-73.99456405,292086
2019-12-09,40.752269,-73.982079,292086
2019-12-09,40.79329668,-73.9432083,292087
2019-12-09,40.7859201,-73.94860294,292087
2019-12-09,40.77477944895728,-73.95427465438843,292088
2019-12-09,40.77140426,-73.9535166,292088
2019-12-09,40.6849668,-73.98620772,292089
2019-12-09,40.6783563,-74.00014502,292089
2019-12-09,40.7451677,-73.98683077,292090
2019-12-09,40.73454567,-73.99074142,292090
2019-12-09,40.72621788,-73.98379855,292091
2019-12-09,40.72521311,-73.97768752,292091
2019-12-09,40.75934501,-73.96759673,292092
2019-12-09,40.7806284,-73.9521667,292092
2019-12-09,40.7505853470215,-73.9946848154068,292093
2019-12-09,40.77579376683666,-73.9762057363987,292093
2019-12-09,40.76095756,-73.96724467,292094
2019-12-09,40.76500525,-73.95818491,292094
2019-12-09,40.74177603,-74.00149746,292095
2019-12-09,40.74286877312112,-73.98918628692627,292095
2019-12-09,40.74765947,-73.98490707,292096
2019-12-09,40.75513557,-73.98658032,292096
2019-12-09,40.76360467795863,-73.98917958140373,292097
2019-12-09,40.75510267,-73.97498696,292097
2019-12-09,40.716887,-73.963198,292098
2019-12-09,40.72708584,-73.95299117,292098
2019-12-09,40.71559509,-73.9870295,292099
2019-12-09,40.71273266,-74.0046073,292099
2019-12-09,40.74322681432173,-73.97449783980846,292100
2019-12-09,40.751873,-73.977706,292100
2019-12-09,40.7835016,-73.955327,292101
2019-12-09,40.8025566,-73.9490782,292101
2019-12-09,40.707873,-74.00167,292102
2019-12-09,40.69531727766904,-73.99015724658966,292102
2019-12-09,40.736502,-73.97809472,292103
2019-12-09,40.74286877312112,-73.98918628692627,292103
2019-12-09,40.74311555376486,-73.98215353488922,292104
2019-12-09,40.75022392,-73.97121414,292104
2019-12-09,40.751551,-73.993934,292105
2019-12-09,40.751873,-73.977706,292105
2019-12-09,40.752269,-73.982079,292106
2019-12-09,40.7262807,-73.98978041,292106
2019-12-09,40.666287,-73.98895053,292107
2019-12-09,40.6663181,-73.9854617,292107
2019-12-09,40.707873,-74.00167,292108
2019-12-09,40.69531727766904,-73.99015724658966,292108
2019-12-09,40.7919557,-73.968087,292109
2019-12-09,40.78499979,-73.97283406,292109
2019-12-09,40.77282817,-73.96685276,292110
2019-12-09,40.77966809007312,-73.98093044757842,292110
2019-12-09,40.73266,-73.95826,292111
2019-12-09,40.6999974843885,-73.97440128028393,292111
2019-12-09,40.7158155,-73.99422366,292112
2019-12-09,40.714211,-73.981095,292112
2019-12-09,40.7153379,-74.01658354,292113
2019-12-09,40.77149671054441,-73.99046033620834,292113
2019-12-09,40.77677702,-73.9590097,292114
2019-12-09,40.791976,-73.945993,292114
2019-12-09,40.73020660529954,-73.99102628231049,292115
2019-12-09,40.72903917,-73.99404649,292115
2019-12-09,40.74177603,-74.00149746,292116
2019-12-09,40.739445,-73.976806,292116
2019-12-09,40.76873687,-73.96119945,292117
2019-12-09,40.782454175279874,-73.9489196240902,292117
2019-12-09,40.739445,-73.976806,292118
2019-12-09,40.7457121,-73.98194829,292118
2019-12-09,40.71754834,-74.01322069,292119
2019-12-09,40.73652889,-74.00618026,292119
2019-12-09,40.711863,-73.944024,292120
2019-12-09,40.71766197083994,-73.94880026578903,292120
2019-12-09,40.768254,-73.988639,292121
2019-12-09,40.7892105,-73.94370784,292121
2019-12-09,40.77282817,-73.96685276,292122
2019-12-09,40.75724567911726,-73.97805914282799,292122
2019-12-09,40.74173969,-73.99415556,292123
2019-12-09,40.73331967,-73.99510132,292123
2019-12-09,40.78499979,-73.97283406,292124
2019-12-09,40.76095756,-73.96724467,292124
2019-12-09,40.72405549,-74.00965965,292125
2019-12-09,40.72405549,-74.00965965,292125
2019-12-09,40.71893904,-73.99266288,292126
2019-12-09,40.73269,-73.98974,292126
2019-12-09,40.7568001,-73.98291153,292127
2019-12-09,40.75828065,-73.97069431,292127
2019-12-09,40.77966809007312,-73.98093044757842,292128
2019-12-09,40.7919557,-73.968087,292128
2019-12-09,40.749156,-73.9916,292129
2019-12-09,40.73331967,-73.99510132,292129
2019-12-09,40.78414472,-73.98362492,292130
2019-12-09,40.7882213,-73.97041561,292130
2019-12-09,40.71939226,-74.00247214,292131
2019-12-09,40.73781509,-73.99994661,292131
2019-12-09,40.71146364,-74.00552427,292132
2019-12-09,40.711512,-74.015756,292132
2019-12-09,40.70793,-73.91092,292133
2019-12-09,40.703545,-73.917775,292133
2019-12-09,40.72621788,-73.98379855,292134
2019-12-09,40.70355377,-74.00670227,292134
2019-12-09,40.717571,-74.005549,292135
2019-12-09,40.71939226,-74.00247214,292135
2019-12-09,40.735238,-74.000271,292136
2019-12-09,40.72494672359416,-74.00165855884552,292136
2019-12-09,40.741459,-73.983293,292137
2019-12-09,40.739445,-73.976806,292137
2019-12-09,40.76095756,-73.96724467,292138
2019-12-09,40.75001986,-73.96905301,292138
2019-12-09,40.68691865,-73.976682,292139
2019-12-09,40.6751622,-73.9814832,292139
2019-12-09,40.805159,-73.954692,292140
2019-12-09,40.801694,-73.957145,292140
2019-12-09,40.7667405590595,-73.9790689945221,292141
2019-12-09,40.76312584,-73.96526895,292141
2019-12-09,40.69072549,-73.95133465,292142
2019-12-09,40.68962188790333,-73.98304268717766,292142
2019-12-09,40.76341379,-73.99667444,292143
2019-12-09,40.751551,-73.993934,292143
2019-12-09,40.77477944895728,-73.95427465438843,292144
2019-12-09,40.76873687,-73.96119945,292144
2019-12-09,40.70140317257725,-73.98672670125961,292145
2019-12-09,40.76370739,-73.9851615,292145
2019-12-09,40.7462009,-73.98855723,292146
2019-12-09,40.74290902,-73.97706058,292146
2019-12-09,40.72082834,-73.97793172,292147
2019-12-09,40.73038599,-74.00214988,292147
2019-12-09,40.7921,-73.9739,292148
2019-12-09,40.789622,-73.97757,292148
2019-12-09,40.74734825,-73.99723551,292149
2019-12-09,40.73971301,-73.99456405,292149
2019-12-09,40.76500525,-73.95818491,292150
2019-12-09,40.77966809007312,-73.98093044757842,292150
2019-12-09,40.702461,-73.986842,292151
2019-12-09,40.6999974843885,-73.97440128028393,292151
2019-12-09,40.76360467795863,-73.98917958140373,292152
2019-12-09,40.75513557,-73.98658032,292152
2019-12-09,40.741459,-73.983293,292153
2019-12-09,40.73704984,-73.99009296,292153
2019-12-09,40.7892529,-73.93956237,292154
2019-12-09,40.7862586,-73.94552579,292154
2019-12-09,40.73401143,-74.00293877,292155
2019-12-09,40.71911552,-74.00666661,292155
2019-12-09,40.754120810779256,-73.98025184869766,292156
2019-12-09,40.74395411,-73.99144871,292156
2019-12-09,40.71334184275907,-74.00935515761375,292157
2019-12-09,40.71307916,-73.99851193,292157
2019-12-09,40.7724607,-73.9468208,292158
2019-12-09,40.7687620293096,-73.95840793848038,292158
2019-12-09,40.72453734,-73.98185424,292159
2019-12-09,40.72951496224949,-73.99075269699097,292159
2019-12-09,40.7612274,-73.96094022,292160
2019-12-09,40.77565541,-73.95068615,292160
2019-12-09,40.751581,-73.97791,292161
2019-12-09,40.73971301,-73.99456405,292161
2019-12-09,40.7381765,-73.97738662,292162
2019-12-09,40.74780373,-73.9734419,292162
2019-12-09,40.73971301,-73.99456405,292163
2019-12-09,40.69064807082943,-73.95746178925037,292163
2019-12-09,40.76269882,-73.99301222,292164
2019-12-09,40.768254,-73.988639,292164
2019-12-09,40.7575699,-73.99098507,292165
2019-12-09,40.7457121,-73.98194829,292165
2019-12-09,40.77140426,-73.9535166,292166
2019-12-09,40.76500525,-73.95818491,292166
2019-12-09,40.809725,-73.953149,292167
2019-12-09,40.808442,-73.9452087,292167
2019-12-09,40.7546011026,-73.971878855,292168
2019-12-09,40.741459,-73.983293,292168
2019-12-09,40.77862688,-73.95772073,292169
2019-12-09,40.76663814,-73.95348296,292169
2019-12-09,40.76780080148132,-73.96592080593109,292170
2019-12-09,40.77896784,-73.97374737,292170
2019-12-09,40.74475148,-73.99915362,292171
2019-12-09,40.751396,-74.005226,292171
2019-12-09,40.7277140777778,-74.01129573583603,292172
2019-12-09,40.72243797,-74.00566443,292172
2019-12-09,40.8109494,-73.9634,292173
2019-12-09,40.8038654,-73.9559308,292173
2019-12-09,40.693261,-73.968896,292174
2019-12-09,40.69089272,-73.99612349,292174
2019-12-09,40.694281141397326,-73.99230033159256,292175
2019-12-09,40.6791944,-73.9587903,292175
2019-12-09,40.74232744,-73.95411749,292176
2019-12-09,40.72577,-73.94173,292176
2019-12-09,40.72228087,-73.97668709,292177
2019-12-09,40.71893904,-73.99266288,292177
2019-12-09,40.71273266,-74.0046073,292178
2019-12-09,40.71117444,-73.99682619,292178
2019-12-09,40.75299641,-73.98721619,292179
2019-12-09,40.739445,-73.976806,292179
2019-12-09,40.71605866,-73.99190759,292180
2019-12-09,40.71427487,-73.98990025,292180
2019-12-09,40.7643971,-73.97371465,292181
2019-12-09,40.77579376683666,-73.9762057363987,292181
2019-12-09,40.7047177,-74.00926027,292182
2019-12-09,40.71427487,-73.98990025,292182
2019-12-09,40.76727216,-73.99392888,292183
2019-12-09,40.76095756,-73.96724467,292183
2019-12-09,40.6740886,-73.9787282,292184
2019-12-09,40.7462009,-73.98855723,292184
2019-12-09,40.666287,-73.98895053,292185
2019-12-09,40.6729679,-73.97087984,292185
2019-12-09,40.7457121,-73.98194829,292186
2019-12-09,40.7451677,-73.98683077,292186
2019-12-09,40.77282817,-73.96685276,292187
2019-12-09,40.77966809007312,-73.98093044757842,292187
2019-12-09,40.73331967,-73.99510132,292188
2019-12-09,40.71602118,-73.99974372,292188
2019-12-09,40.735238,-74.000271,292189
2019-12-09,40.70905623,-74.01043382,292189
2019-12-09,40.71605866,-73.99190759,292190
2019-12-09,40.72951496224949,-73.99075269699097,292190
2019-12-09,40.73587678,-73.98205027,292191
2019-12-09,40.74173969,-73.99415556,292191
2019-12-09,40.75019995,-73.99093085,292192
2019-12-09,40.74765947,-73.98490707,292192
2019-12-09,40.72325,-73.94308,292193
2019-12-09,40.715143,-73.944507,292193
2019-12-09,40.70224,-73.982578,292194
2019-12-09,40.7016657,-73.9437303,292194
2019-12-09,40.7239567849954,-73.94984364509583,292195
2019-12-09,40.72577,-73.94173,292195
2019-12-09,40.73269,-73.98974,292196
2019-12-09,40.72903917,-73.99404649,292196
2019-12-09,40.7457121,-73.98194829,292197
2019-12-09,40.7451677,-73.98683077,292197
2019-12-09,40.74734825,-73.99723551,292198
2019-12-09,40.7451677,-73.98683077,292198
2019-12-09,40.76019252,-73.9912551,292199
2019-12-09,40.75500254,-73.98014437,292199
2019-12-09,40.74173969,-73.99415556,292200
2019-12-09,40.73935542,-73.99931783,292200
2019-12-09,40.7489006,-73.97604882,292201
2019-12-09,40.7612274,-73.96094022,292201
2019-12-09,40.711863,-73.944024,292202
2019-12-09,40.710451,-73.960876,292202
2019-12-09,40.70530954,-74.00612572,292203
2019-12-09,40.70834698,-74.01713445,292203
2019-12-09,40.73971301,-73.99456405,292204
2019-12-09,40.736502,-73.97809472,292204
2019-12-09,40.73535398,-74.00483091,292205
2019-12-09,40.72706363348306,-73.99662137031554,292205
2019-12-09,40.72019576,-73.98997825,292206
2019-12-09,40.72456089,-73.99565293,292206
2019-12-09,40.7919557,-73.968087,292207
2019-12-09,40.76590936,-73.97634151,292207
2019-12-09,40.75594159,-74.0021163,292208
2019-12-09,40.751551,-73.993934,292208
2019-12-09,40.735238,-74.000271,292209
2019-12-09,40.73172428,-74.00674436,292209
2019-12-09,40.73971301,-73.99456405,292210
2019-12-09,40.74780373,-73.9734419,292210
2019-12-09,40.73020660529954,-73.99102628231049,292211
2019-12-09,40.72453734,-73.98185424,292211
2019-12-09,40.7047177,-74.00926027,292212
2019-12-09,40.71427487,-73.98990025,292212
2019-12-09,40.73047747,-73.99906065,292213
2019-12-09,40.72453734,-73.98185424,292213
2019-12-09,40.73020660529954,-73.99102628231049,292214
2019-12-09,40.71850211,-73.98329859,292214
2019-12-09,40.72521311,-73.97768752,292215
2019-12-09,40.7208736,-73.98085795,292215
2019-12-09,40.78948541553215,-73.95242929458618,292216
2019-12-09,40.7859201,-73.94860294,292216
2019-12-09,40.7882213,-73.97041561,292217
2019-12-09,40.78499979,-73.97283406,292217
2019-12-09,40.676368,-73.952918,292218
2019-12-09,40.678045,-73.962408,292218
2019-12-09,40.724308321602166,-74.00473035871983,292219
2019-12-09,40.7158155,-73.99422366,292219
2019-12-09,40.73781509,-73.99994661,292220
2019-12-09,40.735445,-73.99431,292220
2019-12-09,40.74144387,-73.97536082,292221
2019-12-09,40.749156,-73.9916,292221
2019-12-09,40.7923272,-73.9383,292222
2019-12-09,40.7839636,-73.9471673,292222
2019-12-09,40.75022392,-73.97121414,292223
2019-12-09,40.72299208,-73.97995466,292223
2019-12-09,40.72243797,-74.00566443,292224
2019-12-09,40.71939226,-74.00247214,292224
2019-12-09,40.734814,-73.992085,292225
2019-12-09,40.72307749068673,-73.98583620786667,292225
2019-12-09,40.8067581,-73.9607082,292226
2019-12-09,40.802535,-73.9532423,292226
2019-12-09,40.73587678,-73.98205027,292227
2019-12-09,40.74734825,-73.99723551,292227
2019-12-09,40.73223272,-73.98889957,292228
2019-12-09,40.71850211,-73.98329859,292228
2019-12-09,40.73532427,-73.99800419,292229
2019-12-09,40.72368361,-73.97574813,292229
2019-12-09,40.74322681432173,-73.97449783980846,292230
2019-12-09,40.76108,-73.930562,292230
2019-12-09,40.711066,-74.009447,292231
2019-12-09,40.71076228,-73.99400398,292231
2019-12-09,40.73535398,-74.00483091,292232
2019-12-09,40.73269,-73.98974,292232
2019-12-09,40.77579376683666,-73.9762057363987,292233
2019-12-09,40.75724567911726,-73.97805914282799,292233
2019-12-09,40.734814,-73.992085,292234
2019-12-09,40.71269042,-73.98776323,292234
2019-12-09,40.74395411,-73.99144871,292235
2019-12-09,40.746647,-73.993915,292235
2019-12-09,40.74395411,-73.99144871,292236
2019-12-09,40.711512,-74.015756,292236
2019-12-09,40.7403432,-73.98955109,292237
2019-12-09,40.736502,-73.97809472,292237
2019-12-09,40.6737236,-73.9631611,292238
2019-12-09,40.6794388,-73.9680438,292238
2019-12-09,40.74311555376486,-73.98215353488922,292239
2019-12-09,40.75640548,-73.9900262,292239
2019-12-09,40.751396,-74.005226,292240
2019-12-09,40.751873,-73.977706,292240
2019-12-09,40.74286877312112,-73.98918628692627,292241
2019-12-09,40.72580614,-73.97422494,292241
2019-12-09,40.74345335,-74.00004031,292242
2019-12-09,40.74487634,-73.99529885,292242
2019-12-09,40.6830456,-74.00348559,292243
2019-12-09,40.69102925677968,-73.99183362722397,292243
2019-12-09,40.7172274,-73.98802084,292244
2019-12-09,40.71739973,-73.98016555,292244
2019-12-09,40.74444921,-73.98303529,292245
2019-12-09,40.75513557,-73.98658032,292245
2019-12-09,40.751396,-74.005226,292246
2019-12-09,40.7505853470215,-73.9946848154068,292246
2019-12-09,40.68506807308177,-73.97790759801863,292247
2019-12-09,40.68962188790333,-73.98304268717766,292247
2019-12-09,40.73314259,-73.97573881,292248
2019-12-09,40.736502,-73.97809472,292248
2019-12-09,40.76712840349542,-73.96224617958069,292249
2019-12-09,40.76800889305947,-73.96845281124115,292249
2019-12-09,40.781410700190015,-73.95595908164978,292250
2019-12-09,40.79127,-73.964839,292250
2019-12-09,40.76370739,-73.9851615,292251
2019-12-09,40.76228826,-73.98336183,292251
2019-12-09,40.70463,-74.01507,292252
2019-12-09,40.71559509,-73.9870295,292252
2019-12-09,40.73226398,-73.99852205,292253
2019-12-09,40.73047747,-73.99906065,292253
2019-12-09,40.7689738,-73.95482273,292254
2019-12-09,40.77149671054441,-73.99046033620834,292254
2019-12-09,40.72019521437465,-74.0103006362915,292255
2019-12-09,40.71939226,-74.00247214,292255
2019-12-09,40.7169811,-73.94485918,292256
2019-12-09,40.71469,-73.95739,292256
2019-12-09,40.72580614,-73.97422494,292257
2019-12-09,40.71739973,-73.98016555,292257
2019-12-09,40.76727216,-73.99392888,292258
2019-12-09,40.7652654,-73.98192338,292258
2019-12-09,40.6746957,-73.99785768,292259
2019-12-09,40.686371,-73.99383324,292259
2019-12-09,40.73143724085228,-73.99490341544151,292260
2019-12-09,40.73269,-73.98974,292260
2019-12-09,40.68926942,-73.98912867,292261
2019-12-09,40.68506807308177,-73.97790759801863,292261
2019-12-09,40.72953837,-73.98426726,292262
2019-12-09,40.72966729392978,-73.98067966103554,292262
2019-12-09,40.72521311,-73.97768752,292263
2019-12-09,40.73269,-73.98974,292263
2019-12-09,40.782454175279874,-73.9489196240902,292264
2019-12-09,40.77536905,-73.94803392,292264
2019-12-09,40.74144387,-73.97536082,292265
2019-12-09,40.734232,-73.986923,292265
2019-12-09,40.76370739,-73.9851615,292266
2019-12-09,40.76915505,-73.98191841,292266
2019-12-09,40.72362738,-73.99949601,292267
2019-12-09,40.72746420692392,-73.97950418293476,292267
2019-12-09,40.787801,-73.953559,292268
2019-12-09,40.782593,-73.971211,292268
2019-12-09,40.7781314,-73.96069399,292269
2019-12-09,40.76780080148132,-73.96592080593109,292269
2019-12-09,40.707873,-74.00167,292270
2019-12-09,40.72019576,-73.98997825,292270
2019-12-09,40.75206862,-73.96784384,292271
2019-12-09,40.73226398,-73.99852205,292271
2019-12-09,40.72951496224949,-73.99075269699097,292272
2019-12-09,40.7262807,-73.98978041,292272
2019-12-09,40.68851534,-73.9647628,292273
2019-12-09,40.69610226,-73.96751037,292273
2019-12-09,40.70255065,-74.0127234,292274
2019-12-09,40.71602118,-73.99974372,292274
2019-12-09,40.72903917,-73.99404649,292275
2019-12-09,40.74475148,-73.99915362,292275
2019-12-09,40.72621788,-73.98379855,292276
2019-12-09,40.73143724085228,-73.99490341544151,292276
2019-12-09,40.7158155,-73.99422366,292277
2019-12-09,40.72746420692392,-73.97950418293476,292277
2019-12-09,40.752269,-73.982079,292278
2019-12-09,40.75640548,-73.9900262,292278
2019-12-09,40.722055,-73.989111,292279
2019-12-09,40.75066386,-74.00176802,292279
2019-12-09,40.7454973,-74.00197139,292280
2019-12-09,40.73944820130404,-74.00507032871246,292280
2019-12-09,40.76228826,-73.98336183,292281
2019-12-09,40.74173969,-73.99415556,292281
2019-12-09,40.70838,-74.00495,292282
2019-12-09,40.70955958,-74.00653609,292282
2019-12-09,40.69089272,-73.99612349,292283
2019-12-09,40.6881529,-73.99520919,292283
2019-12-09,40.71754834,-74.01322069,292284
2019-12-09,40.7208736,-73.98085795,292284
2019-12-09,40.72743423,-73.99379025,292285
2019-12-09,40.71291224,-74.01020234,292285
2019-12-09,40.72502876,-73.99069656,292286
2019-12-09,40.73226398,-73.99852205,292286
2019-12-09,40.763189,-73.978434,292287
2019-12-09,40.75929124,-73.98859651,292287
2019-12-09,40.74765947,-73.98490707,292288
2019-12-09,40.75594159,-74.0021163,292288
2019-12-09,40.7403432,-73.98955109,292289
2019-12-09,40.75066386,-74.00176802,292289
2019-12-09,40.7451677,-73.98683077,292290
2019-12-09,40.74475148,-73.99915362,292290
2019-12-09,40.7597108,-73.97402311,292291
2019-12-09,40.74780373,-73.9734419,292291
2019-12-09,40.75066386,-74.00176802,292292
2019-12-09,40.7568001,-73.98291153,292292
2019-12-09,40.67890679,-73.94142771,292293
2019-12-09,40.68186,-73.959432,292293
2019-12-09,40.7158155,-73.99422366,292294
2019-12-09,40.72299208,-73.97995466,292294
2019-12-09,40.76068327096592,-73.9845272898674,292295
2019-12-09,40.75019995,-73.99093085,292295
2019-12-09,40.6750705,-73.98775226,292296
2019-12-09,40.6740886,-73.9787282,292296
2019-12-09,40.76500525,-73.95818491,292297
2019-12-09,40.77966809007312,-73.98093044757842,292297
2019-12-09,40.73935542,-73.99931783,292298
2019-12-09,40.74177603,-74.00149746,292298
2019-12-09,40.76780080148132,-73.96592080593109,292299
2019-12-09,40.75500254,-73.98014437,292299
2019-12-09,40.69991755,-73.98971773,292300
2019-12-09,40.69241829257847,-73.98949474096298,292300
2019-12-09,40.74322681432173,-73.97449783980846,292301
2019-12-09,40.749156,-73.9916,292301
2019-12-09,40.75019995,-73.99093085,292302
2019-12-09,40.74290902,-73.97706058,292302
2019-12-09,40.79017948095081,-73.97288918495178,292303
2019-12-09,40.7801839724239,-73.97728532552719,292303
2019-12-09,40.77896784,-73.97374737,292304
2019-12-09,40.7937704,-73.971888,292304
2019-12-09,40.74345335,-74.00004031,292305
2019-12-09,40.73401143,-74.00293877,292305
2019-12-09,40.6642406,-73.9574686,292306
2019-12-09,40.663779,-73.98396846,292306
2019-12-09,40.734232,-73.986923,292307
2019-12-09,40.73314259,-73.97573881,292307
2019-12-09,40.71450451,-74.00562789,292308
2019-12-09,40.71939226,-74.00247214,292308
2019-12-09,40.73143724085228,-73.99490341544151,292309
2019-12-09,40.73624527,-73.98473765,292309
2019-12-09,40.73726186,-73.99238967,292310
2019-12-09,40.74334935,-74.00681753,292310
2019-12-09,40.805973,-73.964928,292311
2019-12-09,40.7835016,-73.955327,292311
2019-12-09,40.7949879,-73.9333349,292312
2019-12-09,40.8107922,-73.9430681,292312
2019-12-09,40.71427487,-73.98990025,292313
2019-12-09,40.71307916,-73.99851193,292313
2019-12-09,40.7037992,-74.00838676,292314
2019-12-09,40.71307916,-73.99851193,292314
2019-12-09,40.754691750226016,-73.99740189313889,292315
2019-12-09,40.74487634,-73.99529885,292315
2019-12-09,40.75640548,-73.9900262,292316
2019-12-09,40.75714758,-73.97207836,292316
2019-12-09,40.75019995,-73.99093085,292317
2019-12-09,40.7451677,-73.98683077,292317
2019-12-09,40.74334935,-74.00681753,292318
2019-12-09,40.738046142482766,-73.99642959237099,292318
2019-12-09,40.7862586,-73.94552579,292319
2019-12-09,40.7839636,-73.9471673,292319
2019-12-09,40.71939226,-74.00247214,292320
2019-12-09,40.73047747,-73.99906065,292320
2019-12-09,40.746745,-74.007756,292321
2019-12-09,40.74937024193277,-73.99923384189606,292321
2019-12-09,40.749156,-73.9916,292322
2019-12-09,40.711512,-74.015756,292322
2019-12-09,40.7612274,-73.96094022,292323
2019-12-09,40.77314236,-73.95856158,292323
2019-12-09,40.74128309355993,-73.93725872039794,292324
2019-12-09,40.74252,-73.948852,292324
2019-12-09,40.71745169,-73.95850939,292325
2019-12-09,40.7160751,-73.952029,292325
2019-12-09,40.7457121,-73.98194829,292326
2019-12-09,40.770513,-73.988038,292326
2019-12-09,40.71427487,-73.98990025,292327
2019-12-09,40.71219906,-73.97948148,292327
2019-12-09,40.72494672359416,-74.00165855884552,292328
2019-12-09,40.74475148,-73.99915362,292328
2019-12-09,40.710451,-73.960876,292329
2019-12-09,40.72110063,-73.9919254,292329
2019-12-09,40.73781509,-73.99994661,292330
2019-12-09,40.74173969,-73.99415556,292330
2019-12-09,40.76500525,-73.95818491,292331
2019-12-09,40.76915505,-73.98191841,292331
2019-12-09,40.7859201,-73.94860294,292332
2019-12-09,40.7961535,-73.94782145,292332
2019-12-09,40.7505853470215,-73.9946848154068,292333
2019-12-09,40.7454973,-74.00197139,292333
2019-12-09,40.74173969,-73.99415556,292334
2019-12-09,40.73944820130404,-74.00507032871246,292334
2019-12-09,40.677027,-73.9865,292335
2019-12-09,40.67434,-74.00194698,292335
2019-12-09,40.69957608,-73.94708417,292336
2019-12-09,40.686203,-73.944694,292336
2019-12-09,40.787801,-73.953559,292337
2019-12-09,40.7839636,-73.9471673,292337
2019-12-09,40.73827428,-73.98751968,292338
2019-12-09,40.72307749068673,-73.98583620786667,292338
2019-12-09,40.69196566,-73.9813018,292339
2019-12-09,40.69608941,-73.97803415,292339
2019-12-09,40.68753406,-73.97265183,292340
2019-12-09,40.677027,-73.9865,292340
2019-12-09,40.768254,-73.988639,292341
2019-12-09,40.74964,-73.98805,292341
2019-12-09,40.72185379,-74.00771779,292342
2019-12-09,40.717571,-74.005549,292342
2019-12-09,40.74322681432173,-73.97449783980846,292343
2019-12-09,40.751873,-73.977706,292343
2019-12-09,40.74964,-73.98805,292344
2019-12-09,40.752269,-73.982079,292344
2019-12-09,40.7921,-73.9739,292345
2019-12-09,40.7857851,-73.957481,292345
2019-12-09,40.76915505,-73.98191841,292346
2019-12-09,40.7734066,-73.97782542,292346
2019-12-09,40.688417427540834,-73.98451656103134,292347
2019-12-09,40.688417427540834,-73.98451656103134,292347
2019-12-09,40.73143724085228,-73.99490341544151,292348
2019-12-09,40.72951496224949,-73.99075269699097,292348
2019-12-09,40.72746420692392,-73.97950418293476,292349
2019-12-09,40.72966729392978,-73.98067966103554,292349
2019-12-09,40.68186,-73.959432,292350
2019-12-09,40.68962188790333,-73.98304268717766,292350
2019-12-09,40.686371,-73.99383324,292351
2019-12-09,40.6746957,-73.99785768,292351
2019-12-09,40.714211,-73.981095,292352
2019-12-09,40.71622644,-73.98261206,292352
2019-12-09,40.7903051,-73.94755757,292353
2019-12-09,40.7892105,-73.94370784,292353
2019-12-09,40.738046142482766,-73.99642959237099,292354
2019-12-09,40.74345335,-74.00004031,292354
2019-12-09,40.74718234,-73.9432635,292355
2019-12-09,40.7527085,-73.9397405,292355
2019-12-09,40.74734825,-73.99723551,292356
2019-12-09,40.734814,-73.992085,292356
2019-12-09,40.75724567911726,-73.97805914282799,292357
2019-12-09,40.749156,-73.9916,292357
2019-12-09,40.751396,-74.005226,292358
2019-12-09,40.74734825,-73.99723551,292358
2019-12-09,40.73314259,-73.97573881,292359
2019-12-09,40.741459,-73.983293,292359
2019-12-09,40.73143724085228,-73.99490341544151,292360
2019-12-09,40.73038599,-74.00214988,292360
2019-12-09,40.74317449,-74.00366443,292361
2019-12-09,40.75724567911726,-73.97805914282799,292361
2019-12-09,40.71816969454208,-73.95520135760307,292362
2019-12-09,40.715143,-73.944507,292362
2019-12-09,40.7403432,-73.98955109,292363
2019-12-09,40.77282817,-73.96685276,292363
2019-12-09,40.736502,-73.97809472,292364
2019-12-09,40.73143724085228,-73.99490341544151,292364
2019-12-09,40.74395411,-73.99144871,292365
2019-12-09,40.7489006,-73.97604882,292365
2019-12-09,40.7671,-73.9169858,292366
2019-12-09,40.756913,-73.921631,292366
2019-12-09,40.70924826276157,-73.96063148975372,292367
2019-12-09,40.71044554,-73.96525063,292367
2019-12-09,40.763189,-73.978434,292368
2019-12-09,40.75934501,-73.96759673,292368
2019-12-09,40.7862586,-73.94552579,292369
2019-12-09,40.7839636,-73.9471673,292369
2019-12-09,40.6746957,-73.99785768,292370
2019-12-09,40.6753274,-74.0100698,292370
2019-12-09,40.76500525,-73.95818491,292371
2019-12-09,40.7923272,-73.9383,292371
2019-12-09,40.68851534,-73.9647628,292372
2019-12-09,40.6853761,-73.98302136,292372
2019-12-09,40.73143724085228,-73.99490341544151,292373
2019-12-09,40.73047309,-73.98672378,292373
2019-12-09,40.70106,-73.93318,292374
2019-12-09,40.69356,-73.92524,292374
2019-12-09,40.76500525,-73.95818491,292375
2019-12-09,40.75724567911726,-73.97805914282799,292375
2019-12-09,40.74286877312112,-73.98918628692627,292376
2019-12-09,40.73971301,-73.99456405,292376
2019-12-09,40.75019995,-73.99093085,292377
2019-12-09,40.74144387,-73.97536082,292377
2019-12-09,40.77118287540658,-73.96409422159195,292378
2019-12-09,40.76302594280519,-73.97209525108337,292378
2019-12-09,40.69081,-73.90448,292379
2019-12-09,40.68323865460341,-73.96599590778351,292379
2019-12-09,40.71413089,-73.9970468,292380
2019-12-09,40.72706363348306,-73.99662137031554,292380
2019-12-09,40.799139,-73.9389152,292381
2019-12-09,40.7949879,-73.9333349,292381
2019-12-09,40.722103786686034,-73.99724900722504,292382
2019-12-09,40.73020660529954,-73.99102628231049,292382
2019-12-09,40.751581,-73.97791,292383
2019-12-09,40.75299641,-73.98721619,292383
2019-12-09,40.71167351,-73.95141312,292384
2019-12-09,40.72036775298455,-73.96165072917938,292384
2019-12-09,40.69308257,-73.97178913,292385
2019-12-09,40.6740123,-73.9671457,292385
2019-12-09,40.73704984,-73.99009296,292386
2019-12-09,40.73454567,-73.99074142,292386
2019-12-09,40.73587678,-73.98205027,292387
2019-12-09,40.73020660529954,-73.99102628231049,292387
2019-12-09,40.749156,-73.9916,292388
2019-12-09,40.74734825,-73.99723551,292388
2019-12-09,40.734232,-73.986923,292389
2019-12-09,40.73624527,-73.98473765,292389
2019-12-09,40.72362738,-73.99949601,292390
2019-12-09,40.71748752,-74.0104554,292390
2019-12-09,40.7153379,-74.01658354,292391
2019-12-09,40.7277140777778,-74.01129573583603,292391
2019-12-09,40.72951496224949,-73.99075269699097,292392
2019-12-09,40.72746420692392,-73.97950418293476,292392
2019-12-09,40.75038009,-73.98338988,292393
2019-12-09,40.74311555376486,-73.98215353488922,292393
2019-12-09,40.7746671,-73.98470567,292394
2019-12-09,40.7728384,-73.94989233,292394
2019-12-09,40.72903917,-73.99404649,292395
2019-12-09,40.749156,-73.9916,292395
2019-12-09,40.74286877312112,-73.98918628692627,292396
2019-12-09,40.746745,-74.007756,292396
2019-12-09,40.73454567,-73.99074142,292397
2019-12-09,40.73020660529954,-73.99102628231049,292397
2019-12-09,40.698568,-73.918877,292398
2019-12-09,40.706237,-73.933871,292398
2019-12-09,40.74238787,-73.99726235,292399
2019-12-09,40.75066386,-74.00176802,292399
2019-12-09,40.75513557,-73.98658032,292400
2019-12-09,40.75019995,-73.99093085,292400
2019-12-09,40.73181401720966,-73.95995020866394,292401
2019-12-09,40.72036775298455,-73.96165072917938,292401
2019-12-09,40.680611,-73.99475825,292402
2019-12-09,40.679043,-74.011169,292402
2019-12-09,40.76132983124814,-73.97982001304626,292403
2019-12-09,40.76132983124814,-73.97982001304626,292403
2019-12-09,40.71929301,-73.94500379,292404
2019-12-09,40.71534825,-73.96024116,292404
2019-12-09,40.7724607,-73.9468208,292405
2019-12-09,40.7687620293096,-73.95840793848038,292405
2019-12-09,40.768254,-73.988639,292406
2019-12-09,40.7475739589548,-73.9788007736206,292406
2019-12-09,40.70538,-73.92535,292407
2019-12-09,40.70099,-73.93921,292407
2019-12-09,40.73221853,-73.98165557,292408
2019-12-09,40.73314259,-73.97573881,292408
2019-12-09,40.68506807308177,-73.97790759801863,292409
2019-12-09,40.69839895,-73.98068914,292409
2019-12-09,40.76227205,-73.98788205,292410
2019-12-09,40.7746671,-73.98470567,292410
2019-12-09,40.73020660529954,-73.99102628231049,292411
2019-12-09,40.72621788,-73.98379855,292411
2019-12-09,40.7713937,-73.9077436,292412
2019-12-09,40.7569332,-73.9262231,292412
2019-12-09,40.70122128,-74.01234218,292413
2019-12-09,40.730563,-73.973984,292413
2019-12-09,40.75038009,-73.98338988,292414
2019-12-09,40.75019995,-73.99093085,292414
2019-12-09,40.71924,-73.95242,292415
2019-12-09,40.715143,-73.944507,292415
2019-12-09,40.76915505,-73.98191841,292416
2019-12-09,40.7643971,-73.97371465,292416
2019-12-09,40.7403432,-73.98955109,292417
2019-12-09,40.76269882,-73.99301222,292417
2019-12-09,40.7652654,-73.98192338,292418
2019-12-09,40.76269882,-73.99301222,292418
2019-12-09,40.73020660529954,-73.99102628231049,292419
2019-12-09,40.7770575,-73.97898475,292419
2019-12-09,40.74780373,-73.9734419,292420
2019-12-09,40.75001986,-73.96905301,292420
2019-12-09,40.71816969454208,-73.95520135760307,292421
2019-12-09,40.705517,-73.93936,292421
2019-12-09,40.74444921,-73.98303529,292422
2019-12-09,40.73143724085228,-73.99490341544151,292422
2019-12-09,40.6753274,-74.0100698,292423
2019-12-09,40.6758329439129,-74.01472628116608,292423
2019-12-09,40.77163851,-73.98261428,292424
2019-12-09,40.7687620293096,-73.95840793848038,292424
2019-12-09,40.68962188790333,-73.98304268717766,292425
2019-12-09,40.68683208,-73.9796772,292425
2019-12-09,40.746647,-73.993915,292426
2019-12-09,40.74173969,-73.99415556,292426
2019-12-09,40.751873,-73.977706,292427
2019-12-09,40.7575699,-73.99098507,292427
2019-12-09,40.72019576,-73.98997825,292428
2019-12-09,40.71559509,-73.9870295,292428
2019-12-09,40.71739973,-73.98016555,292429
2019-12-09,40.71219906,-73.97948148,292429
2019-12-09,40.749156,-73.9916,292430
2019-12-09,40.7505853470215,-73.9946848154068,292430
2019-12-09,40.76800889305947,-73.96845281124115,292431
2019-12-09,40.76915505,-73.98191841,292431
2019-12-09,40.73143724085228,-73.99490341544151,292432
2019-12-09,40.7505853470215,-73.9946848154068,292432
2019-12-09,40.73944820130404,-74.00507032871246,292433
2019-12-09,40.74173969,-73.99415556,292433
2019-12-09,40.73454567,-73.99074142,292434
2019-12-09,40.72917025,-73.99810231,292434
2019-12-09,40.72779126,-73.98564945,292435
2019-12-09,40.7262807,-73.98978041,292435
2019-12-09,40.693261,-73.968896,292436
2019-12-09,40.68940747,-73.96885458,292436
2019-12-09,40.7462009,-73.98855723,292437
2019-12-09,40.75466591,-73.99138152,292437
2019-12-09,40.751873,-73.977706,292438
2019-12-09,40.751551,-73.993934,292438
2019-12-09,40.72966729392978,-73.98067966103554,292439
2019-12-09,40.739445,-73.976806,292439
2019-12-09,40.72903917,-73.99404649,292440
2019-12-09,40.734814,-73.992085,292440
2019-12-09,40.74096374,-73.98602213,292441
2019-12-09,40.7381765,-73.97738662,292441
2019-12-09,40.74096374,-73.98602213,292442
2019-12-09,40.7381765,-73.97738662,292442
2019-12-09,40.751581,-73.97791,292443
2019-12-09,40.74096374,-73.98602213,292443
2019-12-09,40.72743423,-73.99379025,292444
2019-12-09,40.71427487,-73.98990025,292444
2019-12-09,40.72917025,-73.99810231,292445
2019-12-09,40.735445,-73.99431,292445
2019-12-09,40.6777287,-73.99364123,292446
2019-12-09,40.6686273,-73.98700053,292446
2019-12-09,40.73935542,-73.99931783,292447
2019-12-09,40.734814,-73.992085,292447
2019-12-09,40.74487634,-73.99529885,292448
2019-12-09,40.74286877312112,-73.98918628692627,292448
2019-12-09,40.6765198,-73.9596082,292449
2019-12-09,40.71260486,-73.96264403,292449
2019-12-09,40.73912601,-73.97973776,292450
2019-12-09,40.73587678,-73.98205027,292450
2019-12-09,40.74177603,-74.00149746,292451
2019-12-09,40.74177603,-74.00149746,292451
2019-12-09,40.7746671,-73.98470567,292452
2019-12-09,40.76009437,-73.99461843,292452
2019-12-09,40.746647,-73.993915,292453
2019-12-09,40.746745,-74.007756,292453
2019-12-09,40.77579376683666,-73.9762057363987,292454
2019-12-09,40.76019252,-73.9912551,292454
2019-12-09,40.72453734,-73.98185424,292455
2019-12-09,40.744219,-73.97121214,292455
2019-12-09,40.76228826,-73.98336183,292456
2019-12-09,40.74964,-73.98805,292456
2019-12-09,40.70905623,-74.01043382,292457
2019-12-09,40.70905623,-74.01043382,292457
2019-12-09,40.74173969,-73.99415556,292458
2019-12-09,40.75660359,-73.9979009,292458
2019-12-09,40.6792788,-73.98154004,292459
2019-12-09,40.6853761,-73.98302136,292459
2019-12-09,40.72903917,-73.99404649,292460
2019-12-09,40.73269,-73.98974,292460
2019-12-09,40.76030096,-73.99884222,292461
2019-12-09,40.76360467795863,-73.98917958140373,292461
2019-12-09,40.754120810779256,-73.98025184869766,292462
2019-12-09,40.763189,-73.978434,292462
2019-12-09,40.75001986,-73.96905301,292463
2019-12-09,40.74901271,-73.98848395,292463
2019-12-09,40.68506807308177,-73.97790759801863,292464
2019-12-09,40.68691865,-73.976682,292464
2019-12-09,40.72453734,-73.98185424,292465
2019-12-09,40.744219,-73.97121214,292465
2019-12-09,40.73291553,-74.00711384,292466
2019-12-09,40.746745,-74.007756,292466
2019-12-09,40.74487634,-73.99529885,292467
2019-12-09,40.74173969,-73.99415556,292467
2019-12-09,40.692,-73.92617,292468
2019-12-09,40.69517,-73.90311,292468
2019-12-09,40.76915505,-73.98191841,292469
2019-12-09,40.770513,-73.988038,292469
2019-12-09,40.72299208,-73.97995466,292470
2019-12-09,40.735445,-73.99431,292470
2019-12-09,40.74286877312112,-73.98918628692627,292471
2019-12-09,40.74286877312112,-73.98918628692627,292471
2019-12-09,40.69608941,-73.97803415,292472
2019-12-09,40.69196566,-73.9813018,292472
2019-12-09,40.7699426,-73.96060712,292473
2019-12-09,40.76663814,-73.95348296,292473
2019-12-09,40.69356,-73.92524,292474
2019-12-09,40.69544,-73.93223,292474
2019-12-09,40.69622937,-73.94371094,292475
2019-12-09,40.69539817,-73.94954908,292475
2019-12-09,40.72453734,-73.98185424,292476
2019-12-09,40.714211,-73.981095,292476
2019-12-09,40.70706456,-74.00731853,292477
2019-12-09,40.71427487,-73.98990025,292477
2019-12-09,40.73624527,-73.98473765,292478
2019-12-09,40.73726186,-73.99238967,292478
2019-12-09,40.74286877312112,-73.98918628692627,292479
2019-12-09,40.74317449,-74.00366443,292479
2019-12-09,40.72743423,-73.99379025,292480
2019-12-09,40.71173107,-73.99193043,292480
2019-12-09,40.75022392,-73.97121414,292481
2019-12-09,40.76068327096592,-73.9845272898674,292481
2019-12-09,40.688417427540834,-73.98451656103134,292482
2019-12-09,40.68851534,-73.9647628,292482
2019-12-09,40.75001986,-73.96905301,292483
2019-12-09,40.7568001,-73.98291153,292483
2019-12-09,40.73454567,-73.99074142,292484
2019-12-09,40.72521311,-73.97768752,292484
2019-12-09,40.6802133,-73.98432695,292485
2019-12-09,40.6737236,-73.9631611,292485
2019-12-09,40.71850211,-73.98329859,292486
2019-12-09,40.71893904,-73.99266288,292486
2019-12-09,40.7575699,-73.99098507,292487
2019-12-09,40.76727216,-73.99392888,292487
2019-12-09,40.688417427540834,-73.98451656103134,292488
2019-12-09,40.68199044270703,-73.99079024791718,292488
2019-12-09,40.77282817,-73.96685276,292489
2019-12-09,40.75934501,-73.96759673,292489
2019-12-09,40.72019576,-73.98997825,292490
2019-12-09,40.711512,-74.015756,292490
2019-12-09,40.751551,-73.993934,292491
2019-12-09,40.768254,-73.988639,292491
2019-12-09,40.6791944,-73.9587903,292492
2019-12-09,40.67759206937376,-73.955637216568,292492
2019-12-09,40.75594159,-74.0021163,292493
2019-12-09,40.751551,-73.993934,292493
2019-12-09,40.70255065,-74.0127234,292494
2019-12-09,40.711512,-74.015756,292494
2019-12-09,40.73454567,-73.99074142,292495
2019-12-09,40.72966729392978,-73.98067966103554,292495
2019-12-09,40.69236178,-73.98631746,292496
2019-12-09,40.6795766,-73.97854971,292496
2019-12-09,40.75001986,-73.96905301,292497
2019-12-09,40.75323098,-73.97032517,292497
2019-12-09,40.75255434,-73.97282625,292498
2019-12-09,40.75898481399634,-73.99379968643188,292498
2019-12-09,40.763189,-73.978434,292499
2019-12-09,40.77163851,-73.98261428,292499
2019-12-09,40.71893904,-73.99266288,292500
2019-12-09,40.71413089,-73.9970468,292500
2019-12-09,40.72217444,-73.98368779,292501
2019-12-09,40.72966729392978,-73.98067966103554,292501
2019-12-09,40.71605866,-73.99190759,292502
2019-12-09,40.71602118,-73.99974372,292502
2019-12-09,40.715143,-73.944507,292503
2019-12-09,40.72158,-73.94546,292503
2019-12-09,40.73401143,-74.00293877,292504
2019-12-09,40.74177603,-74.00149746,292504
2019-12-09,40.75934501,-73.96759673,292505
2019-12-09,40.75797322,-73.96603308,292505
2019-12-09,40.69943,-73.91337,292506
2019-12-09,40.69681963,-73.93756926,292506
2019-12-09,40.69089272,-73.99612349,292507
2019-12-09,40.6828003,-73.99990419,292507
2019-12-09,40.7158155,-73.99422366,292508
2019-12-09,40.71427487,-73.98990025,292508
2019-12-09,40.74487634,-73.99529885,292509
2019-12-09,40.7262807,-73.98978041,292509
2019-12-09,40.74487634,-73.99529885,292510
2019-12-09,40.75066386,-74.00176802,292510
2019-12-09,40.74286877312112,-73.98918628692627,292511
2019-12-09,40.7462009,-73.98855723,292511
2019-12-09,40.73827428,-73.98751968,292512
2019-12-09,40.73587678,-73.98205027,292512
2019-12-09,40.76341379,-73.99667444,292513
2019-12-09,40.751873,-73.977706,292513
2019-12-09,40.73381219196632,-73.98054420948029,292514
2019-12-09,40.734232,-73.986923,292514
2019-12-09,40.68488,-73.96304,292515
2019-12-09,40.6829151,-73.99318208,292515
2019-12-09,40.71247661,-73.94100005,292516
2019-12-09,40.71019,-73.93734,292516
2019-12-09,40.73587678,-73.98205027,292517
2019-12-09,40.751873,-73.977706,292517
2019-12-09,40.76341379,-73.99667444,292518
2019-12-09,40.751873,-73.977706,292518
2019-12-09,40.71754834,-74.01322069,292519
2019-12-09,40.72405549,-74.00965965,292519
2019-12-09,40.75097711,-73.98765428,292520
2019-12-09,40.751873,-73.977706,292520
2019-12-09,40.73291553,-74.00711384,292521
2019-12-09,40.71625008,-74.0091059,292521
2019-12-09,40.75724567911726,-73.97805914282799,292522
2019-12-09,40.76370739,-73.9851615,292522
2019-12-09,40.730563,-73.973984,292523
2019-12-09,40.7037992,-74.00838676,292523
2019-12-09,40.73047747,-73.99906065,292524
2019-12-09,40.739445,-73.976806,292524
2019-12-09,40.72299208,-73.97995466,292525
2019-12-09,40.72521311,-73.97768752,292525
2019-12-09,40.74964,-73.98805,292526
2019-12-09,40.7462009,-73.98855723,292526
2019-12-09,40.78472675,-73.96961715,292527
2019-12-09,40.8067581,-73.9607082,292527
2019-12-09,40.80756,-73.939182,292528
2019-12-09,40.734232,-73.986923,292528
2019-12-09,40.74901271,-73.98848395,292529
2019-12-09,40.730563,-73.973984,292529
2019-12-09,40.77862688,-73.95772073,292530
2019-12-09,40.7575699,-73.99098507,292530
2019-12-09,40.735367055605394,-73.98797392845154,292531
2019-12-09,40.73020660529954,-73.99102628231049,292531
2019-12-09,40.751396,-74.005226,292532
2019-12-09,40.76269882,-73.99301222,292532
2019-12-09,40.718822,-73.99596,292533
2019-12-09,40.72243797,-74.00566443,292533
2019-12-09,40.74290902,-73.97706058,292534
2019-12-09,40.7462009,-73.98855723,292534
2019-12-09,40.71427487,-73.98990025,292535
2019-12-09,40.73726186,-73.99238967,292535
2019-12-09,40.77565541,-73.95068615,292536
2019-12-09,40.7779453,-73.946041,292536
2019-12-09,40.69241829257847,-73.98949474096298,292537
2019-12-09,40.69531727766904,-73.99015724658966,292537
2019-12-09,40.72307749068673,-73.98583620786667,292538
2019-12-09,40.72743423,-73.99379025,292538
2019-12-09,40.8082,-73.9641,292539
2019-12-09,40.805973,-73.964928,292539
2019-12-09,40.746647,-73.993915,292540
2019-12-09,40.749717753,-74.002950346,292540
2019-12-09,40.770513,-73.988038,292541
2019-12-09,40.76227205,-73.98788205,292541
2019-12-09,40.75724567911726,-73.97805914282799,292542
2019-12-09,40.749156,-73.9916,292542
2019-12-09,40.702013,-73.923769,292543
2019-12-09,40.698568,-73.918877,292543
2019-12-09,40.71413311,-73.95234386,292544
2019-12-09,40.71534825,-73.96024116,292544
2019-12-09,40.72311651,-73.95212324,292545
2019-12-09,40.71924,-73.95242,292545
2019-12-09,40.76500525,-73.95818491,292546
2019-12-09,40.76312584,-73.96526895,292546
2019-12-09,40.73971301,-73.99456405,292547
2019-12-09,40.75640548,-73.9900262,292547
2019-12-09,40.76095756,-73.96724467,292548
2019-12-09,40.7687620293096,-73.95840793848038,292548
2019-12-09,40.73143724085228,-73.99490341544151,292549
2019-12-09,40.72740794,-73.98142006,292549
2019-12-09,40.72966729392978,-73.98067966103554,292550
2019-12-09,40.72746420692392,-73.97950418293476,292550
2019-12-09,40.718822,-73.99596,292551
2019-12-09,40.72228087,-73.97668709,292551
2019-12-09,40.7172274,-73.98802084,292552
2019-12-09,40.71559509,-73.9870295,292552
2019-12-09,40.7462009,-73.98855723,292553
2019-12-09,40.74286877312112,-73.98918628692627,292553
2019-12-09,40.7390169121,-74.0026376103,292554
2019-12-09,40.7505853470215,-73.9946848154068,292554
2019-12-09,40.71893904,-73.99266288,292555
2019-12-09,40.722055,-73.989111,292555
2019-12-09,40.73454567,-73.99074142,292556
2019-12-09,40.72903917,-73.99404649,292556
2019-12-09,40.69165183,-73.9999786,292557
2019-12-09,40.69239502,-73.99337909,292557
2019-12-09,40.70463,-74.01507,292558
2019-12-09,40.70838,-74.00495,292558
2019-12-09,40.70834698,-74.01713445,292559
2019-12-09,40.71754834,-74.01322069,292559
2019-12-09,40.76068327096592,-73.9845272898674,292560
2019-12-09,40.744219,-73.97121214,292560
2019-12-09,40.72082834,-73.97793172,292561
2019-12-09,40.69474881,-73.98362464,292561
2019-12-09,40.74691959,-74.00451887,292562
2019-12-09,40.73971301,-73.99456405,292562
2019-12-09,40.69531727766904,-73.99015724658966,292563
2019-12-09,40.72502876,-73.99069656,292563
2019-12-09,40.72084,-73.94844,292564
2019-12-09,40.72079821,-73.95484712,292564
2019-12-09,40.724308321602166,-74.00473035871983,292565
2019-12-09,40.718822,-73.99596,292565
2019-12-09,40.73331967,-73.99510132,292566
2019-12-09,40.73269,-73.98974,292566
2019-12-09,40.72953837,-73.98426726,292567
2019-12-09,40.72110063,-73.9919254,292567
2019-12-09,40.6737236,-73.9631611,292568
2019-12-09,40.6686273,-73.98700053,292568
2019-12-09,40.778301,-73.9488134,292569
2019-12-09,40.7849032,-73.950503,292569
2019-12-09,40.749156,-73.9916,292570
2019-12-09,40.74096374,-73.98602213,292570
2019-12-09,40.73587678,-73.98205027,292571
2019-12-09,40.73047309,-73.98672378,292571
2019-12-09,40.70862144,-74.00722156,292572
2019-12-09,40.736502,-73.97809472,292572
2019-12-09,40.73223272,-73.98889957,292573
2019-12-09,40.7505853470215,-73.9946848154068,292573
2019-12-09,40.74780373,-73.9734419,292574
2019-12-09,40.751551,-73.993934,292574
2019-12-09,40.782454175279874,-73.9489196240902,292575
2019-12-09,40.8067581,-73.9607082,292575
2019-12-09,40.74444921,-73.98303529,292576
2019-12-09,40.76087502,-74.00277668,292576
2019-12-09,40.8038654,-73.9559308,292577
2019-12-09,40.7987859,-73.9523,292577
2019-12-09,40.7505853470215,-73.9946848154068,292578
2019-12-09,40.741459,-73.983293,292578
2019-12-09,40.746745,-74.007756,292579
2019-12-09,40.74475148,-73.99915362,292579
2019-12-09,40.74096374,-73.98602213,292580
2019-12-09,40.749156,-73.9916,292580
2019-12-09,40.666287,-73.98895053,292581
2019-12-09,40.6795766,-73.97854971,292581
2019-12-09,40.73291553,-74.00711384,292582
2019-12-09,40.718822,-73.99596,292582
2019-12-09,40.7284186,-73.98713956,292583
2019-12-09,40.739445,-73.976806,292583
2019-12-09,40.73971301,-73.99456405,292584
2019-12-09,40.738046142482766,-73.99642959237099,292584
2019-12-09,40.74286877312112,-73.98918628692627,292585
2019-12-09,40.73827428,-73.98751968,292585
2019-12-09,40.7857851,-73.957481,292586
2019-12-09,40.77314236,-73.95856158,292586
2019-12-09,40.72917025,-73.99810231,292587
2019-12-09,40.74311555376486,-73.98215353488922,292587
2019-12-09,40.75466591,-73.99138152,292588
2019-12-09,40.75724567911726,-73.97805914282799,292588
2019-12-09,40.72917025,-73.99810231,292589
2019-12-09,40.74311555376486,-73.98215353488922,292589
2019-12-09,40.754120810779256,-73.98025184869766,292590
2019-12-09,40.7934337,-73.94945003,292590
2019-12-09,40.71602118,-73.99974372,292591
2019-12-09,40.70569254,-74.01677685,292591
2019-12-09,40.713126,-73.984844,292592
2019-12-09,40.714211,-73.981095,292592
2019-12-09,40.72779126,-73.98564945,292593
2019-12-09,40.73020660529954,-73.99102628231049,292593
2019-12-09,40.7475739589548,-73.9788007736206,292594
2019-12-09,40.75500254,-73.98014437,292594
2019-12-09,40.72243797,-74.00566443,292595
2019-12-09,40.71939226,-74.00247214,292595
2019-12-09,40.717571,-74.005549,292596
2019-12-09,40.71602118,-73.99974372,292596
2019-12-09,40.730563,-73.973984,292597
2019-12-09,40.7475739589548,-73.9788007736206,292597
2019-12-09,40.676368,-73.952918,292598
2019-12-09,40.6765198,-73.9596082,292598
2019-12-09,40.75455731,-73.96592976,292599
2019-12-09,40.75714758,-73.97207836,292599
2019-12-09,40.69425403,-73.94626915,292600
2019-12-09,40.697481,-73.935877,292600
2019-12-09,40.751396,-74.005226,292601
2019-12-09,40.75466591,-73.99138152,292601
2019-12-09,40.77632142182271,-73.96427392959595,292602
2019-12-09,40.77677702,-73.9590097,292602
2019-12-09,40.68981035,-73.97493121,292603
2019-12-09,40.6765304,-73.97846879,292603
2019-12-09,40.75640548,-73.9900262,292604
2019-12-09,40.7475739589548,-73.9788007736206,292604
2019-12-09,40.71269042,-73.98776323,292605
2019-12-09,40.71219906,-73.97948148,292605
2019-12-09,40.73827428,-73.98751968,292606
2019-12-09,40.73314259,-73.97573881,292606
2019-12-09,40.71450451,-74.00562789,292607
2019-12-09,40.7003,-73.991581,292607
2019-12-09,40.72368361,-73.97574813,292608
2019-12-09,40.72299208,-73.97995466,292608
2019-12-09,40.7489006,-73.97604882,292609
2019-12-09,40.75513557,-73.98658032,292609
2019-12-09,40.8086249,-73.9596214,292610
2019-12-09,40.81,-73.9551508,292610
2019-12-09,40.72966729392978,-73.98067966103554,292611
2019-12-09,40.73047309,-73.98672378,292611
2019-12-09,40.73020660529954,-73.99102628231049,292612
2019-12-09,40.74487634,-73.99529885,292612
2019-12-09,40.75323098,-73.97032517,292613
2019-12-09,40.74286877312112,-73.98918628692627,292613
2019-12-09,40.69241829257847,-73.98949474096298,292614
2019-12-09,40.69991755,-73.98971773,292614
2019-12-09,40.7172274,-73.98802084,292615
2019-12-09,40.713126,-73.984844,292615
2019-12-09,40.739445,-73.976806,292616
2019-12-09,40.751873,-73.977706,292616
2019-12-09,40.71782143,-73.97628939,292617
2019-12-09,40.73781509,-73.99994661,292617
2019-12-09,40.7462009,-73.98855723,292618
2019-12-09,40.746745,-74.007756,292618
2019-12-09,40.75594159,-74.0021163,292619
2019-12-09,40.75019995,-73.99093085,292619
2019-12-09,40.72746420692392,-73.97950418293476,292620
2019-12-09,40.734814,-73.992085,292620
2019-12-09,40.65708866668485,-74.00870203971863,292621
2019-12-09,40.6663181,-73.9854617,292621
2019-12-09,40.70140317257725,-73.98672670125961,292622
2019-12-09,40.6828003,-73.99990419,292622
2019-12-09,40.72502876,-73.99069656,292623
2019-12-09,40.72951496224949,-73.99075269699097,292623
2019-12-09,40.73047309,-73.98672378,292624
2019-12-09,40.72307749068673,-73.98583620786667,292624
2019-12-09,40.781410700190015,-73.95595908164978,292625
2019-12-09,40.7689738,-73.95482273,292625
2019-12-09,40.702461,-73.986842,292626
2019-12-09,40.68506807308177,-73.97790759801863,292626
2019-12-09,40.73172428,-74.00674436,292627
2019-12-09,40.7361967,-74.00859207,292627
2019-12-09,40.6751622,-73.9814832,292628
2019-12-09,40.675146838709786,-73.97523209452629,292628
2019-12-09,40.713126,-73.984844,292629
2019-12-09,40.71219906,-73.97948148,292629
2019-12-09,40.7892529,-73.93956237,292630
2019-12-09,40.7903051,-73.94755757,292630
2019-12-09,40.7974772,-73.9311847,292631
2019-12-09,40.8011939,-73.9500739,292631
2019-12-09,40.7003,-73.991581,292632
2019-12-09,40.70255088,-73.98940236,292632
2019-12-09,40.734814,-73.992085,292633
2019-12-09,40.72494672359416,-74.00165855884552,292633
2019-12-09,40.74096374,-73.98602213,292634
2019-12-09,40.74345335,-74.00004031,292634
2019-12-09,40.73912601,-73.97973776,292635
2019-12-09,40.751581,-73.97791,292635
2019-12-09,40.71739973,-73.98016555,292636
2019-12-09,40.714211,-73.981095,292636
2019-12-09,40.76030096,-73.99884222,292637
2019-12-09,40.7575699,-73.99098507,292637
2019-12-09,40.71427487,-73.98990025,292638
2019-12-09,40.722055,-73.989111,292638
2019-12-09,40.74173969,-73.99415556,292639
2019-12-09,40.7454973,-74.00197139,292639
2019-12-09,40.70530954,-74.00612572,292640
2019-12-09,40.71605866,-73.99190759,292640
2019-12-09,40.756913,-73.921631,292641
2019-12-09,40.7671,-73.9169858,292641
2019-12-09,40.749156,-73.9916,292642
2019-12-09,40.74144387,-73.97536082,292642
2019-12-09,40.75828065,-73.97069431,292643
2019-12-09,40.75828065,-73.97069431,292643
2019-12-09,40.70905623,-74.01043382,292644
2019-12-09,40.71602118,-73.99974372,292644
2019-12-09,40.7451677,-73.98683077,292645
2019-12-09,40.7575699,-73.99098507,292645
2019-12-09,40.74173969,-73.99415556,292646
2019-12-09,40.75066386,-74.00176802,292646
2019-12-09,40.73781509,-73.99994661,292647
2019-12-09,40.74275382865903,-74.00747358798981,292647
2019-12-09,40.7882213,-73.97041561,292648
2019-12-09,40.76302594280519,-73.97209525108337,292648
2019-12-09,40.74345335,-74.00004031,292649
2019-12-09,40.7505853470215,-73.9946848154068,292649
2019-12-09,40.79017948095081,-73.97288918495178,292650
2019-12-09,40.77966809007312,-73.98093044757842,292650
2019-12-09,40.8078316,-73.949373,292651
2019-12-09,40.797911,-73.9423,292651
2019-12-09,40.70037867,-73.99548059,292652
2019-12-09,40.70277159,-73.99383605,292652
2019-12-09,40.744219,-73.97121214,292653
2019-12-09,40.77518615,-73.94446054,292653
2019-12-09,40.72079821,-73.95484712,292654
2019-12-09,40.72606,-73.95621,292654
2019-12-09,40.74964,-73.98805,292655
2019-12-09,40.74322681432173,-73.97449783980846,292655
2019-12-09,40.6765304,-73.97846879,292656
2019-12-09,40.68753406,-73.97265183,292656
2019-12-09,40.77140426,-73.9535166,292657
2019-12-09,40.7728384,-73.94989233,292657
2019-12-09,40.76344058,-73.98268129,292658
2019-12-09,40.7867947,-73.977112,292658
2019-12-09,40.73047309,-73.98672378,292659
2019-12-09,40.74901271,-73.98848395,292659
2019-12-09,40.76341379,-73.99667444,292660
2019-12-09,40.72710258,-74.00297088,292660
2019-12-09,40.752269,-73.982079,292661
2019-12-09,40.735445,-73.99431,292661
2019-12-09,40.68186,-73.959432,292662
2019-12-09,40.6803560840434,-73.9476791024208,292662
2019-12-09,40.74475148,-73.99915362,292663
2019-12-09,40.7454973,-74.00197139,292663
2019-12-09,40.69047,-73.923511,292664
2019-12-09,40.68822,-73.91966,292664
2019-12-09,40.744219,-73.97121214,292665
2019-12-09,40.77518615,-73.94446054,292665
2019-12-09,40.79747,-73.93504,292666
2019-12-09,40.7892105,-73.94370784,292666
2019-12-09,40.7403432,-73.98955109,292667
2019-12-09,40.73401143,-74.00293877,292667
2019-12-09,40.763189,-73.978434,292668
2019-12-09,40.75019995,-73.99093085,292668
2019-12-09,40.72456089,-73.99565293,292669
2019-12-09,40.72502876,-73.99069656,292669
2019-12-09,40.759107,-73.959223,292670
2019-12-09,40.7945663,-73.9362541,292670
2019-12-09,40.69102925677968,-73.99183362722397,292671
2019-12-09,40.6853761,-73.98302136,292671
2019-12-09,40.75934501,-73.96759673,292672
2019-12-09,40.75022392,-73.97121414,292672
2019-12-09,40.78307,-73.95939,292673
2019-12-09,40.7919557,-73.968087,292673
2019-12-09,40.68312489,-73.97895137,292674
2019-12-09,40.6737236,-73.9631611,292674
2019-12-09,40.8038654,-73.9559308,292675
2019-12-09,40.8025566,-73.9490782,292675
2019-12-09,40.74394314,-73.97966069,292676
2019-12-09,40.741459,-73.983293,292676
2019-12-09,40.71427487,-73.98990025,292677
2019-12-09,40.71494807,-74.00234482,292677
2019-12-09,40.71929301,-73.94500379,292678
2019-12-09,40.715143,-73.944507,292678
2019-12-09,40.751873,-73.977706,292679
2019-12-09,40.74901271,-73.98848395,292679
2019-12-09,40.77163851,-73.98261428,292680
2019-12-09,40.77515953434235,-73.98918695747852,292680
2019-12-09,40.7954121,-73.9441232,292681
2019-12-09,40.7892105,-73.94370784,292681
2019-12-09,40.735367055605394,-73.98797392845154,292682
2019-12-09,40.73226398,-73.99852205,292682
2019-12-09,40.73704984,-73.99009296,292683
2019-12-09,40.72307749068673,-73.98583620786667,292683
2019-12-09,40.73221853,-73.98165557,292684
2019-12-09,40.734232,-73.986923,292684
2019-12-09,40.73535398,-74.00483091,292685
2019-12-09,40.724308321602166,-74.00473035871983,292685
2019-12-09,40.74780373,-73.9734419,292686
2019-12-09,40.74345335,-74.00004031,292686
2019-12-09,40.8086249,-73.9596214,292687
2019-12-09,40.804038,-73.945925,292687
2019-12-09,40.7643971,-73.97371465,292688
2019-12-09,40.79904139288298,-73.96649479866028,292688
2019-12-09,40.77163851,-73.98261428,292689
2019-12-09,40.74286877312112,-73.98918628692627,292689
2019-12-09,40.749156,-73.9916,292690
2019-12-09,40.73726186,-73.99238967,292690
2019-12-09,40.76068327096592,-73.9845272898674,292691
2019-12-09,40.75724567911726,-73.97805914282799,292691
2019-12-09,40.7671863,-73.9373554,292692
2019-12-09,40.7981856,-73.9605909006,292692
2019-12-09,40.751396,-74.005226,292693
2019-12-09,40.73781509,-73.99994661,292693
2019-12-09,40.7190095,-73.95852515,292694
2019-12-09,40.72606,-73.95621,292694
2019-12-09,40.74173969,-73.99415556,292695
2019-12-09,40.7454973,-74.00197139,292695
2019-12-09,40.72951496224949,-73.99075269699097,292696
2019-12-09,40.7262807,-73.98978041,292696
2019-12-09,40.8006721,-73.9349,292697
2019-12-09,40.8109494,-73.9634,292697
2019-12-09,40.6831164,-73.99785267,292698
2019-12-09,40.680611,-73.99475825,292698
2019-12-09,40.72710258,-74.00297088,292699
2019-12-09,40.72456089,-73.99565293,292699
2019-12-09,40.72456089,-73.99565293,292700
2019-12-09,40.73269,-73.98974,292700
2019-12-09,40.73291553,-74.00711384,292701
2019-12-09,40.75038009,-73.98338988,292701
2019-12-09,40.73396,-73.95204,292702
2019-12-09,40.71167351,-73.95141312,292702
2019-12-09,40.7597108,-73.97402311,292703
2019-12-09,40.75934501,-73.96759673,292703
2019-12-09,40.70463,-74.01507,292704
2019-12-09,40.711512,-74.015756,292704
2019-12-09,40.73226398,-73.99852205,292705
2019-12-09,40.72217444,-73.98368779,292705
2019-12-09,40.73454567,-73.99074142,292706
2019-12-09,40.74937024193277,-73.99923384189606,292706
2019-12-09,40.7675487799971,-73.9209334552288,292707
2019-12-09,40.7739825,-73.9309134,292707
2019-12-09,40.75992262,-73.97648516,292708
2019-12-09,40.76780080148132,-73.96592080593109,292708
2019-12-09,40.76095756,-73.96724467,292709
2019-12-09,40.7597108,-73.97402311,292709
2019-12-09,40.7505853470215,-73.9946848154068,292710
2019-12-09,40.76068327096592,-73.9845272898674,292710
2019-12-09,40.751581,-73.97791,292711
2019-12-09,40.7381765,-73.97738662,292711
2019-12-09,40.8107922,-73.9430681,292712
2019-12-09,40.8045555,-73.9396861,292712
2019-12-09,40.71939226,-74.00247214,292713
2019-12-09,40.72243797,-74.00566443,292713
2019-12-09,40.72019576,-73.98997825,292714
2019-12-09,40.7454973,-74.00197139,292714
2019-12-09,40.741459,-73.983293,292715
2019-12-09,40.746647,-73.993915,292715
2019-12-09,40.73020660529954,-73.99102628231049,292716
2019-12-09,40.72779126,-73.98564945,292716
2019-12-09,40.74734825,-73.99723551,292717
2019-12-09,40.73535398,-74.00483091,292717
2019-12-09,40.71754834,-74.01322069,292718
2019-12-09,40.70706456,-74.00731853,292718
2019-12-09,40.73781509,-73.99994661,292719
2019-12-09,40.73172428,-74.00674436,292719
2019-12-09,40.797911,-73.9423,292720
2019-12-09,40.8045555,-73.9396861,292720
2019-12-09,40.71745169,-73.95850939,292721
2019-12-09,40.71285887,-73.96590294,292721
2019-12-09,40.7659,-73.930819,292722
2019-12-09,40.7711528,-73.9170074,292722
2019-12-09,40.77118287540658,-73.96409422159195,292723
2019-12-09,40.76780080148132,-73.96592080593109,292723
2019-12-09,40.75019995,-73.99093085,292724
2019-12-09,40.752269,-73.982079,292724
2019-12-09,40.73454567,-73.99074142,292725
2019-12-09,40.72740794,-73.98142006,292725
2019-12-09,40.76302594280519,-73.97209525108337,292726
2019-12-09,40.7829391,-73.9786517,292726
2019-12-09,40.74096374,-73.98602213,292727
2019-12-09,40.736502,-73.97809472,292727
2019-12-09,40.713126,-73.984844,292728
2019-12-09,40.714211,-73.981095,292728
2019-12-09,40.74718234,-73.9432635,292729
2019-12-09,40.7449067,-73.9534573,292729
2019-12-09,40.749156,-73.9916,292730
2019-12-09,40.74444921,-73.98303529,292730
2019-12-09,40.734814,-73.992085,292731
2019-12-09,40.749156,-73.9916,292731
2019-12-09,40.74128309355993,-73.93725872039794,292732
2019-12-09,40.71260486,-73.96264403,292732
2019-12-09,40.7153379,-74.01658354,292733
2019-12-09,40.707873,-74.00167,292733
2019-12-09,40.751396,-74.005226,292734
2019-12-09,40.7462009,-73.98855723,292734
2019-12-09,40.74708586,-73.94977234,292735
2019-12-09,40.74718234,-73.9432635,292735
2019-12-09,40.754691750226016,-73.99740189313889,292736
2019-12-09,40.752269,-73.982079,292736
2019-12-09,40.73564,-73.95866,292737
2019-12-09,40.73266,-73.95826,292737
2019-12-09,40.746647,-73.993915,292738
2019-12-09,40.746647,-73.993915,292738
2019-12-09,40.751551,-73.993934,292739
2019-12-09,40.7451677,-73.98683077,292739
2019-12-09,40.7949879,-73.9333349,292740
2019-12-09,40.7859201,-73.94860294,292740
2019-12-09,40.71494807,-74.00234482,292741
2019-12-09,40.71625008,-74.0091059,292741
2019-12-09,40.78057799010334,-73.98562431335449,292742
2019-12-09,40.805973,-73.964928,292742
2019-12-09,40.766368,-73.971518,292743
2019-12-09,40.75019995,-73.99093085,292743
2019-12-09,40.74691959,-74.00451887,292744
2019-12-09,40.74475148,-73.99915362,292744
2019-12-09,40.7954121,-73.9441232,292745
2019-12-09,40.802692,-73.96295,292745
2019-12-09,40.73827428,-73.98751968,292746
2019-12-09,40.75066386,-74.00176802,292746
2019-12-09,40.7037992,-74.00838676,292747
2019-12-09,40.70955958,-74.00653609,292747
2019-12-09,40.75660359,-73.9979009,292748
2019-12-09,40.746745,-74.007756,292748
2019-12-09,40.741459,-73.983293,292749
2019-12-09,40.754120810779256,-73.98025184869766,292749
2019-12-09,40.73652889,-74.00618026,292750
2019-12-09,40.73269,-73.98974,292750
2019-12-09,40.74345335,-74.00004031,292751
2019-12-09,40.746745,-74.007756,292751
2019-12-09,40.73454567,-73.99074142,292752
2019-12-09,40.73726186,-73.99238967,292752
2019-12-09,40.74475148,-73.99915362,292753
2019-12-09,40.722103786686034,-73.99724900722504,292753
2019-12-09,40.76915505,-73.98191841,292754
2019-12-09,40.77515953434235,-73.98918695747852,292754
2019-12-09,40.74901271,-73.98848395,292755
2019-12-09,40.74444921,-73.98303529,292755
2019-12-09,40.72456089,-73.99565293,292756
2019-12-09,40.7158155,-73.99422366,292756
2019-12-09,40.741459,-73.983293,292757
2019-12-09,40.751581,-73.97791,292757
2019-12-09,40.71605866,-73.99190759,292758
2019-12-09,40.71269042,-73.98776323,292758
2019-12-09,40.77163851,-73.98261428,292759
2019-12-09,40.76227205,-73.98788205,292759
2019-12-09,40.70411791,-73.94818595,292760
2019-12-09,40.70870368,-73.9448625,292760
2019-12-09,40.71076228,-73.99400398,292761
2019-12-09,40.72580614,-73.97422494,292761
2019-12-09,40.68841,-73.979458,292762
2019-12-09,40.69236178,-73.98631746,292762
2019-12-09,40.72317958,-73.99480012,292763
2019-12-09,40.734814,-73.992085,292763
2019-12-09,40.7922553,-73.95249933,292764
2019-12-09,40.78839,-73.9747,292764
2019-12-09,40.76227205,-73.98788205,292765
2019-12-09,40.75724567911726,-73.97805914282799,292765
2019-12-09,40.752269,-73.982079,292766
2019-12-09,40.75510267,-73.97498696,292766
2019-12-09,40.707873,-74.00167,292767
2019-12-09,40.71307916,-73.99851193,292767
2019-12-09,40.72317958,-73.99480012,292768
2019-12-09,40.722055,-73.989111,292768
2019-12-09,40.68822,-73.91966,292769
2019-12-09,40.69047,-73.923511,292769
2019-12-09,40.77515953434235,-73.98918695747852,292770
2019-12-09,40.77748046,-73.98288594,292770
2019-12-09,40.72746420692392,-73.97950418293476,292771
2019-12-09,40.72951496224949,-73.99075269699097,292771
2019-12-09,40.76009437,-73.99461843,292772
2019-12-09,40.773763,-73.96222088,292772
2019-12-09,40.70255088,-73.98940236,292773
2019-12-09,40.69991755,-73.98971773,292773
2019-12-09,40.752269,-73.982079,292774
2019-12-09,40.75299641,-73.98721619,292774
2019-12-09,40.75038009,-73.98338988,292775
2019-12-09,40.746647,-73.993915,292775
2019-12-09,40.7974772,-73.9311847,292776
2019-12-09,40.8045555,-73.9396861,292776
2019-12-09,40.741459,-73.983293,292777
2019-12-09,40.749156,-73.9916,292777
2019-12-09,40.72621788,-73.98379855,292778
2019-12-09,40.72217444,-73.98368779,292778
2019-12-09,40.71413089,-73.9970468,292779
2019-12-09,40.72317958,-73.99480012,292779
2019-12-09,40.6763947,-73.99869893,292780
2019-12-09,40.6830456,-74.00348559,292780
2019-12-09,40.76227205,-73.98788205,292781
2019-12-09,40.751551,-73.993934,292781
2019-12-09,40.71622644,-73.98261206,292782
2019-12-09,40.75066386,-74.00176802,292782
2019-12-09,40.74475148,-73.99915362,292783
2019-12-09,40.746745,-74.007756,292783
2019-12-09,40.74322681432173,-73.97449783980846,292784
2019-12-09,40.75455731,-73.96592976,292784
2019-12-09,40.69089272,-73.99612349,292785
2019-12-09,40.6802133,-73.98432695,292785
2019-12-09,40.72917025,-73.99810231,292786
2019-12-09,40.7462009,-73.98855723,292786
2019-12-09,40.71406667,-73.99293911,292787
2019-12-09,40.72494672359416,-74.00165855884552,292787
2019-12-09,40.7781314,-73.96069399,292788
2019-12-09,40.7770575,-73.97898475,292788
2019-12-09,40.73454567,-73.99074142,292789
2019-12-09,40.72299208,-73.97995466,292789
2019-12-09,40.70255065,-74.0127234,292790
2019-12-09,40.71602118,-73.99974372,292790
2019-12-09,40.72577,-73.94173,292791
2019-12-09,40.7016657,-73.9437303,292791
2019-12-09,40.72743423,-73.99379025,292792
2019-12-09,40.73224119,-74.00026394,292792
2019-12-09,40.6740123,-73.9671457,292793
2019-12-09,40.6794388,-73.9680438,292793
2019-12-09,40.717571,-74.005549,292794
2019-12-09,40.711066,-74.009447,292794
2019-12-09,40.76500525,-73.95818491,292795
2019-12-09,40.8045555,-73.9396861,292795
2019-12-09,40.74394314,-73.97966069,292796
2019-12-09,40.751873,-73.977706,292796
2019-12-09,40.6830456,-74.00348559,292797
2019-12-09,40.70277159,-73.99383605,292797
2019-12-09,40.70905623,-74.01043382,292798
2019-12-09,40.70706456,-74.00731853,292798
2019-12-09,40.71745169,-73.95850939,292799
2019-12-09,40.72557,-73.94434,292799
2019-12-09,40.7037992,-74.00838676,292800
2019-12-09,40.70905623,-74.01043382,292800
2019-12-09,40.71167351,-73.95141312,292801
2019-12-09,40.72079821,-73.95484712,292801
2019-12-09,40.72066442,-73.98517977,292802
2019-12-09,40.72710258,-74.00297088,292802
2019-12-09,40.713126,-73.984844,292803
2019-12-09,40.714211,-73.981095,292803
2019-12-09,40.75038009,-73.98338988,292804
2019-12-09,40.749156,-73.9916,292804
2019-12-09,40.74286877312112,-73.98918628692627,292805
2019-12-09,40.75066386,-74.00176802,292805
2019-12-09,40.739323,-74.008119,292806
2019-12-09,40.722103786686034,-73.99724900722504,292806
2019-12-09,40.74394314,-73.97966069,292807
2019-12-09,40.73314259,-73.97573881,292807
2019-12-09,40.72307749068673,-73.98583620786667,292808
2019-12-09,40.7208736,-73.98085795,292808
2019-12-09,40.7403432,-73.98955109,292809
2019-12-09,40.73912601,-73.97973776,292809
2019-12-09,40.782454175279874,-73.9489196240902,292810
2019-12-09,40.802692,-73.96295,292810
2019-12-09,40.68683208,-73.9796772,292811
2019-12-09,40.71019,-73.93734,292811
2019-12-09,40.74173969,-73.99415556,292812
2019-12-09,40.74691959,-74.00451887,292812
2019-12-09,40.73652889,-74.00618026,292813
2019-12-09,40.73172428,-74.00674436,292813
2019-12-09,40.74487634,-73.99529885,292814
2019-12-09,40.754691750226016,-73.99740189313889,292814
2019-12-09,40.76312584,-73.96526895,292815
2019-12-09,40.7667405590595,-73.9790689945221,292815
2019-12-09,40.711512,-74.015756,292816
2019-12-09,40.74395411,-73.99144871,292816
2019-12-09,40.8014866,-73.9442507,292817
2019-12-09,40.8038654,-73.9559308,292817
2019-12-09,40.74444921,-73.98303529,292818
2019-12-09,40.751873,-73.977706,292818
2019-12-09,40.6737236,-73.9631611,292819
2019-12-09,40.672695,-73.954131,292819
2019-12-09,40.76915505,-73.98191841,292820
2019-12-09,40.76500525,-73.95818491,292820
2019-12-09,40.71269042,-73.98776323,292821
2019-12-09,40.73221853,-73.98165557,292821
2019-12-09,40.75992262,-73.97648516,292822
2019-12-09,40.76087502,-74.00277668,292822
2019-12-09,40.741459,-73.983293,292823
2019-12-09,40.73912601,-73.97973776,292823
2019-12-09,40.73291553,-74.00711384,292824
2019-12-09,40.76030096,-73.99884222,292824
2019-12-09,40.6809591,-73.99905709,292825
2019-12-09,40.6783563,-74.00014502,292825
2019-12-09,40.73454567,-73.99074142,292826
2019-12-09,40.73704984,-73.99009296,292826
2019-12-09,40.751396,-74.005226,292827
2019-12-09,40.74734825,-73.99723551,292827
2019-12-09,40.6740123,-73.9671457,292828
2019-12-09,40.665816,-73.956934,292828
2019-12-09,40.7849032,-73.950503,292829
2019-12-09,40.778301,-73.9488134,292829
2019-12-09,40.73232194,-73.9550858,292830
2019-12-09,40.72708584,-73.95299117,292830
2019-12-09,40.795,-73.9645,292831
2019-12-09,40.801694,-73.957145,292831
2019-12-09,40.71117444,-73.99682619,292832
2019-12-09,40.71427487,-73.98990025,292832
2019-12-09,40.7262807,-73.98978041,292833
2019-12-09,40.72951496224949,-73.99075269699097,292833
2019-12-09,40.70834698,-74.01713445,292834
2019-12-09,40.70463,-74.01507,292834
2019-12-09,40.718822,-73.99596,292835
2019-12-09,40.72082834,-73.97793172,292835
2019-12-09,40.74937024193277,-73.99923384189606,292836
2019-12-09,40.73935542,-73.99931783,292836
2019-12-09,40.751551,-73.993934,292837
2019-12-09,40.75466591,-73.99138152,292837
2019-12-09,40.75513557,-73.98658032,292838
2019-12-09,40.76030096,-73.99884222,292838
2019-12-09,40.73971301,-73.99456405,292839
2019-12-09,40.718822,-73.99596,292839
2019-12-09,40.76663814,-73.95348296,292840
2019-12-09,40.7687620293096,-73.95840793848038,292840
2019-12-09,40.746745,-74.007756,292841
2019-12-09,40.7505853470215,-73.9946848154068,292841
2019-12-09,40.6776147,-73.97324283,292842
2019-12-09,40.68753406,-73.97265183,292842
2019-12-09,40.71910537,-73.99973337,292843
2019-12-09,40.72743423,-73.99379025,292843
2019-12-09,40.74487634,-73.99529885,292844
2019-12-09,40.74734825,-73.99723551,292844
2019-12-09,40.768254,-73.988639,292845
2019-12-09,40.75510267,-73.97498696,292845
2019-12-09,40.71745169,-73.95850939,292846
2019-12-09,40.71285887,-73.96590294,292846
2019-12-09,40.71559509,-73.9870295,292847
2019-12-09,40.71739973,-73.98016555,292847
2019-12-09,40.741459,-73.983293,292848
2019-12-09,40.7489006,-73.97604882,292848
2019-12-09,40.697481,-73.935877,292849
2019-12-09,40.68683208,-73.9796772,292849
2019-12-09,40.761584,-73.925921,292850
2019-12-09,40.7671,-73.9169858,292850
2019-12-09,40.76228826,-73.98336183,292851
2019-12-09,40.76068327096592,-73.9845272898674,292851
2019-12-09,40.7806284,-73.9521667,292852
2019-12-09,40.76500525,-73.95818491,292852
2019-12-09,40.7451677,-73.98683077,292853
2019-12-09,40.73971301,-73.99456405,292853
2019-12-09,40.71816969454208,-73.95520135760307,292854
2019-12-09,40.72158,-73.94546,292854
2019-12-09,40.71559509,-73.9870295,292855
2019-12-09,40.72456089,-73.99565293,292855
2019-12-09,40.730563,-73.973984,292856
2019-12-09,40.72066442,-73.98517977,292856
2019-12-09,40.76009437,-73.99461843,292857
2019-12-09,40.763189,-73.978434,292857
2019-12-09,40.74173969,-73.99415556,292858
2019-12-09,40.751873,-73.977706,292858
2019-12-09,40.71485150526252,-74.01122331619263,292859
2019-12-09,40.71427487,-73.98990025,292859
2019-12-09,40.71450451,-74.00562789,292860
2019-12-09,40.71625008,-74.0091059,292860
2019-12-09,40.76030096,-73.99884222,292861
2019-12-09,40.751551,-73.993934,292861
2019-12-09,40.768254,-73.988639,292862
2019-12-09,40.7770575,-73.97898475,292862
2019-12-09,40.75992262,-73.97648516,292863
2019-12-09,40.76095756,-73.96724467,292863
2019-12-09,40.7937704,-73.971888,292864
2019-12-09,40.7882213,-73.97041561,292864
2019-12-09,40.73314259,-73.97573881,292865
2019-12-09,40.74290902,-73.97706058,292865
2019-12-09,40.6867443,-73.99063168,292866
2019-12-09,40.6685455,-73.99333264,292866
2019-12-09,40.72577,-73.94173,292867
2019-12-09,40.71745169,-73.95850939,292867
2019-12-09,40.701907,-74.013942,292868
2019-12-09,40.71754834,-74.01322069,292868
2019-12-09,40.722103786686034,-73.99724900722504,292869
2019-12-09,40.72706363348306,-73.99662137031554,292869
2019-12-09,40.734232,-73.986923,292870
2019-12-09,40.734232,-73.986923,292870
2019-12-09,40.72621788,-73.98379855,292871
2019-12-09,40.71910537,-73.99973337,292871
2019-12-09,40.71273266,-74.0046073,292872
2019-12-09,40.71117444,-73.99682619,292872
2019-12-09,40.66514681533792,-73.97637605667114,292873
2019-12-09,40.675146838709786,-73.97523209452629,292873
2019-12-09,40.73221853,-73.98165557,292874
2019-12-09,40.74286877312112,-73.98918628692627,292874
2019-12-09,40.72299208,-73.97995466,292875
2019-12-09,40.72740794,-73.98142006,292875
2019-12-09,40.76095756,-73.96724467,292876
2019-12-09,40.76873687,-73.96119945,292876
2019-12-09,40.73781509,-73.99994661,292877
2019-12-09,40.739445,-73.976806,292877
2019-12-09,40.76780080148132,-73.96592080593109,292878
2019-12-09,40.76780080148132,-73.96592080593109,292878
2019-12-09,40.71910537,-73.99973337,292879
2019-12-09,40.74177603,-74.00149746,292879
2019-12-09,40.76068327096592,-73.9845272898674,292880
2019-12-09,40.74937024193277,-73.99923384189606,292880
2019-12-09,40.694546087246025,-73.95801365375519,292881
2019-12-09,40.6809833854,-73.9500479759,292881
2019-12-09,40.75323098,-73.97032517,292882
2019-12-09,40.75640548,-73.9900262,292882
2019-12-09,40.74317449,-74.00366443,292883
2019-12-09,40.749717753,-74.002950346,292883
2019-12-09,40.70255088,-73.98940236,292884
2019-12-09,40.69991755,-73.98971773,292884
2019-12-09,40.6610633719006,-73.97945255041122,292885
2019-12-09,40.6729679,-73.97087984,292885
2019-12-09,40.72368361,-73.97574813,292886
2019-12-09,40.707873,-74.00167,292886
2019-12-09,40.7691572,-73.96703464,292887
2019-12-09,40.744219,-73.97121214,292887
2019-12-09,40.735367055605394,-73.98797392845154,292888
2019-12-09,40.76087502,-74.00277668,292888
2019-12-09,40.8082,-73.9641,292889
2019-12-09,40.7973721,-73.97041192,292889
2019-12-09,40.713126,-73.984844,292890
2019-12-09,40.7208736,-73.98085795,292890
2019-12-09,40.70905623,-74.01043382,292891
2019-12-09,40.77149671054441,-73.99046033620834,292891
2019-12-09,40.76302594280519,-73.97209525108337,292892
2019-12-09,40.76269882,-73.99301222,292892
2019-12-09,40.77140426,-73.9535166,292893
2019-12-09,40.77140426,-73.9535166,292893
2019-12-09,40.7557327,-73.9236611,292894
2019-12-09,40.7577284,-73.9166368,292894
2019-12-09,40.70255088,-73.98940236,292895
2019-12-09,40.70037867,-73.99548059,292895
2019-12-09,40.6830456,-74.00348559,292896
2019-12-09,40.6867443,-73.99063168,292896
2019-12-09,40.7016657,-73.9437303,292897
2019-12-09,40.716887,-73.963198,292897
2019-12-09,40.75724567911726,-73.97805914282799,292898
2019-12-09,40.74780373,-73.9734419,292898
2019-12-09,40.75066386,-74.00176802,292899
2019-12-09,40.7505853470215,-73.9946848154068,292899
2019-12-09,40.74144387,-73.97536082,292900
2019-12-09,40.749156,-73.9916,292900
2019-12-09,40.72453734,-73.98185424,292901
2019-12-09,40.722055,-73.989111,292901
2019-12-09,40.741459,-73.983293,292902
2019-12-09,40.749156,-73.9916,292902
2019-12-09,40.67267243410948,-74.0087952464819,292903
2019-12-09,40.68506807308177,-73.97790759801863,292903
2019-12-09,40.75934501,-73.96759673,292904
2019-12-09,40.76019252,-73.9912551,292904
2019-12-09,40.71427487,-73.98990025,292905
2019-12-09,40.711066,-74.009447,292905
2019-12-09,40.76350532,-73.97109243,292906
2019-12-09,40.744219,-73.97121214,292906
2019-12-09,40.74096374,-73.98602213,292907
2019-12-09,40.72580614,-73.97422494,292907
2019-12-09,40.722055,-73.989111,292908
2019-12-09,40.71285887,-73.96590294,292908
2019-12-09,40.70277159,-73.99383605,292909
2019-12-09,40.6861758,-73.99645295,292909
2019-12-09,40.69794,-73.96986848,292910
2019-12-09,40.71638031973561,-73.94821286201477,292910
2019-12-09,40.7597108,-73.97402311,292911
2019-12-09,40.754120810779256,-73.98025184869766,292911
2019-12-09,40.66514681533792,-73.97637605667114,292912
2019-12-09,40.6750207,-73.97111473,292912
2019-12-09,40.71427487,-73.98990025,292913
2019-12-09,40.711066,-74.009447,292913
2019-12-09,40.72502876,-73.99069656,292914
2019-12-09,40.72456089,-73.99565293,292914
2019-12-09,40.8045555,-73.9396861,292915
2019-12-09,40.814394437915816,-73.95324736833572,292915
2019-12-09,40.75466591,-73.99138152,292916
2019-12-09,40.74286877312112,-73.98918628692627,292916
2019-12-09,40.7612274,-73.96094022,292917
2019-12-09,40.76500525,-73.95818491,292917
2019-12-09,40.68940747,-73.96885458,292918
2019-12-09,40.68539567,-73.97431458,292918
2019-12-09,40.76915505,-73.98191841,292919
2019-12-09,40.76068327096592,-73.9845272898674,292919
2019-12-09,40.74290902,-73.97706058,292920
2019-12-09,40.7489006,-73.97604882,292920
2019-12-09,40.7597108,-73.97402311,292921
2019-12-09,40.73331967,-73.99510132,292921
2019-12-09,40.73226398,-73.99852205,292922
2019-12-09,40.72217444,-73.98368779,292922
2019-12-09,40.79329668,-73.9432083,292923
2019-12-09,40.7806284,-73.9521667,292923
2019-12-09,40.74487634,-73.99529885,292924
2019-12-09,40.75066386,-74.00176802,292924
2019-12-09,40.735367055605394,-73.98797392845154,292925
2019-12-09,40.72621788,-73.98379855,292925
2019-12-09,40.768254,-73.988639,292926
2019-12-09,40.7575699,-73.99098507,292926
2019-12-09,40.70569254,-74.01677685,292927
2019-12-09,40.711066,-74.009447,292927
2019-12-09,40.71926081,-73.98178024,292928
2019-12-09,40.714211,-73.981095,292928
2019-12-09,40.70463,-74.01507,292929
2019-12-09,40.71754834,-74.01322069,292929
2019-12-09,40.74286877312112,-73.98918628692627,292930
2019-12-09,40.7403432,-73.98955109,292930
2019-12-09,40.73704984,-73.99009296,292931
2019-12-09,40.73314259,-73.97573881,292931
2019-12-09,40.73704984,-73.99009296,292932
2019-12-09,40.73314259,-73.97573881,292932
2019-12-09,40.76227205,-73.98788205,292933
2019-12-09,40.770513,-73.988038,292933
2019-12-09,40.69236178,-73.98631746,292934
2019-12-09,40.68962188790333,-73.98304268717766,292934
2019-12-09,40.73704984,-73.99009296,292935
2019-12-09,40.73314259,-73.97573881,292935
2019-12-09,40.75066386,-74.00176802,292936
2019-12-09,40.7403432,-73.98955109,292936
2019-12-09,40.72903917,-73.99404649,292937
2019-12-09,40.7575699,-73.99098507,292937
2019-12-09,40.689888,-73.981013,292938
2019-12-09,40.69331716,-73.95381995,292938
2019-12-09,40.71625008,-74.0091059,292939
2019-12-09,40.724308321602166,-74.00473035871983,292939
2019-12-09,40.73704984,-73.99009296,292940
2019-12-09,40.73314259,-73.97573881,292940
2019-12-09,40.72740794,-73.98142006,292941
2019-12-09,40.71739973,-73.98016555,292941
2019-12-09,40.7770575,-73.97898475,292942
2019-12-09,40.78499979,-73.97283406,292942
2019-12-09,40.74096374,-73.98602213,292943
2019-12-09,40.74901271,-73.98848395,292943
2019-12-09,40.75066386,-74.00176802,292944
2019-12-09,40.7451677,-73.98683077,292944
2019-12-09,40.741459,-73.983293,292945
2019-12-09,40.72966729392978,-73.98067966103554,292945
2019-12-09,40.73704984,-73.99009296,292946
2019-12-09,40.72917025,-73.99810231,292946
2019-12-09,40.74444921,-73.98303529,292947
2019-12-09,40.75640548,-73.9900262,292947
2019-12-09,40.749156,-73.9916,292948
2019-12-09,40.7568001,-73.98291153,292948
2019-12-09,40.69839895,-73.98068914,292949
2019-12-09,40.68506807308177,-73.97790759801863,292949
2019-12-09,40.7922553,-73.95249933,292950
2019-12-09,40.7987859,-73.9523,292950
2019-12-09,40.72953837,-73.98426726,292951
2019-12-09,40.72743423,-73.99379025,292951
2019-12-09,40.698568,-73.918877,292952
2019-12-09,40.69296,-73.91605,292952
2019-12-09,40.74177603,-74.00149746,292953
2019-12-09,40.74173969,-73.99415556,292953
2019-12-09,40.71602118,-73.99974372,292955
2019-12-09,40.72502876,-73.99069656,292955
2019-12-09,40.730563,-73.973984,292956
2019-12-09,40.72621788,-73.98379855,292956
2019-12-09,40.75992262,-73.97648516,292957
2019-12-09,40.744219,-73.97121214,292957
2019-12-09,40.777507027547976,-73.98888587951659,292958
2019-12-09,40.768254,-73.988639,292958
2019-12-09,40.71559509,-73.9870295,292959
2019-12-09,40.714211,-73.981095,292959
2019-12-09,40.72228087,-73.97668709,292960
2019-12-09,40.72456089,-73.99565293,292960
2019-12-09,40.6829151,-73.99318208,292961
2019-12-09,40.6750705,-73.98775226,292961
2019-12-09,40.75714758,-73.97207836,292962
2019-12-09,40.75466591,-73.99138152,292962
2019-12-09,40.7361967,-74.00859207,292963
2019-12-09,40.75066386,-74.00176802,292963
2019-12-09,40.722103786686034,-73.99724900722504,292964
2019-12-09,40.72082834,-73.97793172,292964
2019-12-09,40.73291553,-74.00711384,292965
2019-12-09,40.73224119,-74.00026394,292965
2019-12-09,40.7597108,-73.97402311,292966
2019-12-09,40.744219,-73.97121214,292966
2019-12-09,40.7597108,-73.97402311,292967
2019-12-09,40.744219,-73.97121214,292967
2019-12-09,40.695065,-73.987167,292968
2019-12-09,40.751873,-73.977706,292968
2019-12-09,40.7922553,-73.95249933,292969
2019-12-09,40.7987859,-73.9523,292969
2019-12-09,40.72740794,-73.98142006,292970
2019-12-09,40.71739973,-73.98016555,292970
2019-12-09,40.72706363348306,-73.99662137031554,292971
2019-12-09,40.7172274,-73.98802084,292971
2019-12-09,40.75019995,-73.99093085,292972
2019-12-09,40.74322681432173,-73.97449783980846,292972
2019-12-09,40.76068327096592,-73.9845272898674,292973
2019-12-09,40.74395411,-73.99144871,292973
2019-12-09,40.724308321602166,-74.00473035871983,292974
2019-12-09,40.74173969,-73.99415556,292974
2019-12-09,40.7675487799971,-73.9209334552288,292975
2019-12-09,40.7597108,-73.97402311,292975
2019-12-09,40.68940747,-73.96885458,292976
2019-12-09,40.69221589,-73.9842844,292976
2019-12-09,40.7987859,-73.9523,292977
2019-12-09,40.7987859,-73.9523,292977
2019-12-09,40.72229346,-73.99147535,292978
2019-12-09,40.71269042,-73.98776323,292978
2019-12-09,40.6753274,-74.0100698,292979
2019-12-09,40.6802133,-73.98432695,292979
2019-12-09,40.75660359,-73.9979009,292980
2019-12-09,40.74765947,-73.98490707,292980
2019-12-09,40.76370739,-73.9851615,292981
2019-12-09,40.7652654,-73.98192338,292981
2019-12-09,40.746745,-74.007756,292982
2019-12-09,40.74173969,-73.99415556,292982
2019-12-09,40.76915505,-73.98191841,292983
2019-12-09,40.76269882,-73.99301222,292983
2019-12-09,40.707873,-74.00167,292984
2019-12-09,40.71850211,-73.98329859,292984
2019-12-09,40.72746420692392,-73.97950418293476,292985
2019-12-09,40.72746420692392,-73.97950418293476,292985
2019-12-09,40.73047747,-73.99906065,292986
2019-12-09,40.74286877312112,-73.98918628692627,292986
2019-12-09,40.75992262,-73.97648516,292987
2019-12-09,40.76350532,-73.97109243,292987
2019-12-09,40.70255088,-73.98940236,292988
2019-12-09,40.68981035,-73.97493121,292988
2019-12-09,40.71893904,-73.99266288,292989
2019-12-09,40.74173969,-73.99415556,292989
2019-12-09,40.74286877312112,-73.98918628692627,292990
2019-12-09,40.74487634,-73.99529885,292990
2019-12-09,40.72951496224949,-73.99075269699097,292991
2019-12-09,40.72746420692392,-73.97950418293476,292991
2019-12-09,40.7652654,-73.98192338,292992
2019-12-09,40.7457121,-73.98194829,292992
2019-12-09,40.759107,-73.959223,292993
2019-12-09,40.75019995,-73.99093085,292993
2019-12-09,40.7839636,-73.9471673,292994
2019-12-09,40.7923272,-73.9383,292994
2019-12-09,40.72966729392978,-73.98067966103554,292995
2019-12-09,40.72453734,-73.98185424,292995
2019-12-09,40.73555,-73.95284,292996
2019-12-09,40.72606,-73.95621,292996
2019-12-09,40.70255088,-73.98940236,292997
2019-12-09,40.69991755,-73.98971773,292997
2019-12-09,40.73314259,-73.97573881,292998
2019-12-09,40.73226398,-73.99852205,292998
2019-12-09,40.70717936,-74.00887308,292999
2019-12-09,40.74394314,-73.97966069,292999
2019-12-09,40.74322681432173,-73.97449783980846,293000
2019-12-09,40.74691959,-74.00451887,293000
2019-12-09,40.75640548,-73.9900262,293001
2019-12-09,40.76009437,-73.99461843,293001
2019-12-09,40.73624527,-73.98473765,293002
2019-12-09,40.7381765,-73.97738662,293002
2019-12-09,40.6765304,-73.97846879,293003
2019-12-09,40.68691865,-73.976682,293003
2019-12-09,40.711512,-74.015756,293004
2019-12-09,40.711512,-74.015756,293004
2019-12-09,40.739445,-73.976806,293005
2019-12-09,40.7462009,-73.98855723,293005
2019-12-09,40.75001986,-73.96905301,293006
2019-12-09,40.74238787,-73.99726235,293006
2019-12-09,40.72746420692392,-73.97950418293476,293007
2019-12-09,40.734232,-73.986923,293007
2019-12-09,40.70365182,-74.01167797,293008
2019-12-09,40.70355377,-74.00670227,293008
2019-12-09,40.71602118,-73.99974372,293009
2019-12-09,40.72368361,-73.97574813,293009
2019-12-09,40.675146838709786,-73.97523209452629,293010
2019-12-09,40.6829151,-73.99318208,293010
2019-12-09,40.72299208,-73.97995466,293011
2019-12-09,40.7208736,-73.98085795,293011
2019-12-09,40.71413089,-73.9970468,293012
2019-12-09,40.71427487,-73.98990025,293012
2019-12-09,40.773763,-73.96222088,293013
2019-12-09,40.7462009,-73.98855723,293013
2019-12-09,40.73971301,-73.99456405,293014
2019-12-09,40.74275382865903,-74.00747358798981,293014
2019-12-09,40.770513,-73.988038,293015
2019-12-09,40.770513,-73.988038,293015
2019-12-09,40.72311651,-73.95212324,293016
2019-12-09,40.71745169,-73.95850939,293016
2019-12-09,40.7037992,-74.00838676,293017
2019-12-09,40.73026,-73.95394,293017
2019-12-09,40.73226398,-73.99852205,293018
2019-12-09,40.74901271,-73.98848395,293018
2019-12-09,40.75594159,-74.0021163,293019
2019-12-09,40.76087502,-74.00277668,293019
2019-12-09,40.76727216,-73.99392888,293020
2019-12-09,40.76228826,-73.98336183,293020
2019-12-09,40.746745,-74.007756,293021
2019-12-09,40.746647,-73.993915,293021
2019-12-09,40.75066386,-74.00176802,293022
2019-12-09,40.73827428,-73.98751968,293022
2019-12-09,40.75510267,-73.97498696,293023
2019-12-09,40.73221853,-73.98165557,293023
2019-12-09,40.74096374,-73.98602213,293024
2019-12-09,40.746647,-73.993915,293024
2019-12-09,40.74286877312112,-73.98918628692627,293025
2019-12-09,40.74286877312112,-73.98918628692627,293025
2019-12-09,40.71602118,-73.99974372,293026
2019-12-09,40.69580705,-73.97355569,293026
2019-12-09,40.70838,-74.00495,293027
2019-12-09,40.71625008,-74.0091059,293027
2019-12-09,40.72453734,-73.98185424,293028
2019-12-09,40.732339777151054,-73.97898383438587,293028
2019-12-09,40.7658346,-73.9265474,293029
2019-12-09,40.7659,-73.930819,293029
2019-12-09,40.71602118,-73.99974372,293030
2019-12-09,40.7403432,-73.98955109,293030
2019-12-09,40.7974772,-73.9311847,293031
2019-12-09,40.8011939,-73.9500739,293031
2019-12-09,40.69610226,-73.96751037,293032
2019-12-09,40.73026,-73.95394,293032
2019-12-09,40.787801,-73.953559,293033
2019-12-09,40.7839636,-73.9471673,293033
2019-12-09,40.751873,-73.977706,293034
2019-12-09,40.744219,-73.97121214,293034
2019-12-09,40.73704984,-73.99009296,293035
2019-12-09,40.7785669,-73.97754961,293035
2019-12-09,40.68691865,-73.976682,293036
2019-12-09,40.68981035,-73.97493121,293036
2019-12-09,40.711512,-74.015756,293037
2019-12-09,40.71494807,-74.00234482,293037
2019-12-09,40.73704984,-73.99009296,293038
2019-12-09,40.72066442,-73.98517977,293038
2019-12-09,40.75466591,-73.99138152,293039
2019-12-09,40.75929124,-73.98859651,293039
2019-12-09,40.75510267,-73.97498696,293040
2019-12-09,40.744219,-73.97121214,293040
2019-12-09,40.6861758,-73.99645295,293041
2019-12-09,40.69535693320225,-73.99344027042389,293041
2019-12-09,40.75455731,-73.96592976,293042
2019-12-09,40.78145,-73.9183302,293042
2019-12-09,40.76227205,-73.98788205,293043
2019-12-09,40.74286877312112,-73.98918628692627,293043
2019-12-09,40.70140317257725,-73.98672670125961,293044
2019-12-09,40.69795031569544,-73.97077560424805,293044
2019-12-09,40.6679411,-73.9588,293045
2019-12-09,40.69610226,-73.96751037,293045
2019-12-09,40.72082834,-73.97793172,293046
2019-12-09,40.72706363348306,-73.99662137031554,293046
2019-12-09,40.74286877312112,-73.98918628692627,293047
2019-12-09,40.73704984,-73.99009296,293047
2019-12-09,40.7519071,-73.9479119,293048
2019-12-09,40.75325964,-73.94335788,293048
2019-12-09,40.76227205,-73.98788205,293049
2019-12-09,40.74286877312112,-73.98918628692627,293049
2019-12-09,40.77515953434235,-73.98918695747852,293050
2019-12-09,40.77163851,-73.98261428,293050
2019-12-09,40.75066386,-74.00176802,293051
2019-12-09,40.7505853470215,-73.9946848154068,293051
2019-12-09,40.69985,-73.97141,293052
2019-12-09,40.672695,-73.954131,293052
2019-12-09,40.6830456,-74.00348559,293053
2019-12-09,40.6881529,-73.99520919,293053
2019-12-09,40.75500254,-73.98014437,293054
2019-12-09,40.744219,-73.97121214,293054
2019-12-09,40.7652654,-73.98192338,293055
2019-12-09,40.76227205,-73.98788205,293055
2019-12-09,40.814394437915816,-73.95324736833572,293056
2019-12-09,40.8143256,-73.9590255,293056
2019-12-09,40.7457121,-73.98194829,293057
2019-12-09,40.736502,-73.97809472,293057
2019-12-09,40.72217444,-73.98368779,293058
2019-12-09,40.7284186,-73.98713956,293058
2019-12-09,40.72966729392978,-73.98067966103554,293059
2019-12-09,40.71939226,-74.00247214,293059
2019-12-09,40.754120810779256,-73.98025184869766,293060
2019-12-09,40.74173969,-73.99415556,293060
2019-12-09,40.8078316,-73.949373,293061
2019-12-09,40.7612274,-73.96094022,293061
2019-12-09,40.73587678,-73.98205027,293062
2019-12-09,40.751873,-73.977706,293062
2019-12-09,40.74487634,-73.99529885,293063
2019-12-09,40.74734825,-73.99723551,293063
2019-12-09,40.75500254,-73.98014437,293064
2019-12-09,40.754691750226016,-73.99740189313889,293064
2019-12-09,40.7857851,-73.957481,293065
2019-12-09,40.75019995,-73.99093085,293065
2019-12-09,40.761584,-73.925921,293066
2019-12-09,40.751047,-73.93797,293066
2019-12-09,40.75510267,-73.97498696,293067
2019-12-09,40.7652654,-73.98192338,293067
2019-12-09,40.76009437,-73.99461843,293068
2019-12-09,40.7923272,-73.9383,293068
2019-12-09,40.71893904,-73.99266288,293069
2019-12-09,40.71219906,-73.97948148,293069
2019-12-09,40.75898481399634,-73.99379968643188,293070
2019-12-09,40.76030096,-73.99884222,293070
2019-12-09,40.70708701,-73.95796783,293071
2019-12-09,40.694546087246025,-73.95801365375519,293071
2019-12-09,40.7801839724239,-73.97728532552719,293072
2019-12-09,40.7941654,-73.974124,293072
2019-12-09,40.74691959,-74.00451887,293073
2019-12-09,40.74475148,-73.99915362,293073
2019-12-09,40.75110165,-73.94073717,293074
2019-12-09,40.7596276,-73.9321455,293074
2019-12-09,40.72299208,-73.97995466,293075
2019-12-09,40.7208736,-73.98085795,293075
2019-12-09,40.75110165,-73.94073717,293076
2019-12-09,40.7713615,-73.9246145,293076
2019-12-09,40.73172428,-74.00674436,293077
2019-12-09,40.71748752,-74.0104554,293077
2019-12-09,40.73726186,-73.99238967,293078
2019-12-09,40.73944820130404,-74.00507032871246,293078
2019-12-09,40.72299208,-73.97995466,293079
2019-12-09,40.73704984,-73.99009296,293079
2019-12-09,40.73624527,-73.98473765,293080
2019-12-09,40.751581,-73.97791,293080
2019-12-09,40.70355377,-74.00670227,293081
2019-12-09,40.71427487,-73.98990025,293081
2019-12-09,40.68312489,-73.97895137,293082
2019-12-09,40.67890679,-73.94142771,293082
2019-12-09,40.7728384,-73.94989233,293083
2019-12-09,40.7687620293096,-73.95840793848038,293083
2019-12-09,40.74173969,-73.99415556,293084
2019-12-09,40.74691959,-74.00451887,293084
2019-12-09,40.74317449,-74.00366443,293085
2019-12-09,40.73381219196632,-73.98054420948029,293085
2019-12-09,40.73020660529954,-73.99102628231049,293086
2019-12-09,40.746647,-73.993915,293086
2019-12-09,40.69474881,-73.98362464,293087
2019-12-09,40.698458,-73.997178,293087
2019-12-09,40.7454973,-74.00197139,293088
2019-12-09,40.736502,-73.97809472,293088
2019-12-09,40.71739973,-73.98016555,293089
2019-12-09,40.71605866,-73.99190759,293089
2019-12-09,40.7568001,-73.98291153,293090
2019-12-09,40.7867947,-73.977112,293090
2019-12-09,40.76727216,-73.99392888,293091
2019-12-09,40.73535398,-74.00483091,293091
2019-12-09,40.69241829257847,-73.98949474096298,293092
2019-12-09,40.69308257,-73.97178913,293092
2019-12-09,40.7451677,-73.98683077,293093
2019-12-09,40.7505853470215,-73.9946848154068,293093
2019-12-09,40.77518615,-73.94446054,293094
2019-12-09,40.7949879,-73.9333349,293094
2019-12-09,40.73624527,-73.98473765,293095
2019-12-09,40.73704984,-73.99009296,293095
2019-12-09,40.76727216,-73.99392888,293096
2019-12-09,40.75594159,-74.0021163,293096
2019-12-09,40.75828065,-73.97069431,293097
2019-12-09,40.75714758,-73.97207836,293097
2019-12-09,40.799484,-73.955613,293098
2019-12-09,40.7806284,-73.9521667,293098
2019-12-09,40.77518615,-73.94446054,293099
2019-12-09,40.7949879,-73.9333349,293099
2019-12-09,40.715143,-73.944507,293100
2019-12-09,40.71816969454208,-73.95520135760307,293100
2019-12-09,40.715143,-73.944507,293101
2019-12-09,40.71924,-73.95242,293101
2019-12-09,40.739445,-73.976806,293102
2019-12-09,40.74311555376486,-73.98215353488922,293102
2019-12-09,40.77632142182271,-73.96427392959595,293104
2019-12-09,40.75255434,-73.97282625,293104
2019-12-09,40.72311651,-73.95212324,293105
2019-12-09,40.71260486,-73.96264403,293105
2019-12-09,40.72953837,-73.98426726,293106
2019-12-09,40.73269,-73.98974,293106
2019-12-09,40.7937704,-73.971888,293107
2019-12-09,40.8021174,-73.9681805305,293107
2019-12-09,40.69539817,-73.94954908,293108
2019-12-09,40.69757,-73.93098,293108
2019-12-09,40.73331967,-73.99510132,293109
2019-12-09,40.746647,-73.993915,293109
2019-12-09,40.74144387,-73.97536082,293110
2019-12-09,40.74444921,-73.98303529,293110
2019-12-09,40.777507027547976,-73.98888587951659,293111
2019-12-09,40.77149671054441,-73.99046033620834,293111
2019-12-09,40.7869946,-73.94164802,293112
2019-12-09,40.7892105,-73.94370784,293112
2019-12-09,40.72779126,-73.98564945,293113
2019-12-09,40.73331967,-73.99510132,293113
2019-12-09,40.680611,-73.99475825,293114
2019-12-09,40.6773429,-74.01275056,293114
2019-12-09,40.746745,-74.007756,293115
2019-12-09,40.74395411,-73.99144871,293115
2019-12-09,40.74780373,-73.9734419,293116
2019-12-09,40.73038599,-74.00214988,293116
2019-12-09,40.70255088,-73.98940236,293117
2019-12-09,40.69991755,-73.98971773,293117
2019-12-09,40.751047,-73.93797,293118
2019-12-09,40.757186,-73.932719,293118
2019-12-09,40.74286877312112,-73.98918628692627,293119
2019-12-09,40.7457121,-73.98194829,293119
2019-12-09,40.77112927,-73.95772297,293120
2019-12-09,40.76360467795863,-73.98917958140373,293120
2019-12-09,40.73935542,-73.99931783,293121
2019-12-09,40.73143724085228,-73.99490341544151,293121
2019-12-09,40.73624527,-73.98473765,293122
2019-12-09,40.7403432,-73.98955109,293122
2019-12-09,40.69681963,-73.93756926,293123
2019-12-09,40.69296,-73.91605,293123
2019-12-09,40.7869946,-73.94164802,293124
2019-12-09,40.7892105,-73.94370784,293124
2019-12-09,40.74173969,-73.99415556,293125
2019-12-09,40.72307749068673,-73.98583620786667,293125
2019-12-09,40.761584,-73.925921,293126
2019-12-09,40.7701477,-73.9120938,293126
2019-12-09,40.7689738,-73.95482273,293127
2019-12-09,40.77314236,-73.95856158,293127
2019-12-09,40.722103786686034,-73.99724900722504,293128
2019-12-09,40.70862144,-74.00722156,293128
2019-12-09,40.76302594280519,-73.97209525108337,293129
2019-12-09,40.76360467795863,-73.98917958140373,293129
2019-12-09,40.74937024193277,-73.99923384189606,293130
2019-12-09,40.73781509,-73.99994661,293130
2019-12-09,40.69241829257847,-73.98949474096298,293131
2019-12-09,40.71939226,-74.00247214,293131
2019-12-09,40.72951496224949,-73.99075269699097,293132
2019-12-09,40.72368361,-73.97574813,293132
2019-12-09,40.72951496224949,-73.99075269699097,293133
2019-12-09,40.72228087,-73.97668709,293133
2019-12-09,40.74144387,-73.97536082,293134
2019-12-09,40.751873,-73.977706,293134
2019-12-09,40.7597108,-73.97402311,293135
2019-12-09,40.773763,-73.96222088,293135
2019-12-09,40.72706363348306,-73.99662137031554,293136
2019-12-09,40.722103786686034,-73.99724900722504,293136
2019-12-09,40.75640548,-73.9900262,293137
2019-12-09,40.7568001,-73.98291153,293137
2019-12-09,40.72621788,-73.98379855,293138
2019-12-09,40.72951496224949,-73.99075269699097,293138
2019-12-09,40.68382604,-73.97632328,293139
2019-12-09,40.6704836,-73.98208968,293139
2019-12-09,40.6685455,-73.99333264,293140
2019-12-09,40.6772744,-73.98282002,293140
2019-12-09,40.7403432,-73.98955109,293141
2019-12-09,40.720747,-73.986274,293141
2019-12-09,40.77579376683666,-73.9762057363987,293142
2019-12-09,40.77118287540658,-73.96409422159195,293142
2019-12-09,40.76132983124814,-73.97982001304626,293143
2019-12-09,40.7575699,-73.99098507,293143
2019-12-09,40.7829391,-73.9786517,293144
2019-12-09,40.77801203,-73.95407149,293144
2019-12-09,40.77515953434235,-73.98918695747852,293145
2019-12-09,40.7829391,-73.9786517,293145
2019-12-09,40.76344058,-73.98268129,293146
2019-12-09,40.76727216,-73.99392888,293146
2019-12-09,40.74487634,-73.99529885,293147
2019-12-09,40.73221853,-73.98165557,293147
2019-12-09,40.73726186,-73.99238967,293148
2019-12-09,40.73587678,-73.98205027,293148
2019-12-09,40.70255065,-74.0127234,293149
2019-12-09,40.7158155,-73.99422366,293149
2019-12-09,40.72217444,-73.98368779,293150
2019-12-09,40.72217444,-73.98368779,293150
2019-12-09,40.70255065,-74.0127234,293151
2019-12-09,40.7158155,-73.99422366,293151
2019-12-09,40.75299641,-73.98721619,293152
2019-12-09,40.74964,-73.98805,293152
2019-12-09,40.704425,-73.92836,293153
2019-12-09,40.71907891179564,-73.94223690032959,293153
2019-12-09,40.71427487,-73.98990025,293154
2019-12-09,40.72368361,-73.97574813,293154
2019-12-09,40.72743423,-73.99379025,293155
2019-12-09,40.72307749068673,-73.98583620786667,293155
2019-12-09,40.751047,-73.93797,293156
2019-12-09,40.757186,-73.932719,293156
2019-12-09,40.679043,-74.011169,293157
2019-12-09,40.71450451,-74.00562789,293157
2019-12-09,40.72299208,-73.97995466,293158
2019-12-09,40.7208736,-73.98085795,293158
2019-12-09,40.74311555376486,-73.98215353488922,293159
2019-12-09,40.74901271,-73.98848395,293159
2019-12-09,40.76915505,-73.98191841,293160
2019-12-09,40.77149671054441,-73.99046033620834,293160
2019-12-09,40.75255434,-73.97282625,293161
2019-12-09,40.75500254,-73.98014437,293161
2019-12-09,40.76227205,-73.98788205,293162
2019-12-09,40.7575699,-73.99098507,293162
2019-12-09,40.78499979,-73.97283406,293163
2019-12-09,40.77536905,-73.94803392,293163
2019-12-09,40.680611,-73.99475825,293164
2019-12-09,40.6859296,-74.00242364,293164
2019-12-09,40.7699426,-73.96060712,293165
2019-12-09,40.76873687,-73.96119945,293165
2019-12-09,40.68691865,-73.976682,293166
2019-12-09,40.689888,-73.981013,293166
2019-12-09,40.75724567911726,-73.97805914282799,293167
2019-12-09,40.7546011026,-73.971878855,293167
2019-12-09,40.74286877312112,-73.98918628692627,293168
2019-12-09,40.751873,-73.977706,293168
2019-12-09,40.666287,-73.98895053,293169
2019-12-09,40.6772744,-73.98282002,293169
2019-12-09,40.76727216,-73.99392888,293170
2019-12-09,40.76087502,-74.00277668,293170
2019-12-09,40.66314,-73.9605695,293171
2019-12-09,40.68851534,-73.9647628,293171
2019-12-09,40.76030096,-73.99884222,293172
2019-12-09,40.75097711,-73.98765428,293172
2019-12-09,40.72521311,-73.97768752,293173
2019-12-09,40.73221853,-73.98165557,293173
2019-12-09,40.72903917,-73.99404649,293174
2019-12-09,40.71910537,-73.99973337,293174
2019-12-09,40.7475739589548,-73.9788007736206,293175
2019-12-09,40.7475739589548,-73.9788007736206,293175
2019-12-09,40.76269882,-73.99301222,293176
2019-12-09,40.75513557,-73.98658032,293176
2019-12-09,40.71485150526252,-74.01122331619263,293177
2019-12-09,40.789622,-73.97757,293177
2019-12-09,40.74475148,-73.99915362,293178
2019-12-09,40.72453734,-73.98185424,293178
2019-12-09,40.74144387,-73.97536082,293179
2019-12-09,40.809725,-73.953149,293179
2019-12-09,40.751396,-74.005226,293180
2019-12-09,40.7505853470215,-73.9946848154068,293180
2019-12-09,40.75097711,-73.98765428,293181
2019-12-09,40.73172428,-74.00674436,293181
2019-12-09,40.734814,-73.992085,293182
2019-12-09,40.72621788,-73.98379855,293182
2019-12-09,40.76915505,-73.98191841,293183
2019-12-09,40.76370739,-73.9851615,293183
2019-12-09,40.7801839724239,-73.97728532552719,293184
2019-12-09,40.802692,-73.96295,293184
2019-12-09,40.72494672359416,-74.00165855884552,293185
2019-12-09,40.72917025,-73.99810231,293185
2019-12-09,40.705517,-73.93936,293186
2019-12-09,40.71247661,-73.94100005,293186
2019-12-09,40.75651272984955,-73.92957486212252,293187
2019-12-09,40.751047,-73.93797,293187
2019-12-09,40.71816969454208,-73.95520135760307,293188
2019-12-09,40.71907891179564,-73.94223690032959,293188
2019-12-09,40.75660359,-73.9979009,293189
2019-12-09,40.73532427,-73.99800419,293189
2019-12-09,40.6737236,-73.9631611,293190
2019-12-09,40.68323865460341,-73.96599590778351,293190
2019-12-09,40.71625008,-74.0091059,293191
2019-12-09,40.72405549,-74.00965965,293191
2019-12-09,40.744219,-73.97121214,293192
2019-12-09,40.72521311,-73.97768752,293192
2019-12-09,40.71260486,-73.96264403,293193
2019-12-09,40.72966729392978,-73.98067966103554,293193
2019-12-09,40.74395411,-73.99144871,293194
2019-12-09,40.749156,-73.9916,293194
2019-12-09,40.76344058,-73.98268129,293195
2019-12-09,40.7575699,-73.99098507,293195
2019-12-09,40.72621788,-73.98379855,293196
2019-12-09,40.72951496224949,-73.99075269699097,293196
2019-12-09,40.74173969,-73.99415556,293197
2019-12-09,40.73535398,-74.00483091,293197
2019-12-09,40.715143,-73.944507,293198
2019-12-09,40.71929301,-73.94500379,293198
2019-12-09,40.74177603,-74.00149746,293199
2019-12-09,40.7454973,-74.00197139,293199
2019-12-09,40.72606,-73.95621,293200
2019-12-09,40.71260486,-73.96264403,293200
2019-12-09,40.7462009,-73.98855723,293201
2019-12-09,40.75066386,-74.00176802,293201
2019-12-09,40.76087502,-74.00277668,293202
2019-12-09,40.76341379,-73.99667444,293202
2019-12-09,40.72521311,-73.97768752,293203
2019-12-09,40.73912601,-73.97973776,293203
2019-12-09,40.7882213,-73.97041561,293204
2019-12-09,40.7867947,-73.977112,293204
2019-12-09,40.75299641,-73.98721619,293205
2019-12-09,40.7403432,-73.98955109,293205
2019-12-09,40.69543,-73.9196,293206
2019-12-09,40.71291224,-74.01020234,293206
2019-12-09,40.78307,-73.95939,293207
2019-12-09,40.799484,-73.955613,293207
2019-12-09,40.74286877312112,-73.98918628692627,293208
2019-12-09,40.73224119,-74.00026394,293208
2019-12-09,40.7747878,-73.9125551,293209
2019-12-09,40.7711528,-73.9170074,293209
2019-12-09,40.76068327096592,-73.9845272898674,293210
2019-12-09,40.754691750226016,-73.99740189313889,293210
2019-12-09,40.72299208,-73.97995466,293211
2019-12-09,40.714211,-73.981095,293211
2019-12-09,40.78307,-73.95939,293212
2019-12-09,40.799484,-73.955613,293212
2019-12-09,40.70255088,-73.98940236,293213
2019-12-09,40.69991755,-73.98971773,293213
2019-12-09,40.751396,-74.005226,293214
2019-12-09,40.73291553,-74.00711384,293214
2019-12-09,40.73726186,-73.99238967,293215
2019-12-09,40.7208736,-73.98085795,293215
2019-12-09,40.73038599,-74.00214988,293216
2019-12-09,40.722103786686034,-73.99724900722504,293216
2019-12-09,40.77282817,-73.96685276,293217
2019-12-09,40.8021174,-73.9681805305,293217
2019-12-09,40.69539817,-73.94954908,293218
2019-12-09,40.69331716,-73.95381995,293218
2019-12-09,40.70530954,-74.00612572,293219
2019-12-09,40.722055,-73.989111,293219
2019-12-09,40.694281141397326,-73.99230033159256,293220
2019-12-09,40.6849894,-73.99440329,293220
2019-12-09,40.711066,-74.009447,293221
2019-12-09,40.71939226,-74.00247214,293221
2019-12-09,40.72903917,-73.99404649,293222
2019-12-09,40.741459,-73.983293,293222
2019-12-09,40.75724567911726,-73.97805914282799,293223
2019-12-09,40.74394314,-73.97966069,293223
2019-12-09,40.74096374,-73.98602213,293224
2019-12-09,40.76087502,-74.00277668,293224
2019-12-09,40.7208736,-73.98085795,293225
2019-12-09,40.720747,-73.986274,293225
2019-12-09,40.7835016,-73.955327,293226
2019-12-09,40.77565541,-73.95068615,293226
2019-12-09,40.73223272,-73.98889957,293227
2019-12-09,40.76009437,-73.99461843,293227
2019-12-09,40.70905623,-74.01043382,293228
2019-12-09,40.70838,-74.00495,293228
2019-12-09,40.75934501,-73.96759673,293229
2019-12-09,40.7381765,-73.97738662,293229
2019-12-09,40.770513,-73.988038,293230
2019-12-09,40.7575699,-73.99098507,293230
2019-12-09,40.6853761,-73.98302136,293231
2019-12-09,40.6792788,-73.98154004,293231
2019-12-09,40.74238787,-73.99726235,293232
2019-12-09,40.74345335,-74.00004031,293232
2019-12-09,40.72405549,-74.00965965,293233
2019-12-09,40.71602118,-73.99974372,293233
2019-12-09,40.71534825,-73.96024116,293234
2019-12-09,40.71286844,-73.95698119,293234
2019-12-09,40.77492513,-73.98266566,293235
2019-12-09,40.805973,-73.964928,293235
2019-12-09,40.7381765,-73.97738662,293236
2019-12-09,40.74096374,-73.98602213,293236
2019-12-09,40.69839895,-73.98068914,293237
2019-12-09,40.724308321602166,-74.00473035871983,293237
2019-12-09,40.76915505,-73.98191841,293238
2019-12-09,40.74444921,-73.98303529,293238
2019-12-09,40.7580583,-73.9242751,293239
2019-12-09,40.756913,-73.921631,293239
2019-12-09,40.6809833854,-73.9500479759,293240
2019-12-09,40.682601,-73.938037,293240
2019-12-09,40.805973,-73.964928,293241
2019-12-09,40.7734066,-73.97782542,293241
2019-12-09,40.7747878,-73.9125551,293242
2019-12-09,40.7557327,-73.9236611,293242
2019-12-09,40.7381765,-73.97738662,293243
2019-12-09,40.74901271,-73.98848395,293243
2019-12-09,40.713126,-73.984844,293244
2019-12-09,40.71427487,-73.98990025,293244
2019-12-09,40.813358,-73.956461,293245
2019-12-09,40.8143256,-73.9590255,293245
2019-12-09,40.71782143,-73.97628939,293246
2019-12-09,40.751873,-73.977706,293246
2019-12-09,40.7675487799971,-73.9209334552288,293247
2019-12-09,40.761584,-73.925921,293247
2019-12-09,40.749717753,-74.002950346,293248
2019-12-09,40.74173969,-73.99415556,293248
2019-12-09,40.76227205,-73.98788205,293249
2019-12-09,40.75510267,-73.97498696,293249
2019-12-09,40.74334935,-74.00681753,293250
2019-12-09,40.73291553,-74.00711384,293250
2019-12-09,40.6777748,-74.0094613,293251
2019-12-09,40.68506807308177,-73.97790759801863,293251
2019-12-09,40.72362738,-73.99949601,293252
2019-12-09,40.72917025,-73.99810231,293252
2019-12-09,40.718822,-73.99596,293253
2019-12-09,40.722055,-73.989111,293253
2019-12-09,40.73047747,-73.99906065,293254
2019-12-09,40.73020660529954,-73.99102628231049,293254
2019-12-09,40.722103786686034,-73.99724900722504,293255
2019-12-09,40.74173969,-73.99415556,293255
2019-12-09,40.739445,-73.976806,293256
2019-12-09,40.749156,-73.9916,293256
2019-12-09,40.72019576,-73.98997825,293257
2019-12-09,40.71406667,-73.99293911,293257
2019-12-09,40.801694,-73.957145,293258
2019-12-09,40.791976,-73.945993,293258
2019-12-09,40.71625008,-74.0091059,293259
2019-12-09,40.71748752,-74.0104554,293259
2019-12-09,40.72229346,-73.99147535,293260
2019-12-09,40.720747,-73.986274,293260
2019-12-09,40.751551,-73.993934,293261
2019-12-09,40.75066386,-74.00176802,293261
2019-12-09,40.72706363348306,-73.99662137031554,293262
2019-12-09,40.73535398,-74.00483091,293262
2019-12-09,40.73172428,-74.00674436,293263
2019-12-09,40.73223272,-73.98889957,293263
2019-12-09,40.7037992,-74.00838676,293264
2019-12-09,40.71076228,-73.99400398,293264
2019-12-09,40.746647,-73.993915,293265
2019-12-09,40.749717753,-74.002950346,293265
2019-12-09,40.75500254,-73.98014437,293266
2019-12-09,40.75714758,-73.97207836,293266
2019-12-09,40.81,-73.9551508,293267
2019-12-09,40.8045555,-73.9396861,293267
2019-12-09,40.6777287,-73.99364123,293268
2019-12-09,40.6802133,-73.98432695,293268
2019-12-09,40.74765947,-73.98490707,293269
2019-12-09,40.73624527,-73.98473765,293269
2019-12-09,40.72903917,-73.99404649,293270
2019-12-09,40.7505853470215,-73.9946848154068,293270
2019-12-09,40.746745,-74.007756,293271
2019-12-09,40.75898481399634,-73.99379968643188,293271
2019-12-09,40.69957608,-73.94708417,293272
2019-12-09,40.69196035,-73.96536851,293272
2019-12-09,40.74691959,-74.00451887,293273
2019-12-09,40.75594159,-74.0021163,293273
2019-12-09,40.69331716,-73.95381995,293274
2019-12-09,40.66314,-73.9605695,293274
2019-12-09,40.724308321602166,-74.00473035871983,293275
2019-12-09,40.75466591,-73.99138152,293275
2019-12-09,40.75299641,-73.98721619,293276
2019-12-09,40.73020660529954,-73.99102628231049,293276
2019-12-09,40.74096374,-73.98602213,293277
2019-12-09,40.751873,-73.977706,293277
2019-12-09,40.7892105,-73.94370784,293278
2019-12-09,40.7839636,-73.9471673,293278
2019-12-09,40.72953837,-73.98426726,293279
2019-12-09,40.72966729392978,-73.98067966103554,293279
2019-12-09,40.7475739589548,-73.9788007736206,293280
2019-12-09,40.75466591,-73.99138152,293280
2019-12-09,40.74286877312112,-73.98918628692627,293281
2019-12-09,40.749156,-73.9916,293281
2019-12-09,40.73314259,-73.97573881,293282
2019-12-09,40.73912601,-73.97973776,293282
2019-12-09,40.75001986,-73.96905301,293283
2019-12-09,40.76227205,-73.98788205,293283
2019-12-09,40.6729679,-73.97087984,293284
2019-12-09,40.668132,-73.97363831,293284
2019-12-09,40.72903917,-73.99404649,293285
2019-12-09,40.74901271,-73.98848395,293285
2019-12-09,40.713811,-73.93515,293286
2019-12-09,40.71247661,-73.94100005,293286
2019-12-09,40.74290902,-73.97706058,293287
2019-12-09,40.7489006,-73.97604882,293287
2019-12-09,40.74317449,-74.00366443,293288
2019-12-09,40.746745,-74.007756,293288
2019-12-09,40.75097711,-73.98765428,293289
2019-12-09,40.75466591,-73.99138152,293289
2019-12-09,40.70099,-73.93921,293290
2019-12-09,40.72557,-73.94434,293290
2019-12-09,40.74395411,-73.99144871,293291
2019-12-09,40.73912601,-73.97973776,293291
2019-12-09,40.8038654,-73.9559308,293292
2019-12-09,40.7652654,-73.98192338,293292
2019-12-09,40.739323,-74.008119,293293
2019-12-09,40.73224119,-74.00026394,293293
2019-12-09,40.668132,-73.97363831,293294
2019-12-09,40.6737236,-73.9631611,293294
2019-12-09,40.74144387,-73.97536082,293295
2019-12-09,40.749156,-73.9916,293295
2019-12-09,40.74311555376486,-73.98215353488922,293296
2019-12-09,40.73912601,-73.97973776,293296
2019-12-09,40.75455731,-73.96592976,293297
2019-12-09,40.777507027547976,-73.98888587951659,293297
2019-12-09,40.69236178,-73.98631746,293298
2019-12-09,40.675146838709786,-73.97523209452629,293298
2019-12-09,40.663779,-73.98396846,293299
2019-12-09,40.6812117,-74.00860912,293299
2019-12-09,40.74964,-73.98805,293300
2019-12-09,40.77140426,-73.9535166,293300
2019-12-09,40.74322681432173,-73.97449783980846,293301
2019-12-09,40.73912601,-73.97973776,293301
2019-12-09,40.751396,-74.005226,293302
2019-12-09,40.7505853470215,-73.9946848154068,293302
2019-12-09,40.7037992,-74.00838676,293303
2019-12-09,40.71739973,-73.98016555,293303
2019-12-09,40.73381219196632,-73.98054420948029,293304
2019-12-09,40.73314259,-73.97573881,293304
2019-12-09,40.72066442,-73.98517977,293305
2019-12-09,40.73704984,-73.99009296,293305
2019-12-09,40.8078316,-73.949373,293306
2019-12-09,40.80756,-73.939182,293306
2019-12-09,40.7568001,-73.98291153,293307
2019-12-09,40.73912601,-73.97973776,293307
2019-12-09,40.75110165,-73.94073717,293308
2019-12-09,40.7671863,-73.9373554,293308
2019-12-09,40.68683208,-73.9796772,293309
2019-12-09,40.6802133,-73.98432695,293309
2019-12-09,40.72019521437465,-74.0103006362915,293310
2019-12-09,40.751873,-73.977706,293310
2019-12-09,40.76350532,-73.97109243,293311
2019-12-09,40.78720869,-73.98128127,293311
2019-12-09,40.71622644,-73.98261206,293312
2019-12-09,40.7208736,-73.98085795,293312
2019-12-09,40.76269882,-73.99301222,293313
2019-12-09,40.76068327096592,-73.9845272898674,293313
2019-12-09,40.6610633719006,-73.97945255041122,293314
2019-12-09,40.6729679,-73.97087984,293314
2019-12-09,40.74901271,-73.98848395,293315
2019-12-09,40.75466591,-73.99138152,293315
2019-12-09,40.6772744,-73.98282002,293316
2019-12-09,40.6763947,-73.99869893,293316
2019-12-09,40.72362738,-73.99949601,293317
2019-12-09,40.73291553,-74.00711384,293317
2019-12-09,40.74317449,-74.00366443,293318
2019-12-09,40.752165280621966,-73.97992193698882,293318
2019-12-09,40.76132983124814,-73.97982001304626,293319
2019-12-09,40.78524672,-73.97667321,293319
2019-12-09,40.75466591,-73.99138152,293320
2019-12-09,40.751873,-73.977706,293320
2019-12-09,40.7689738,-73.95482273,293321
2019-12-09,40.77801203,-73.95407149,293321
2019-12-09,40.72362738,-73.99949601,293322
2019-12-09,40.73291553,-74.00711384,293322
2019-12-09,40.7158155,-73.99422366,293323
2019-12-09,40.72740794,-73.98142006,293323
2019-12-09,40.74901271,-73.98848395,293324
2019-12-09,40.75466591,-73.99138152,293324
2019-12-09,40.71893904,-73.99266288,293325
2019-12-09,40.71850211,-73.98329859,293325
2019-12-09,40.7568001,-73.98291153,293326
2019-12-09,40.741459,-73.983293,293326
2019-12-09,40.73532427,-73.99800419,293327
2019-12-09,40.73624527,-73.98473765,293327
2019-12-09,40.72606,-73.95621,293328
2019-12-09,40.74232744,-73.95411749,293328
2019-12-09,40.7633589,-73.9286471,293329
2019-12-09,40.7682,-73.9322662,293329
2019-12-09,40.73224119,-74.00026394,293330
2019-12-09,40.73291553,-74.00711384,293330
2019-12-09,40.70905623,-74.01043382,293331
2019-12-09,40.72966729392978,-73.98067966103554,293331
2019-12-09,40.6750207,-73.97111473,293332
2019-12-09,40.6769694,-73.96579,293332
2019-12-09,40.74286877312112,-73.98918628692627,293333
2019-12-09,40.7403432,-73.98955109,293333
2019-12-09,40.711066,-74.009447,293334
2019-12-09,40.70955958,-74.00653609,293334
2019-12-09,40.73532427,-73.99800419,293335
2019-12-09,40.74173969,-73.99415556,293335
2019-12-09,40.6765304,-73.97846879,293336
2019-12-09,40.68323865460341,-73.96599590778351,293336
2019-12-09,40.6802133,-73.98432695,293337
2019-12-09,40.6809741,-73.9710097,293337
2019-12-09,40.69102925677968,-73.99183362722397,293338
2019-12-09,40.7505853470215,-73.9946848154068,293338
2019-12-09,40.7652654,-73.98192338,293339
2019-12-09,40.74901271,-73.98848395,293339
2019-12-09,40.78499979,-73.97283406,293340
2019-12-09,40.7770575,-73.97898475,293340
2019-12-09,40.711863,-73.944024,293341
2019-12-09,40.710451,-73.960876,293341
2019-12-09,40.751396,-74.005226,293342
2019-12-09,40.7454973,-74.00197139,293342
2019-12-09,40.75466591,-73.99138152,293343
2019-12-09,40.75500254,-73.98014437,293343
2019-12-09,40.75066386,-74.00176802,293344
2019-12-09,40.717571,-74.005549,293344
2019-12-09,40.6740123,-73.9671457,293345
2019-12-09,40.6795766,-73.97854971,293345
2019-12-09,40.76915505,-73.98191841,293346
2019-12-09,40.768254,-73.988639,293346
2019-12-09,40.791976,-73.945993,293347
2019-12-09,40.7981856,-73.9605909006,293347
2019-12-09,40.7403432,-73.98955109,293348
2019-12-09,40.738046142482766,-73.99642959237099,293348
2019-12-09,40.695065,-73.987167,293349
2019-12-09,40.6902375,-73.99203074,293349
2019-12-09,40.75466591,-73.99138152,293350
2019-12-09,40.7568001,-73.98291153,293350
2019-12-09,40.73314259,-73.97573881,293351
2019-12-09,40.73587678,-73.98205027,293351
2019-12-09,40.751396,-74.005226,293352
2019-12-09,40.74475148,-73.99915362,293352
2019-12-09,40.7262807,-73.98978041,293353
2019-12-09,40.72082834,-73.97793172,293353
2019-12-09,40.76350532,-73.97109243,293354
2019-12-09,40.76590936,-73.97634151,293354
2019-12-09,40.6662078,-73.98199886,293355
2019-12-09,40.668127,-73.98377641,293355
2019-12-09,40.71406667,-73.99293911,293356
2019-12-09,40.72019576,-73.98997825,293356
2019-12-09,40.69241829257847,-73.98949474096298,293357
2019-12-09,40.70037867,-73.99548059,293357
2019-12-09,40.74311555376486,-73.98215353488922,293358
2019-12-09,40.72917025,-73.99810231,293358
2019-12-09,40.716887,-73.963198,293359
2019-12-09,40.71605866,-73.99190759,293359
2019-12-09,40.69241829257847,-73.98949474096298,293360
2019-12-09,40.69760127,-73.99344559,293360
2019-12-09,40.7921,-73.9739,293361
2019-12-09,40.795,-73.9645,293361
2019-12-09,40.75206862,-73.96784384,293362
2019-12-09,40.76227205,-73.98788205,293362
2019-12-09,40.6853761,-73.98302136,293363
2019-12-09,40.69236178,-73.98631746,293363
2019-12-09,40.72706363348306,-73.99662137031554,293364
2019-12-09,40.73172428,-74.00674436,293364
2019-12-09,40.770513,-73.988038,293365
2019-12-09,40.7489006,-73.97604882,293365
2019-12-09,40.759107,-73.959223,293366
2019-12-09,40.7575699,-73.99098507,293366
2019-12-09,40.71247661,-73.94100005,293367
2019-12-09,40.71019,-73.93734,293367
2019-12-09,40.72405549,-74.00965965,293368
2019-12-09,40.701907,-74.013942,293368
2019-12-09,40.735445,-73.99431,293369
2019-12-09,40.74173969,-73.99415556,293369
2019-12-09,40.754120810779256,-73.98025184869766,293370
2019-12-09,40.73454567,-73.99074142,293370
2019-12-09,40.70684203101325,-73.9544353965357,293371
2019-12-09,40.71534825,-73.96024116,293371
2019-12-09,40.69535693320225,-73.99344027042389,293372
2019-12-09,40.6902375,-73.99203074,293372
2019-12-09,40.746745,-74.007756,293373
2019-12-09,40.75660359,-73.9979009,293373
2019-12-09,40.73652889,-74.00618026,293374
2019-12-09,40.73172428,-74.00674436,293374
2019-12-09,40.7505853470215,-73.9946848154068,293375
2019-12-09,40.74937024193277,-73.99923384189606,293375
2019-12-09,40.74394314,-73.97966069,293376
2019-12-09,40.77140426,-73.9535166,293376
2019-12-09,40.76132983124814,-73.97982001304626,293377
2019-12-09,40.7734066,-73.97782542,293377
2019-12-09,40.741459,-73.983293,293378
2019-12-09,40.744219,-73.97121214,293378
2019-12-09,40.74144387,-73.97536082,293379
2019-12-09,40.74780373,-73.9734419,293379
2019-12-09,40.68506807308177,-73.97790759801863,293380
2019-12-09,40.69580705,-73.97355569,293380
2019-12-09,40.70140317257725,-73.98672670125961,293381
2019-12-09,40.6809741,-73.9710097,293381
2019-12-09,40.75038009,-73.98338988,293382
2019-12-09,40.73047309,-73.98672378,293382
2019-12-09,40.67267243410948,-74.0087952464819,293383
2019-12-09,40.680611,-73.99475825,293383
2019-12-09,40.752269,-73.982079,293384
2019-12-09,40.74096374,-73.98602213,293384
2019-12-09,40.7277140777778,-74.01129573583603,293385
2019-12-09,40.71622644,-73.98261206,293385
2019-12-09,40.734232,-73.986923,293386
2019-12-09,40.808442,-73.9452087,293386
2019-12-09,40.71748752,-74.0104554,293387
2019-12-09,40.71559509,-73.9870295,293387
2019-12-09,40.75186951421875,-73.93349289894103,293388
2019-12-09,40.7699176,-73.9184057,293388
2019-12-09,40.7475739589548,-73.9788007736206,293389
2019-12-09,40.75466591,-73.99138152,293389
2019-12-09,40.75724567911726,-73.97805914282799,293390
2019-12-09,40.74286877312112,-73.98918628692627,293390
2019-12-09,40.78948541553215,-73.95242929458618,293391
2019-12-09,40.7839636,-73.9471673,293391
2019-12-09,40.74096374,-73.98602213,293392
2019-12-09,40.73221853,-73.98165557,293392
2019-12-09,40.7239567849954,-73.94984364509583,293393
2019-12-09,40.724812564400175,-73.94752621650696,293393
2019-12-09,40.73314259,-73.97573881,293394
2019-12-09,40.74395411,-73.99144871,293394
2019-12-09,40.69957608,-73.94708417,293395
2019-12-09,40.693261,-73.968896,293395
2019-12-09,40.73587678,-73.98205027,293396
2019-12-09,40.749156,-73.9916,293396
2019-12-09,40.76500525,-73.95818491,293397
2019-12-09,40.74252,-73.948852,293397
2019-12-09,40.75510267,-73.97498696,293398
2019-12-09,40.744219,-73.97121214,293398
2019-12-09,40.739445,-73.976806,293399
2019-12-09,40.7284186,-73.98713956,293399
2019-12-09,40.72903917,-73.99404649,293400
2019-12-09,40.72953837,-73.98426726,293400
2019-12-09,40.70905623,-74.01043382,293401
2019-12-09,40.71076228,-73.99400398,293401
2019-12-09,40.74322681432173,-73.97449783980846,293402
2019-12-09,40.77801203,-73.95407149,293402
2019-12-09,40.75172632,-73.98753523,293403
2019-12-09,40.751873,-73.977706,293403
2019-12-09,40.76350532,-73.97109243,293404
2019-12-09,40.7689738,-73.95482273,293404
2019-12-09,40.70510918,-73.94407279,293405
2019-12-09,40.711863,-73.944024,293405
2019-12-09,40.76350532,-73.97109243,293406
2019-12-09,40.7770575,-73.97898475,293406
2019-12-09,40.70717936,-74.00887308,293407
2019-12-09,40.72325,-73.94308,293407
2019-12-09,40.71450451,-74.00562789,293408
2019-12-09,40.7390169121,-74.0026376103,293408
2019-12-09,40.68841,-73.979458,293409
2019-12-09,40.68312489,-73.97895137,293409
2019-12-09,40.74395411,-73.99144871,293410
2019-12-09,40.73047747,-73.99906065,293410
2019-12-09,40.75992262,-73.97648516,293411
2019-12-09,40.75022392,-73.97121414,293411
2019-12-09,40.7919557,-73.968087,293412
2019-12-09,40.79017948095081,-73.97288918495178,293412
2019-12-09,40.76068327096592,-73.9845272898674,293413
2019-12-09,40.76269882,-73.99301222,293413
2019-12-09,40.73454567,-73.99074142,293414
2019-12-09,40.74275382865903,-74.00747358798981,293414
2019-12-09,40.8109494,-73.9634,293415
2019-12-09,40.7612274,-73.96094022,293415
2019-12-09,40.76030096,-73.99884222,293416
2019-12-09,40.751551,-73.993934,293416
2019-12-09,40.77896784,-73.97374737,293417
2019-12-09,40.7734066,-73.97782542,293417
2019-12-09,40.746745,-74.007756,293418
2019-12-09,40.74238787,-73.99726235,293418
2019-12-09,40.78057799010334,-73.98562431335449,293419
2019-12-09,40.78414472,-73.98362492,293419
2019-12-09,40.68962188790333,-73.98304268717766,293420
2019-12-09,40.69128258,-73.9452416,293420
2019-12-09,40.75097711,-73.98765428,293421
2019-12-09,40.76087502,-74.00277668,293421
2019-12-09,40.77896784,-73.97374737,293422
2019-12-09,40.7734066,-73.97782542,293422
2019-12-09,40.77966809007312,-73.98093044757842,293423
2019-12-09,40.7941654,-73.974124,293423
2019-12-09,40.6804836,-73.9646795,293424
2019-12-09,40.68186,-73.959432,293424
2019-12-09,40.722055,-73.989111,293425
2019-12-09,40.70530954,-74.00612572,293425
2019-12-09,40.7785669,-73.97754961,293426
2019-12-09,40.799484,-73.955613,293426
2019-12-09,40.7208736,-73.98085795,293427
2019-12-09,40.73401143,-74.00293877,293427
2019-12-09,40.73381219196632,-73.98054420948029,293428
2019-12-09,40.74322681432173,-73.97449783980846,293428
2019-12-09,40.71413089,-73.9970468,293429
2019-12-09,40.71748752,-74.0104554,293429
2019-12-09,40.7208736,-73.98085795,293430
2019-12-09,40.728846,-74.008591,293430
2019-12-09,40.72019521437465,-74.0103006362915,293431
2019-12-09,40.71273266,-74.0046073,293431
2019-12-09,40.7403432,-73.98955109,293432
2019-12-09,40.73020660529954,-73.99102628231049,293432
2019-12-09,40.74096374,-73.98602213,293433
2019-12-09,40.75255434,-73.97282625,293433
2019-12-09,40.7475739589548,-73.9788007736206,293434
2019-12-09,40.73381219196632,-73.98054420948029,293434
2019-12-09,40.70955958,-74.00653609,293435
2019-12-09,40.70569254,-74.01677685,293435
2019-12-09,40.7892105,-73.94370784,293436
2019-12-09,40.7435337324616,-74.00367558002472,293436
2019-12-09,40.71427487,-73.98990025,293437
2019-12-09,40.72229346,-73.99147535,293437
2019-12-09,40.746745,-74.007756,293438
2019-12-09,40.7505853470215,-73.9946848154068,293438
2019-12-09,40.752269,-73.982079,293439
2019-12-09,40.74286877312112,-73.98918628692627,293439
2019-12-09,40.682601,-73.938037,293440
2019-12-09,40.6851443,-73.95380904,293440
2019-12-09,40.69241829257847,-73.98949474096298,293441
2019-12-09,40.69608941,-73.97803415,293441
2019-12-09,40.76068327096592,-73.9845272898674,293442
2019-12-09,40.76370739,-73.9851615,293442
2019-12-09,40.7172274,-73.98802084,293443
2019-12-09,40.72082834,-73.97793172,293443
2019-12-09,40.714211,-73.981095,293444
2019-12-09,40.70122128,-74.01234218,293444
2019-12-09,40.7037992,-74.00838676,293445
2019-12-09,40.70905623,-74.01043382,293445
2019-12-09,40.78057799010334,-73.98562431335449,293446
2019-12-09,40.78720869,-73.98128127,293446
2019-12-09,40.73704984,-73.99009296,293447
2019-12-09,40.73704984,-73.99009296,293447
2019-12-09,40.71605866,-73.99190759,293448
2019-12-09,40.71625008,-74.0091059,293448
2019-12-09,40.73020660529954,-73.99102628231049,293449
2019-12-09,40.74734825,-73.99723551,293449
2019-12-09,40.74144387,-73.97536082,293450
2019-12-09,40.751873,-73.977706,293450
2019-12-09,40.73535398,-74.00483091,293451
2019-12-09,40.72706363348306,-73.99662137031554,293451
2019-12-09,40.74286877312112,-73.98918628692627,293452
2019-12-09,40.717571,-74.005549,293452
2019-12-09,40.76727216,-73.99392888,293453
2019-12-09,40.76019252,-73.9912551,293453
2019-12-09,40.754120810779256,-73.98025184869766,293454
2019-12-09,40.74238787,-73.99726235,293454
2019-12-09,40.70224,-73.982578,293455
2019-12-09,40.69221589,-73.9842844,293455
2019-12-09,40.77801203,-73.95407149,293456
2019-12-09,40.77536905,-73.94803392,293456
2019-12-09,40.72307749068673,-73.98583620786667,293457
2019-12-09,40.72082834,-73.97793172,293457
2019-12-09,40.72966729392978,-73.98067966103554,293458
2019-12-09,40.72903917,-73.99404649,293458
2019-12-09,40.75929124,-73.98859651,293459
2019-12-09,40.7801839724239,-73.97728532552719,293459
2019-12-09,40.71893904,-73.99266288,293460
2019-12-09,40.72229346,-73.99147535,293460
2019-12-09,40.74317449,-74.00366443,293461
2019-12-09,40.73020660529954,-73.99102628231049,293461
2019-12-09,40.74286877312112,-73.98918628692627,293462
2019-12-09,40.717571,-74.005549,293462
2019-12-09,40.75500254,-73.98014437,293463
2019-12-09,40.751551,-73.993934,293463
2019-12-09,40.68851534,-73.9647628,293464
2019-12-09,40.693261,-73.968896,293464
2019-12-09,40.715143,-73.944507,293465
2019-12-09,40.72325,-73.94308,293465
2019-12-09,40.6881529,-73.99520919,293466
2019-12-09,40.6849668,-73.98620772,293466
2019-12-09,40.8067581,-73.9607082,293467
2019-12-09,40.804213,-73.96699104,293467
2019-12-09,40.73181401720966,-73.95995020866394,293468
2019-12-09,40.72606,-73.95621,293468
2019-12-09,40.68506807308177,-73.97790759801863,293469
2019-12-09,40.68650065,-73.96563307,293469
2019-12-09,40.72217444,-73.98368779,293470
2019-12-09,40.73221853,-73.98165557,293470
2019-12-09,40.746745,-74.007756,293471
2019-12-09,40.7505853470215,-73.9946848154068,293471
2019-12-09,40.724308321602166,-74.00473035871983,293472
2019-12-09,40.73652889,-74.00618026,293472
2019-12-09,40.74475148,-73.99915362,293473
2019-12-09,40.746745,-74.007756,293473
2019-12-09,40.713126,-73.984844,293474
2019-12-09,40.72307749068673,-73.98583620786667,293474
2019-12-09,40.668132,-73.97363831,293475
2019-12-09,40.6610633719006,-73.97945255041122,293475
2019-12-09,40.7403432,-73.98955109,293476
2019-12-09,40.73704984,-73.99009296,293476
2019-12-09,40.74173969,-73.99415556,293477
2019-12-09,40.75097711,-73.98765428,293477
2019-12-09,40.6802133,-73.98432695,293478
2019-12-09,40.6704922,-73.98541675,293478
2019-12-09,40.7457121,-73.98194829,293479
2019-12-09,40.74937024193277,-73.99923384189606,293479
2019-12-09,40.735445,-73.99431,293480
2019-12-09,40.72746420692392,-73.97950418293476,293480
2019-12-09,40.7403432,-73.98955109,293481
2019-12-09,40.734814,-73.992085,293481
2019-12-09,40.704508,-73.9351,293482
2019-12-09,40.70767788,-73.94016171,293482
2019-12-09,40.72019521437465,-74.0103006362915,293483
2019-12-09,40.7153379,-74.01658354,293483
2019-12-09,40.74731,-73.95451,293484
2019-12-09,40.75473,-73.93367,293484
2019-12-09,40.73221853,-73.98165557,293485
2019-12-09,40.73971301,-73.99456405,293485
2019-12-09,40.75500254,-73.98014437,293486
2019-12-09,40.744219,-73.97121214,293486
2019-12-09,40.76350532,-73.97109243,293487
2019-12-09,40.744219,-73.97121214,293487
2019-12-09,40.76019252,-73.9912551,293488
2019-12-09,40.75066386,-74.00176802,293488
2019-12-09,40.74286877312112,-73.98918628692627,293489
2019-12-09,40.73587678,-73.98205027,293489
2019-12-09,40.768254,-73.988639,293490
2019-12-09,40.751551,-73.993934,293490
2019-12-09,40.76915505,-73.98191841,293491
2019-12-09,40.77149671054441,-73.99046033620834,293491
2019-12-09,40.7862586,-73.94552579,293492
2019-12-09,40.77536905,-73.94803392,293492
2019-12-09,40.7546011026,-73.971878855,293493
2019-12-09,40.749156,-73.9916,293493
2019-12-09,40.71745169,-73.95850939,293494
2019-12-09,40.71285887,-73.96590294,293494
2019-12-09,40.72036775298455,-73.96165072917938,293495
2019-12-09,40.71773,-73.94051,293495
2019-12-09,40.76350532,-73.97109243,293496
2019-12-09,40.75510267,-73.97498696,293496
2019-12-09,40.76350532,-73.97109243,293497
2019-12-09,40.75510267,-73.97498696,293497
2019-12-09,40.72317958,-73.99480012,293498
2019-12-09,40.7172274,-73.98802084,293498
2019-12-09,40.73221853,-73.98165557,293499
2019-12-09,40.7462009,-73.98855723,293499
2019-12-09,40.73314259,-73.97573881,293500
2019-12-09,40.739445,-73.976806,293500
2019-12-09,40.71748752,-74.0104554,293501
2019-12-09,40.711066,-74.009447,293501
2019-12-09,40.8008363,-73.9664492472,293502
2019-12-09,40.805973,-73.964928,293502
2019-12-09,40.75466591,-73.99138152,293503
2019-12-09,40.735367055605394,-73.98797392845154,293503
2019-12-09,40.71450451,-74.00562789,293504
2019-12-09,40.7277140777778,-74.01129573583603,293504
2019-12-09,40.8086249,-73.9596214,293505
2019-12-09,40.79406660818552,-73.96286845207214,293505
2019-12-09,40.695065,-73.987167,293506
2019-12-09,40.680944723477296,-73.97567331790923,293506
2019-12-09,40.68506807308177,-73.97790759801863,293507
2019-12-09,40.6881529,-73.99520919,293507
2019-12-09,40.72456089,-73.99565293,293508
2019-12-09,40.7277140777778,-74.01129573583603,293508
2019-12-09,40.7612274,-73.96094022,293509
2019-12-09,40.72299208,-73.97995466,293509
2019-12-09,40.74177603,-74.00149746,293510
2019-12-09,40.73726186,-73.99238967,293510
2019-12-09,40.72502876,-73.99069656,293511
2019-12-09,40.72228087,-73.97668709,293511
2019-12-09,40.72951496224949,-73.99075269699097,293512
2019-12-09,40.72779126,-73.98564945,293512
2019-12-09,40.70717936,-74.00887308,293513
2019-12-09,40.71273266,-74.0046073,293513
2019-12-09,40.73172428,-74.00674436,293514
2019-12-09,40.72706363348306,-73.99662137031554,293514
2019-12-09,40.744219,-73.97121214,293515
2019-12-09,40.73912601,-73.97973776,293515
2019-12-09,40.74177603,-74.00149746,293516
2019-12-09,40.746745,-74.007756,293516
2019-12-09,40.70255088,-73.98940236,293517
2019-12-09,40.702461,-73.986842,293517
2019-12-09,40.74901271,-73.98848395,293518
2019-12-09,40.751873,-73.977706,293518
2019-12-09,40.74096374,-73.98602213,293519
2019-12-09,40.7381765,-73.97738662,293519
2019-12-09,40.76350532,-73.97109243,293520
2019-12-09,40.744219,-73.97121214,293520
2019-12-09,40.746647,-73.993915,293521
2019-12-09,40.74238787,-73.99726235,293521
2019-12-09,40.6867443,-73.99063168,293522
2019-12-09,40.69102925677968,-73.99183362722397,293522
2019-12-09,40.72706363348306,-73.99662137031554,293523
2019-12-09,40.718822,-73.99596,293523
2019-12-09,40.72405549,-74.00965965,293524
2019-12-09,40.71748752,-74.0104554,293524
2019-12-09,40.754120810779256,-73.98025184869766,293525
2019-12-09,40.7454973,-74.00197139,293525
2019-12-09,40.734814,-73.992085,293526
2019-12-09,40.738046142482766,-73.99642959237099,293526
2019-12-09,40.70767788,-73.94016171,293527
2019-12-09,40.70583339,-73.94644578,293527
2019-12-09,40.75019995,-73.99093085,293528
2019-12-09,40.74765947,-73.98490707,293528
2019-12-09,40.75066386,-74.00176802,293529
2019-12-09,40.72082834,-73.97793172,293529
2019-12-09,40.73454567,-73.99074142,293530
2019-12-09,40.73226398,-73.99852205,293530
2019-12-09,40.71450451,-74.00562789,293531
2019-12-09,40.7153379,-74.01658354,293531
2019-12-09,40.73221853,-73.98165557,293532
2019-12-09,40.7262807,-73.98978041,293532
2019-12-09,40.74238787,-73.99726235,293533
2019-12-09,40.74395411,-73.99144871,293533
2019-12-09,40.7172274,-73.98802084,293534
2019-12-09,40.71739973,-73.98016555,293534
2019-12-09,40.68851534,-73.9647628,293535
2019-12-09,40.68851534,-73.9647628,293535
2019-12-09,40.74177603,-74.00149746,293536
2019-12-09,40.738046142482766,-73.99642959237099,293536
2019-12-09,40.754120810779256,-73.98025184869766,293537
2019-12-09,40.75929124,-73.98859651,293537
2019-12-09,40.70530954,-74.00612572,293538
2019-12-09,40.72405549,-74.00965965,293538
2019-12-09,40.77492513,-73.98266566,293539
2019-12-09,40.77492513,-73.98266566,293539
2019-12-09,40.74966,-73.9521,293540
2019-12-09,40.74232744,-73.95411749,293540
2019-12-09,40.736502,-73.97809472,293541
2019-12-09,40.751581,-73.97791,293541
2019-12-09,40.736502,-73.97809472,293542
2019-12-09,40.73314259,-73.97573881,293542
2019-12-09,40.73223272,-73.98889957,293543
2019-12-09,40.71850211,-73.98329859,293543
2019-12-09,40.76132983124814,-73.97982001304626,293544
2019-12-09,40.75510267,-73.97498696,293544
2019-12-09,40.76727216,-73.99392888,293545
2019-12-09,40.75929124,-73.98859651,293545
2019-12-09,40.734232,-73.986923,293546
2019-12-09,40.730563,-73.973984,293546
2019-12-09,40.76341379,-73.99667444,293547
2019-12-09,40.7505853470215,-73.9946848154068,293547
2019-12-09,40.717571,-74.005549,293548
2019-12-09,40.72405549,-74.00965965,293548
2019-12-09,40.6902375,-73.99203074,293549
2019-12-09,40.6861758,-73.99645295,293549
2019-12-09,40.74765947,-73.98490707,293550
2019-12-09,40.730563,-73.973984,293550
2019-12-09,40.76009437,-73.99461843,293551
2019-12-09,40.77149671054441,-73.99046033620834,293551
2019-12-09,40.7451677,-73.98683077,293552
2019-12-09,40.754120810779256,-73.98025184869766,293552
2019-12-09,40.71427487,-73.98990025,293553
2019-12-09,40.7505853470215,-73.9946848154068,293553
2019-12-09,40.68506807308177,-73.97790759801863,293554
2019-12-09,40.68940747,-73.96885458,293554
2019-12-09,40.6763947,-73.99869893,293555
2019-12-09,40.6705135,-73.98876585,293555
2019-12-09,40.74691959,-74.00451887,293556
2019-12-09,40.74173969,-73.99415556,293556
2019-12-09,40.71910537,-73.99973337,293557
2019-12-09,40.71285887,-73.96590294,293557
2019-12-09,40.71273266,-74.0046073,293558
2019-12-09,40.71485150526252,-74.01122331619263,293558
2019-12-09,40.8109494,-73.9634,293559
2019-12-09,40.7728384,-73.94989233,293559
2019-12-09,40.73381219196632,-73.98054420948029,293560
2019-12-09,40.74096374,-73.98602213,293560
2019-12-09,40.71269042,-73.98776323,293561
2019-12-09,40.72307749068673,-73.98583620786667,293561
2019-12-09,40.8045555,-73.9396861,293562
2019-12-09,40.7987859,-73.9523,293562
2019-12-09,40.75001986,-73.96905301,293563
2019-12-09,40.8082,-73.9641,293563
2019-12-09,40.75038009,-73.98338988,293564
2019-12-09,40.73291553,-74.00711384,293564
2019-12-09,40.70140317257725,-73.98672670125961,293565
2019-12-09,40.69795031569544,-73.97077560424805,293565
2019-12-09,40.70924826276157,-73.96063148975372,293566
2019-12-09,40.7734066,-73.97782542,293566
2019-12-09,40.74901271,-73.98848395,293567
2019-12-09,40.751581,-73.97791,293567
2019-12-09,40.75066386,-74.00176802,293568
2019-12-09,40.77149671054441,-73.99046033620834,293568
2019-12-09,40.7568001,-73.98291153,293569
2019-12-09,40.77492513,-73.98266566,293569
2019-12-09,40.69681963,-73.93756926,293570
2019-12-09,40.686312,-73.935775,293570
2019-12-09,40.74173969,-73.99415556,293571
2019-12-09,40.74475148,-73.99915362,293571
2019-12-09,40.7149787,-74.013012,293572
2019-12-09,40.71273266,-74.0046073,293572
2019-12-09,40.73532427,-73.99800419,293573
2019-12-09,40.71850211,-73.98329859,293573
2019-12-09,40.72580614,-73.97422494,293574
2019-12-09,40.738046142482766,-73.99642959237099,293574
2019-12-09,40.7557327,-73.9236611,293575
2019-12-09,40.75651272984955,-73.92957486212252,293575
2019-12-09,40.738046142482766,-73.99642959237099,293576
2019-12-09,40.73971301,-73.99456405,293576
2019-12-09,40.751396,-74.005226,293577
2019-12-09,40.71334184275907,-74.00935515761375,293577
2019-12-09,40.686371,-73.99383324,293578
2019-12-09,40.67260298150126,-73.98983001708984,293578
2019-12-09,40.752269,-73.982079,293579
2019-12-09,40.77112927,-73.95772297,293579
2019-12-09,40.739445,-73.976806,293580
2019-12-09,40.7462009,-73.98855723,293580
2019-12-09,40.74475148,-73.99915362,293581
2019-12-09,40.751873,-73.977706,293581
2019-12-09,40.75110165,-73.94073717,293582
2019-12-09,40.72158,-73.94546,293582
2019-12-09,40.7158155,-73.99422366,293583
2019-12-09,40.722103786686034,-73.99724900722504,293583
2019-12-09,40.72621788,-73.98379855,293584
2019-12-09,40.735367055605394,-73.98797392845154,293584
2019-12-09,40.76095756,-73.96724467,293585
2019-12-09,40.76132983124814,-73.97982001304626,293585
2019-12-09,40.76019252,-73.9912551,293586
2019-12-09,40.75500254,-73.98014437,293586
2019-12-09,40.75001986,-73.96905301,293587
2019-12-09,40.7505853470215,-73.9946848154068,293587
2019-12-09,40.72082834,-73.97793172,293588
2019-12-09,40.72217444,-73.98368779,293588
2019-12-09,40.72706363348306,-73.99662137031554,293589
2019-12-09,40.71559509,-73.9870295,293589
2019-12-09,40.76315481910373,-73.93985509872437,293590
2019-12-09,40.748,-73.9460927,293590
2019-12-09,40.804038,-73.945925,293591
2019-12-09,40.7877214,-73.94728331,293591
2019-12-09,40.72606,-73.95621,293592
2019-12-09,40.73555,-73.95284,293592
2019-12-09,40.72226,-73.93889,293593
2019-12-09,40.71559509,-73.9870295,293593
2019-12-09,40.77477944895728,-73.95427465438843,293594
2019-12-09,40.77862688,-73.95772073,293594
2019-12-09,40.77282817,-73.96685276,293595
2019-12-09,40.7867947,-73.977112,293595
2019-12-09,40.77896784,-73.97374737,293596
2019-12-09,40.7734066,-73.97782542,293596
2019-12-09,40.77896784,-73.97374737,293597
2019-12-09,40.7734066,-73.97782542,293597
2019-12-09,40.74173969,-73.99415556,293598
2019-12-09,40.72743423,-73.99379025,293598
2019-12-09,40.7037992,-74.00838676,293599
2019-12-09,40.77515953434235,-73.98918695747852,293599
2019-12-09,40.73038599,-74.00214988,293600
2019-12-09,40.73223272,-73.98889957,293600
2019-12-09,40.75323098,-73.97032517,293601
2019-12-09,40.7489006,-73.97604882,293601
2019-12-09,40.78307,-73.95939,293602
2019-12-09,40.8011939,-73.9500739,293602
2019-12-09,40.7457121,-73.98194829,293603
2019-12-09,40.7381765,-73.97738662,293603
2019-12-09,40.73827428,-73.98751968,293604
2019-12-09,40.749156,-73.9916,293604
2019-12-09,40.7597108,-73.97402311,293605
2019-12-09,40.77748046,-73.98288594,293605
2019-12-09,40.7687620293096,-73.95840793848038,293606
2019-12-09,40.76471851944339,-73.96222069859505,293606
2019-12-09,40.76087502,-74.00277668,293607
2019-12-09,40.768254,-73.988639,293607
2019-12-09,40.698458,-73.997178,293608
2019-12-09,40.69474881,-73.98362464,293608
2019-12-09,40.75714758,-73.97207836,293609
2019-12-09,40.744219,-73.97121214,293609
2019-12-09,40.75299641,-73.98721619,293610
2019-12-09,40.75466591,-73.99138152,293610
2019-12-09,40.7016657,-73.9437303,293611
2019-12-09,40.70029511,-73.95032283,293611
2019-12-09,40.7381765,-73.97738662,293612
2019-12-09,40.75255434,-73.97282625,293612
2019-12-09,40.77149671054441,-73.99046033620834,293613
2019-12-09,40.75724567911726,-73.97805914282799,293613
2019-12-09,40.75714758,-73.97207836,293614
2019-12-09,40.75455731,-73.96592976,293614
2019-12-09,40.73269,-73.98974,293615
2019-12-09,40.72740794,-73.98142006,293615
2019-12-09,40.75172632,-73.98753523,293616
2019-12-09,40.76344058,-73.98268129,293616
2019-12-09,40.73020660529954,-73.99102628231049,293617
2019-12-09,40.73454567,-73.99074142,293617
2019-12-09,40.77565541,-73.95068615,293618
2019-12-09,40.7779453,-73.946041,293618
2019-12-09,40.777507027547976,-73.98888587951659,293619
2019-12-09,40.75898481399634,-73.99379968643188,293619
2019-12-09,40.68650065,-73.96563307,293620
2019-12-09,40.68488,-73.96304,293620
2019-12-09,40.72019521437465,-74.0103006362915,293621
2019-12-09,40.71485150526252,-74.01122331619263,293621
2019-12-09,40.71044554,-73.96525063,293622
2019-12-09,40.71745169,-73.95850939,293622
2019-12-09,40.75500254,-73.98014437,293623
2019-12-09,40.751873,-73.977706,293623
2019-12-09,40.74232744,-73.95411749,293624
2019-12-09,40.73555,-73.95284,293624
2019-12-09,40.744219,-73.97121214,293625
2019-12-09,40.7381765,-73.97738662,293625
2019-12-09,40.72405549,-74.00965965,293626
2019-12-09,40.7153379,-74.01658354,293626
2019-12-09,40.730563,-73.973984,293627
2019-12-09,40.73223272,-73.98889957,293627
2019-12-09,40.75466591,-73.99138152,293628
2019-12-09,40.74475148,-73.99915362,293628
2019-12-09,40.74173969,-73.99415556,293629
2019-12-09,40.75466591,-73.99138152,293629
2019-12-09,40.76350532,-73.97109243,293630
2019-12-09,40.77492513,-73.98266566,293630
2019-12-09,40.75640548,-73.9900262,293631
2019-12-09,40.751873,-73.977706,293631
2019-12-09,40.71450451,-74.00562789,293632
2019-12-09,40.724308321602166,-74.00473035871983,293632
2019-12-09,40.694281141397326,-73.99230033159256,293633
2019-12-09,40.705517,-73.93936,293633
2019-12-09,40.7149787,-74.013012,293634
2019-12-09,40.71334184275907,-74.00935515761375,293634
2019-12-09,40.71146364,-74.00552427,293635
2019-12-09,40.71117444,-73.99682619,293635
2019-12-09,40.8013434,-73.9711457439,293636
2019-12-09,40.8109494,-73.9634,293636
2019-12-09,40.73912601,-73.97973776,293637
2019-12-09,40.74322681432173,-73.97449783980846,293637
2019-12-09,40.71850211,-73.98329859,293638
2019-12-09,40.72228087,-73.97668709,293638
2019-12-09,40.7277140777778,-74.01129573583603,293639
2019-12-09,40.7652654,-73.98192338,293639
2019-12-09,40.73221853,-73.98165557,293640
2019-12-09,40.72903917,-73.99404649,293640
2019-12-09,40.724812564400175,-73.94752621650696,293641
2019-12-09,40.72325,-73.94308,293641
2019-12-09,40.74173969,-73.99415556,293642
2019-12-09,40.74177603,-74.00149746,293642
2019-12-09,40.72917025,-73.99810231,293643
2019-12-09,40.72746420692392,-73.97950418293476,293643
2019-12-09,40.72621788,-73.98379855,293644
2019-12-09,40.72229346,-73.99147535,293644
2019-12-09,40.77149671054441,-73.99046033620834,293645
2019-12-09,40.75640548,-73.9900262,293645
2019-12-09,40.718822,-73.99596,293646
2019-12-09,40.72019576,-73.98997825,293646
2019-12-09,40.68691865,-73.976682,293647
2019-12-09,40.68940747,-73.96885458,293647
2019-12-09,40.75001986,-73.96905301,293648
2019-12-09,40.72521311,-73.97768752,293648
2019-12-09,40.78307,-73.95939,293649
2019-12-09,40.759125,-73.962658,293649
2019-12-09,40.73587678,-73.98205027,293650
2019-12-09,40.73223272,-73.98889957,293650
2019-12-09,40.77536905,-73.94803392,293651
2019-12-09,40.7869946,-73.94164802,293651
2019-12-09,40.75828065,-73.97069431,293652
2019-12-09,40.749156,-73.9916,293652
2019-12-09,40.7801839724239,-73.97728532552719,293653
2019-12-09,40.7919557,-73.968087,293653
2019-12-09,40.751873,-73.977706,293654
2019-12-09,40.695065,-73.987167,293654
2019-12-09,40.76915505,-73.98191841,293655
2019-12-09,40.76915505,-73.98191841,293655
2019-12-09,40.6792788,-73.98154004,293656
2019-12-09,40.6711978,-73.97484126,293656
2019-12-09,40.752165280621966,-73.97992193698882,293657
2019-12-09,40.74475148,-73.99915362,293657
2019-12-09,40.72019521437465,-74.0103006362915,293658
2019-12-09,40.72019576,-73.98997825,293658
2019-12-09,40.74394314,-73.97966069,293659
2019-12-09,40.75828065,-73.97069431,293659
2019-12-09,40.7451677,-73.98683077,293660
2019-12-09,40.7505853470215,-73.9946848154068,293660
2019-12-09,40.7037992,-74.00838676,293661
2019-12-09,40.70905623,-74.01043382,293661
2019-12-09,40.74096374,-73.98602213,293662
2019-12-09,40.749156,-73.9916,293662
2019-12-09,40.73020660529954,-73.99102628231049,293663
2019-12-09,40.73454567,-73.99074142,293663
2019-12-09,40.77140426,-73.9535166,293664
2019-12-09,40.74290902,-73.97706058,293664
2019-12-09,40.71939226,-74.00247214,293665
2019-12-09,40.707873,-74.00167,293665
2019-12-09,40.7923272,-73.9383,293666
2019-12-09,40.79329668,-73.9432083,293666
2019-12-09,40.751873,-73.977706,293667
2019-12-09,40.75513557,-73.98658032,293667
2019-12-09,40.68691865,-73.976682,293668
2019-12-09,40.68382604,-73.97632328,293668
2019-12-09,40.7546011026,-73.971878855,293669
2019-12-09,40.73726186,-73.99238967,293669
2019-12-09,40.73172428,-74.00674436,293670
2019-12-09,40.73781509,-73.99994661,293670
2019-12-09,40.76095756,-73.96724467,293671
2019-12-09,40.75510267,-73.97498696,293671
2019-12-09,40.7652654,-73.98192338,293672
2019-12-09,40.74901271,-73.98848395,293672
2019-12-09,40.73454567,-73.99074142,293673
2019-12-09,40.722055,-73.989111,293673
2019-12-09,40.70255065,-74.0127234,293674
2019-12-09,40.7277140777778,-74.01129573583603,293674
2019-12-09,40.728846,-74.008591,293675
2019-12-09,40.73291553,-74.00711384,293675
2019-12-09,40.71915571696044,-73.94885390996933,293676
2019-12-09,40.707644944175705,-73.96841526031494,293676
2019-12-09,40.754120810779256,-73.98025184869766,293677
2019-12-09,40.73314259,-73.97573881,293677
2019-12-09,40.74096374,-73.98602213,293678
2019-12-09,40.77677702,-73.9590097,293678
2019-12-09,40.7451677,-73.98683077,293679
2019-12-09,40.736502,-73.97809472,293679
2019-12-09,40.72917025,-73.99810231,293680
2019-12-09,40.72740794,-73.98142006,293680
2019-12-09,40.77579376683666,-73.9762057363987,293681
2019-12-09,40.76915505,-73.98191841,293681
2019-12-09,40.751396,-74.005226,293682
2019-12-09,40.746647,-73.993915,293682
2019-12-09,40.74394314,-73.97966069,293683
2019-12-09,40.72953837,-73.98426726,293683
2019-12-09,40.72706363348306,-73.99662137031554,293684
2019-12-09,40.72966729392978,-73.98067966103554,293684
2019-12-09,40.74901271,-73.98848395,293685
2019-12-09,40.751581,-73.97791,293685
2019-12-09,40.730563,-73.973984,293686
2019-12-09,40.72368361,-73.97574813,293686
2019-12-09,40.76227205,-73.98788205,293687
2019-12-09,40.78057799010334,-73.98562431335449,293687
2019-12-09,40.751396,-74.005226,293688
2019-12-09,40.74286877312112,-73.98918628692627,293688
2019-12-09,40.7923272,-73.9383,293689
2019-12-09,40.809725,-73.953149,293689
2019-12-09,40.778301,-73.9488134,293690
2019-12-09,40.7869946,-73.94164802,293690
2019-12-09,40.72917025,-73.99810231,293691
2019-12-09,40.72362738,-73.99949601,293691
2019-12-09,40.7435337324616,-74.00367558002472,293692
2019-12-09,40.7505853470215,-73.9946848154068,293692
2019-12-09,40.75640548,-73.9900262,293693
2019-12-09,40.76087502,-74.00277668,293693
2019-12-09,40.75019995,-73.99093085,293694
2019-12-09,40.74487634,-73.99529885,293694
2019-12-09,40.73971301,-73.99456405,293695
2019-12-09,40.72494672359416,-74.00165855884552,293695
2019-12-09,40.7381765,-73.97738662,293696
2019-12-09,40.749156,-73.9916,293696
2019-12-09,40.71334184275907,-74.00935515761375,293697
2019-12-09,40.69102925677968,-73.99183362722397,293697
2019-12-09,40.7857851,-73.957481,293698
2019-12-09,40.78307,-73.95939,293698
2019-12-09,40.73726186,-73.99238967,293699
2019-12-09,40.73827428,-73.98751968,293699
2019-12-09,40.70122128,-74.01234218,293700
2019-12-09,40.71269042,-73.98776323,293700
2019-12-09,40.75797322,-73.96603308,293701
2019-12-09,40.77862688,-73.95772073,293701
2019-12-09,40.70411791,-73.94818595,293702
2019-12-09,40.7160751,-73.952029,293702
2019-12-09,40.7667405590595,-73.9790689945221,293703
2019-12-09,40.75510267,-73.97498696,293703
2019-12-09,40.74322681432173,-73.97449783980846,293704
2019-12-09,40.751873,-73.977706,293704
2019-12-09,40.724308321602166,-74.00473035871983,293705
2019-12-09,40.7158155,-73.99422366,293705
2019-12-09,40.75510267,-73.97498696,293706
2019-12-09,40.69327018,-73.97703874,293706
2019-12-09,40.75299641,-73.98721619,293707
2019-12-09,40.749156,-73.9916,293707
2019-12-09,40.761573,-73.972628,293708
2019-12-09,40.749156,-73.9916,293708
2019-12-09,40.718822,-73.99596,293709
2019-12-09,40.746647,-73.993915,293709
2019-12-09,40.74322681432173,-73.97449783980846,293710
2019-12-09,40.7489006,-73.97604882,293710
2019-12-09,40.782454175279874,-73.9489196240902,293711
2019-12-09,40.77565541,-73.95068615,293711
2019-12-09,40.72019576,-73.98997825,293712
2019-12-09,40.72082834,-73.97793172,293712
2019-12-09,40.735445,-73.99431,293713
2019-12-09,40.71622644,-73.98261206,293713
2019-12-09,40.72019521437465,-74.0103006362915,293714
2019-12-09,40.71625008,-74.0091059,293714
2019-12-09,40.70955958,-74.00653609,293715
2019-12-09,40.70706456,-74.00731853,293715
2019-12-09,40.749156,-73.9916,293716
2019-12-09,40.751581,-73.97791,293716
2019-12-09,40.701907,-74.013942,293717
2019-12-09,40.70834698,-74.01713445,293717
2019-12-09,40.81028506306003,-73.95736455917358,293718
2019-12-09,40.813358,-73.956461,293718
2019-12-09,40.75038009,-73.98338988,293719
2019-12-09,40.75019995,-73.99093085,293719
2019-12-09,40.76030096,-73.99884222,293720
2019-12-09,40.751551,-73.993934,293720
2019-12-09,40.73269,-73.98974,293721
2019-12-09,40.72521311,-73.97768752,293721
2019-12-09,40.7867947,-73.977112,293722
2019-12-09,40.76727216,-73.99392888,293722
2019-12-09,40.75323098,-73.97032517,293723
2019-12-09,40.75898481399634,-73.99379968643188,293723
2019-12-09,40.74731,-73.95451,293724
2019-12-09,40.74232744,-73.95411749,293724
2019-12-09,40.76132983124814,-73.97982001304626,293725
2019-12-09,40.751581,-73.97791,293725
2019-12-09,40.75724567911726,-73.97805914282799,293726
2019-12-09,40.73314259,-73.97573881,293726
2019-12-09,40.76068327096592,-73.9845272898674,293727
2019-12-09,40.751551,-73.993934,293727
2019-12-09,40.75466591,-73.99138152,293728
2019-12-09,40.75929124,-73.98859651,293728
2019-12-09,40.722103786686034,-73.99724900722504,293729
2019-12-09,40.72951496224949,-73.99075269699097,293729
2019-12-09,40.71494807,-74.00234482,293730
2019-12-09,40.68962188790333,-73.98304268717766,293730
2019-12-09,40.736502,-73.97809472,293731
2019-12-09,40.7403432,-73.98955109,293731
2019-12-09,40.74964,-73.98805,293732
2019-12-09,40.76030096,-73.99884222,293732
2019-12-09,40.805159,-73.954692,293733
2019-12-09,40.804038,-73.945925,293733
2019-12-09,40.752957,-74.00264,293734
2019-12-09,40.74734825,-73.99723551,293734
2019-12-09,40.71739973,-73.98016555,293735
2019-12-09,40.71559509,-73.9870295,293735
2019-12-09,40.722103786686034,-73.99724900722504,293736
2019-12-09,40.71494807,-74.00234482,293736
2019-12-09,40.743,-73.93561,293737
2019-12-09,40.75724567911726,-73.97805914282799,293737
2019-12-09,40.7475739589548,-73.9788007736206,293738
2019-12-09,40.7835016,-73.955327,293738
2019-12-09,40.73020660529954,-73.99102628231049,293739
2019-12-09,40.6794388,-73.9680438,293739
2019-12-09,40.75898481399634,-73.99379968643188,293740
2019-12-09,40.746647,-73.993915,293740
2019-12-09,40.7687620293096,-73.95840793848038,293741
2019-12-09,40.7727966,-73.95577801,293741
2019-12-09,40.7568001,-73.98291153,293742
2019-12-09,40.76019252,-73.9912551,293742
2019-12-09,40.74275382865903,-74.00747358798981,293743
2019-12-09,40.73143724085228,-73.99490341544151,293743
2019-12-09,40.72311651,-73.95212324,293744
2019-12-09,40.71335226222875,-73.9491033554077,293744
2019-12-09,40.70955958,-74.00653609,293745
2019-12-09,40.71117416,-74.00016545,293745
2019-12-09,40.71413089,-73.9970468,293746
2019-12-09,40.71427487,-73.98990025,293746
2019-12-09,40.77801203,-73.95407149,293747
2019-12-09,40.78813,-73.95206,293747
2019-12-09,40.73221853,-73.98165557,293748
2019-12-09,40.7403432,-73.98955109,293748
2019-12-09,40.74334935,-74.00681753,293749
2019-12-09,40.73726186,-73.99238967,293749
2019-12-09,40.71534825,-73.96024116,293750
2019-12-09,40.715143,-73.944507,293750
2019-12-09,40.746647,-73.993915,293751
2019-12-09,40.74096374,-73.98602213,293751
2019-12-09,40.7462009,-73.98855723,293752
2019-12-09,40.74311555376486,-73.98215353488922,293752
2019-12-09,40.73047747,-73.99906065,293753
2019-12-09,40.72453734,-73.98185424,293753
2019-12-09,40.73726186,-73.99238967,293754
2019-12-09,40.72110063,-73.9919254,293754
2019-12-09,40.74765947,-73.98490707,293755
2019-12-09,40.744219,-73.97121214,293755
2019-12-09,40.7403432,-73.98955109,293756
2019-12-09,40.73535398,-74.00483091,293756
2019-12-09,40.7770575,-73.97898475,293757
2019-12-09,40.77565541,-73.95068615,293757
2019-12-09,40.7149787,-74.013012,293758
2019-12-09,40.71754834,-74.01322069,293758
2019-12-09,40.751396,-74.005226,293759
2019-12-09,40.74275382865903,-74.00747358798981,293759
2019-12-09,40.75019995,-73.99093085,293760
2019-12-09,40.75660359,-73.9979009,293760
2019-12-09,40.7451677,-73.98683077,293761
2019-12-09,40.73401143,-74.00293877,293761
2019-12-09,40.72621788,-73.98379855,293762
2019-12-09,40.72951496224949,-73.99075269699097,293762
2019-12-09,40.73555,-73.95284,293763
2019-12-09,40.74232744,-73.95411749,293763
2019-12-09,40.69766564,-73.98476437,293764
2019-12-09,40.69794,-73.96986848,293764
2019-12-09,40.7739825,-73.9309134,293765
2019-12-09,40.7675487799971,-73.9209334552288,293765
2019-12-09,40.7546011026,-73.971878855,293766
2019-12-09,40.710451,-73.960876,293766
2019-12-09,40.75001986,-73.96905301,293767
2019-12-09,40.75455731,-73.96592976,293767
2019-12-09,40.72903917,-73.99404649,293768
2019-12-09,40.73047747,-73.99906065,293768
2019-12-09,40.7612274,-73.96094022,293769
2019-12-09,40.7239567849954,-73.94984364509583,293769
2019-12-09,40.739445,-73.976806,293770
2019-12-09,40.7457121,-73.98194829,293770
2019-12-09,40.72019521437465,-74.0103006362915,293771
2019-12-09,40.73224119,-74.00026394,293771
2019-12-09,40.76227205,-73.98788205,293772
2019-12-09,40.75510267,-73.97498696,293772
2019-12-09,40.73555,-73.95284,293773
2019-12-09,40.74232744,-73.95411749,293773
2019-12-09,40.72521311,-73.97768752,293774
2019-12-09,40.7172274,-73.98802084,293774
2019-12-09,40.71273266,-74.0046073,293775
2019-12-09,40.71485150526252,-74.01122331619263,293775
2019-12-09,40.69241829257847,-73.98949474096298,293776
2019-12-09,40.6859296,-74.00242364,293776
2019-12-09,40.76227205,-73.98788205,293777
2019-12-09,40.75510267,-73.97498696,293777
2019-12-09,40.7568001,-73.98291153,293778
2019-12-09,40.754120810779256,-73.98025184869766,293778
2019-12-09,40.7381765,-73.97738662,293779
2019-12-09,40.74286877312112,-73.98918628692627,293779
2019-12-09,40.76068327096592,-73.9845272898674,293780
2019-12-09,40.7505853470215,-73.9946848154068,293780
2019-12-09,40.73026,-73.95394,293781
2019-12-09,40.72606,-73.95621,293781
2019-12-09,40.74322681432173,-73.97449783980846,293782
2019-12-09,40.75323098,-73.97032517,293782
2019-12-09,40.754691750226016,-73.99740189313889,293783
2019-12-09,40.75640548,-73.9900262,293783
2019-12-09,40.75323098,-73.97032517,293784
2019-12-09,40.736502,-73.97809472,293784
2019-12-09,40.763189,-73.978434,293785
2019-12-09,40.744219,-73.97121214,293785
2019-12-09,40.746647,-73.993915,293786
2019-12-09,40.72903917,-73.99404649,293786
2019-12-09,40.7149787,-74.013012,293787
2019-12-09,40.71559509,-73.9870295,293787
2019-12-09,40.75019995,-73.99093085,293788
2019-12-09,40.71910537,-73.99973337,293788
2019-12-09,40.7505853470215,-73.9946848154068,293789
2019-12-09,40.751396,-74.005226,293789
2019-12-09,40.751873,-73.977706,293790
2019-12-09,40.72706363348306,-73.99662137031554,293790
2019-12-09,40.74096374,-73.98602213,293791
2019-12-09,40.751581,-73.97791,293791
2019-12-09,40.74177603,-74.00149746,293792
2019-12-09,40.74444921,-73.98303529,293792
2019-12-09,40.72521311,-73.97768752,293793
2019-12-09,40.72019576,-73.98997825,293793
2019-12-09,40.69991755,-73.98971773,293794
2019-12-09,40.6849894,-73.99440329,293794
2019-12-09,40.72903917,-73.99404649,293795
2019-12-09,40.75097711,-73.98765428,293795
2019-12-09,40.75510267,-73.97498696,293796
2019-12-09,40.79904139288298,-73.96649479866028,293796
2019-12-09,40.75828065,-73.97069431,293797
2019-12-09,40.72953837,-73.98426726,293797
2019-12-09,40.75513557,-73.98658032,293798
2019-12-09,40.72621788,-73.98379855,293798
2019-12-09,40.75594159,-74.0021163,293799
2019-12-09,40.7381765,-73.97738662,293799
2019-12-09,40.778301,-73.9488134,293800
2019-12-09,40.76500525,-73.95818491,293800
2019-12-09,40.7149787,-74.013012,293801
2019-12-09,40.71559509,-73.9870295,293801
2019-12-09,40.73781509,-73.99994661,293802
2019-12-09,40.7284186,-73.98713956,293802
2019-12-09,40.76915505,-73.98191841,293803
2019-12-09,40.77515953434235,-73.98918695747852,293803
2019-12-09,40.7462009,-73.98855723,293804
2019-12-09,40.751396,-74.005226,293804
2019-12-09,40.8109494,-73.9634,293805
2019-12-09,40.7919557,-73.968087,293805
2019-12-09,40.70905623,-74.01043382,293806
2019-12-09,40.71754834,-74.01322069,293806
2019-12-09,40.75724567911726,-73.97805914282799,293807
2019-12-09,40.76269882,-73.99301222,293807
2019-12-09,40.751873,-73.977706,293808
2019-12-09,40.75172632,-73.98753523,293808
2019-12-09,40.68323865460341,-73.96599590778351,293809
2019-12-09,40.678045,-73.962408,293809
2019-12-09,40.75001986,-73.96905301,293810
2019-12-09,40.714211,-73.981095,293810
2019-12-09,40.7149787,-74.013012,293811
2019-12-09,40.751581,-73.97791,293811
2019-12-09,40.73269,-73.98974,293812
2019-12-09,40.74780373,-73.9734419,293812
2019-12-09,40.74286877312112,-73.98918628692627,293813
2019-12-09,40.74286877312112,-73.98918628692627,293813
2019-12-09,40.711512,-74.015756,293814
2019-12-09,40.70905623,-74.01043382,293814
2019-12-09,40.7403432,-73.98955109,293815
2019-12-09,40.7612274,-73.96094022,293815
2019-12-09,40.768254,-73.988639,293816
2019-12-09,40.76095756,-73.96724467,293816
2019-12-09,40.7801839724239,-73.97728532552719,293817
2019-12-09,40.7667405590595,-73.9790689945221,293817
2019-12-09,40.74966,-73.9521,293818
2019-12-09,40.751581,-73.97791,293818
2019-12-09,40.69221589,-73.9842844,293819
2019-12-09,40.72066442,-73.98517977,293819
2019-12-09,40.74524768,-73.94733276,293820
2019-12-09,40.770845,-73.934171,293820
2019-12-09,40.71870987,-74.0090009,293821
2019-12-09,40.72243797,-74.00566443,293821
2019-12-09,40.73038599,-74.00214988,293822
2019-12-09,40.72706363348306,-73.99662137031554,293822
2019-12-09,40.7568001,-73.98291153,293823
2019-12-09,40.75828065,-73.97069431,293823
2019-12-09,40.749717753,-74.002950346,293824
2019-12-09,40.74734825,-73.99723551,293824
2019-12-09,40.739323,-74.008119,293825
2019-12-09,40.74475148,-73.99915362,293825
2019-12-09,40.74334935,-74.00681753,293826
2019-12-09,40.73223272,-73.98889957,293826
2019-12-09,40.76095756,-73.96724467,293827
2019-12-09,40.75510267,-73.97498696,293827
2019-12-09,40.72405549,-74.00965965,293828
2019-12-09,40.73971301,-73.99456405,293828
2019-12-09,40.70955958,-74.00653609,293829
2019-12-09,40.70838,-74.00495,293829
2019-12-09,40.734814,-73.992085,293830
2019-12-09,40.74765947,-73.98490707,293830
2019-12-09,40.71893904,-73.99266288,293831
2019-12-09,40.71739973,-73.98016555,293831
2019-12-09,40.746745,-74.007756,293832
2019-12-09,40.7505853470215,-73.9946848154068,293832
2019-12-09,40.7037992,-74.00838676,293833
2019-12-09,40.71219906,-73.97948148,293833
2019-12-09,40.75992262,-73.97648516,293834
2019-12-09,40.74964,-73.98805,293834
2019-12-09,40.751551,-73.993934,293835
2019-12-09,40.7457121,-73.98194829,293835
2019-12-09,40.718822,-73.99596,293836
2019-12-09,40.72903917,-73.99404649,293836
2019-12-09,40.70530954,-74.00612572,293837
2019-12-09,40.71076228,-73.99400398,293837
2019-12-09,40.72019576,-73.98997825,293838
2019-12-09,40.71406667,-73.99293911,293838
2019-12-09,40.7403432,-73.98955109,293839
2019-12-09,40.7457121,-73.98194829,293839
2019-12-09,40.697787,-73.973736,293840
2019-12-09,40.68962188790333,-73.98304268717766,293840
2019-12-09,40.75594159,-74.0021163,293841
2019-12-09,40.76360467795863,-73.98917958140373,293841
2019-12-09,40.6728155,-73.98352355,293842
2019-12-09,40.671907,-73.993612,293842
2019-12-09,40.76341379,-73.99667444,293843
2019-12-09,40.751551,-73.993934,293843
2019-12-09,40.7839636,-73.9471673,293844
2019-12-09,40.7849032,-73.950503,293844
2019-12-09,40.77966809007312,-73.98093044757842,293845
2019-12-09,40.7829391,-73.9786517,293845
2019-12-09,40.75466591,-73.99138152,293846
2019-12-09,40.754691750226016,-73.99740189313889,293846
2019-12-09,40.75742,-73.945133,293847
2019-12-09,40.81028506306003,-73.95736455917358,293847
2019-12-09,40.75510267,-73.97498696,293848
2019-12-09,40.77477944895728,-73.95427465438843,293848
2019-12-09,40.68506807308177,-73.97790759801863,293849
2019-12-09,40.6845683,-73.95881081,293849
2019-12-09,40.746647,-73.993915,293850
2019-12-09,40.741459,-73.983293,293850
2019-12-09,40.73726186,-73.99238967,293851
2019-12-09,40.72066442,-73.98517977,293851
2019-12-09,40.74734825,-73.99723551,293852
2019-12-09,40.74937024193277,-73.99923384189606,293852
2019-12-09,40.75797322,-73.96603308,293853
2019-12-09,40.75892386377695,-73.96226227283478,293853
2019-12-09,40.805973,-73.964928,293854
2019-12-09,40.79017948095081,-73.97288918495178,293854
2019-12-09,40.78524672,-73.97667321,293855
2019-12-09,40.777507027547976,-73.98888587951659,293855
2019-12-09,40.6767,-73.969024,293856
2019-12-09,40.6740123,-73.9671457,293856
2019-12-09,40.7922553,-73.95249933,293857
2019-12-09,40.7987859,-73.9523,293857
2019-12-09,40.7727966,-73.95577801,293858
2019-12-09,40.77536905,-73.94803392,293858
2019-12-09,40.7505853470215,-73.9946848154068,293859
2019-12-09,40.770513,-73.988038,293859
2019-12-09,40.76068327096592,-73.9845272898674,293860
2019-12-09,40.74780373,-73.9734419,293860
2019-12-09,40.72299208,-73.97995466,293861
2019-12-09,40.72307749068673,-73.98583620786667,293861
2019-12-09,40.6787242,-73.99599099,293862
2019-12-09,40.69535693320225,-73.99344027042389,293862
2019-12-09,40.7277140777778,-74.01129573583603,293863
2019-12-09,40.73047747,-73.99906065,293863
2019-12-09,40.7779453,-73.946041,293864
2019-12-09,40.7829391,-73.9786517,293864
2019-12-09,40.7160751,-73.952029,293865
2019-12-09,40.71044554,-73.96525063,293865
2019-12-09,40.73223272,-73.98889957,293866
2019-12-09,40.722055,-73.989111,293866
2019-12-09,40.760339,-73.9222427,293867
2019-12-09,40.763154,-73.920827,293867
2019-12-09,40.75500254,-73.98014437,293868
2019-12-09,40.7505853470215,-73.9946848154068,293868
2019-12-09,40.74311555376486,-73.98215353488922,293869
2019-12-09,40.751873,-73.977706,293869
2019-12-09,40.7667405590595,-73.9790689945221,293870
2019-12-09,40.7973721,-73.97041192,293870
2019-12-09,40.6772744,-73.98282002,293871
2019-12-09,40.697842,-73.926241,293871
2019-12-09,40.680944723477296,-73.97567331790923,293872
2019-12-09,40.678045,-73.962408,293872
2019-12-09,40.72243797,-74.00566443,293873
2019-12-09,40.7277140777778,-74.01129573583603,293873
2019-12-09,40.74275382865903,-74.00747358798981,293874
2019-12-09,40.73944820130404,-74.00507032871246,293874
2019-12-09,40.71850211,-73.98329859,293875
2019-12-09,40.74708586,-73.94977234,293875
2019-12-09,40.73401143,-74.00293877,293876
2019-12-09,40.746745,-74.007756,293876
2019-12-09,40.751581,-73.97791,293877
2019-12-09,40.76108,-73.930562,293877
2019-12-09,40.72706363348306,-73.99662137031554,293878
2019-12-09,40.72951496224949,-73.99075269699097,293878
2019-12-09,40.74144387,-73.97536082,293879
2019-12-09,40.74765947,-73.98490707,293879
2019-12-09,40.75510267,-73.97498696,293880
2019-12-09,40.7149787,-74.013012,293880
2019-12-09,40.75097711,-73.98765428,293881
2019-12-09,40.76030096,-73.99884222,293881
2019-12-09,40.795,-73.9645,293882
2019-12-09,40.77862688,-73.95772073,293882
2019-12-09,40.73172428,-74.00674436,293883
2019-12-09,40.74734825,-73.99723551,293883
2019-12-09,40.78948541553215,-73.95242929458618,293884
2019-12-09,40.81028506306003,-73.95736455917358,293884
2019-12-09,40.77140426,-73.9535166,293885
2019-12-09,40.77314236,-73.95856158,293885
2019-12-09,40.71485150526252,-74.01122331619263,293886
2019-12-09,40.707873,-74.00167,293886
2019-12-09,40.71485150526252,-74.01122331619263,293887
2019-12-09,40.714211,-73.981095,293887
2019-12-09,40.72325,-73.94308,293888
2019-12-09,40.71534825,-73.96024116,293888
2019-12-09,40.71816969454208,-73.95520135760307,293889
2019-12-09,40.72708584,-73.95299117,293889
2019-12-09,40.716887,-73.963198,293890
2019-12-09,40.7160751,-73.952029,293890
2019-12-09,40.752269,-73.982079,293891
2019-12-09,40.751873,-73.977706,293891
2019-12-09,40.675146838709786,-73.97523209452629,293892
2019-12-09,40.6776147,-73.97324283,293892
2019-12-09,40.751551,-73.993934,293893
2019-12-09,40.74937024193277,-73.99923384189606,293893
2019-12-09,40.72779126,-73.98564945,293894
2019-12-09,40.72779126,-73.98564945,293894
2019-12-09,40.752165280621966,-73.97992193698882,293895
2019-12-09,40.75797322,-73.96603308,293895
2019-12-09,40.68841,-73.979458,293896
2019-12-09,40.69610226,-73.96751037,293896
2019-12-09,40.71602118,-73.99974372,293897
2019-12-09,40.72405549,-74.00965965,293897
2019-12-09,40.78720869,-73.98128127,293898
2019-12-09,40.7785669,-73.97754961,293898
2019-12-09,40.72243797,-74.00566443,293899
2019-12-09,40.72243797,-74.00566443,293899
2019-12-09,40.74395411,-73.99144871,293900
2019-12-09,40.73047309,-73.98672378,293900
2019-12-09,40.75466591,-73.99138152,293901
2019-12-09,40.74286877312112,-73.98918628692627,293901
2019-12-09,40.735367055605394,-73.98797392845154,293902
2019-12-09,40.73291553,-74.00711384,293902
2019-12-09,40.72217444,-73.98368779,293903
2019-12-09,40.72082834,-73.97793172,293903
2019-12-09,40.72325,-73.94308,293904
2019-12-09,40.715143,-73.944507,293904
2019-12-09,40.697787,-73.973736,293905
2019-12-09,40.70277159,-73.99383605,293905
2019-12-09,40.71559509,-73.9870295,293906
2019-12-09,40.718822,-73.99596,293906
2019-12-09,40.6740886,-73.9787282,293907
2019-12-09,40.68753406,-73.97265183,293907
2019-12-09,40.69221589,-73.9842844,293908
2019-12-09,40.6783563,-74.00014502,293908
2019-12-09,40.72903917,-73.99404649,293909
2019-12-09,40.73221853,-73.98165557,293909
2019-12-09,40.702461,-73.986842,293910
2019-12-09,40.68488,-73.96304,293910
2019-12-09,40.72019521437465,-74.0103006362915,293911
2019-12-09,40.71485150526252,-74.01122331619263,293911
2019-12-09,40.69991755,-73.98971773,293912
2019-12-09,40.6867443,-73.99063168,293912
2019-12-09,40.75934501,-73.96759673,293913
2019-12-09,40.774591,-73.918544,293913
2019-12-09,40.75640548,-73.9900262,293914
2019-12-09,40.75500254,-73.98014437,293914
2019-12-09,40.73291553,-74.00711384,293915
2019-12-09,40.73291553,-74.00711384,293915
2019-12-09,40.73381219196632,-73.98054420948029,293916
2019-12-09,40.735445,-73.99431,293916
2019-12-09,40.74286877312112,-73.98918628692627,293917
2019-12-09,40.749156,-73.9916,293917
2019-12-09,40.72746420692392,-73.97950418293476,293918
2019-12-09,40.72621788,-73.98379855,293918
2019-12-09,40.72243797,-74.00566443,293919
2019-12-09,40.71754834,-74.01322069,293919
2019-12-09,40.69539817,-73.94954908,293920
2019-12-09,40.69622937,-73.94371094,293920
2019-12-09,40.73827428,-73.98751968,293921
2019-12-09,40.751581,-73.97791,293921
2019-12-09,40.6769694,-73.96579,293922
2019-12-09,40.6776147,-73.97324283,293922
2019-12-09,40.69991755,-73.98971773,293923
2019-12-09,40.71273266,-74.0046073,293923
2019-12-09,40.711512,-74.015756,293924
2019-12-09,40.71939226,-74.00247214,293924
2019-12-09,40.73020660529954,-73.99102628231049,293925
2019-12-09,40.72453734,-73.98185424,293925
2019-12-09,40.7454973,-74.00197139,293926
2019-12-09,40.74173969,-73.99415556,293926
2019-12-09,40.754691750226016,-73.99740189313889,293927
2019-12-09,40.74937024193277,-73.99923384189606,293927
2019-12-09,40.697787,-73.973736,293928
2019-12-09,40.68216564,-73.95399026,293928
2019-12-09,40.711512,-74.015756,293929
2019-12-09,40.7277140777778,-74.01129573583603,293929
2019-12-09,40.738046142482766,-73.99642959237099,293930
2019-12-09,40.74275382865903,-74.00747358798981,293930
2019-12-09,40.76095756,-73.96724467,293931
2019-12-09,40.75640548,-73.9900262,293931
2019-12-09,40.752269,-73.982079,293932
2019-12-09,40.74311555376486,-73.98215353488922,293932
2019-12-09,40.75500254,-73.98014437,293933
2019-12-09,40.76269882,-73.99301222,293933
2019-12-09,40.7667405590595,-73.9790689945221,293934
2019-12-09,40.795346,-73.96186,293934
2019-12-09,40.76302594280519,-73.97209525108337,293935
2019-12-09,40.75019995,-73.99093085,293935
2019-12-09,40.7435337324616,-74.00367558002472,293936
2019-12-09,40.7505853470215,-73.9946848154068,293936
2019-12-09,40.69991755,-73.98971773,293937
2019-12-09,40.69991755,-73.98971773,293937
2019-12-09,40.72494672359416,-74.00165855884552,293938
2019-12-09,40.751873,-73.977706,293938
2019-12-09,40.73971301,-73.99456405,293939
2019-12-09,40.7475739589548,-73.9788007736206,293939
2019-12-09,40.78472675,-73.96961715,293940
2019-12-09,40.78720869,-73.98128127,293940
2019-12-09,40.809725,-73.953149,293941
2019-12-09,40.7989445,-73.944846,293941
2019-12-09,40.76068327096592,-73.9845272898674,293942
2019-12-09,40.744219,-73.97121214,293942
2019-12-09,40.7172274,-73.98802084,293943
2019-12-09,40.71559509,-73.9870295,293943
2019-12-09,40.739445,-73.976806,293944
2019-12-09,40.73704984,-73.99009296,293944
2019-12-09,40.781410700190015,-73.95595908164978,293945
2019-12-09,40.79127,-73.964839,293945
2019-12-09,40.72405549,-74.00965965,293946
2019-12-09,40.739323,-74.008119,293946
2019-12-09,40.781410700190015,-73.95595908164978,293947
2019-12-09,40.79127,-73.964839,293947
2019-12-09,40.69474881,-73.98362464,293948
2019-12-09,40.69573398,-73.97129668,293948
2019-12-09,40.70255065,-74.0127234,293949
2019-12-09,40.711066,-74.009447,293949
2019-12-09,40.76132983124814,-73.97982001304626,293950
2019-12-09,40.75019995,-73.99093085,293950
2019-12-09,40.8045555,-73.9396861,293951
2019-12-09,40.8114323,-73.9518776,293951
2019-12-09,40.70717936,-74.00887308,293952
2019-12-09,40.7149787,-74.013012,293952
2019-12-09,40.7403432,-73.98955109,293953
2019-12-09,40.73587678,-73.98205027,293953
2019-12-09,40.722055,-73.989111,293954
2019-12-09,40.72903917,-73.99404649,293954
2019-12-09,40.71269042,-73.98776323,293955
2019-12-09,40.71739973,-73.98016555,293955
2019-12-09,40.71754834,-74.01322069,293956
2019-12-09,40.73624527,-73.98473765,293956
2019-12-09,40.76500525,-73.95818491,293957
2019-12-09,40.778301,-73.9488134,293957
2019-12-09,40.7489006,-73.97604882,293958
2019-12-09,40.74901271,-73.98848395,293958
2019-12-09,40.749156,-73.9916,293959
2019-12-09,40.730563,-73.973984,293959
2019-12-09,40.74731,-73.95451,293960
2019-12-09,40.72708584,-73.95299117,293960
2019-12-09,40.73020660529954,-73.99102628231049,293961
2019-12-09,40.735367055605394,-73.98797392845154,293961
2019-12-09,40.763189,-73.978434,293962
2019-12-09,40.76009437,-73.99461843,293962
2019-12-09,40.72036775298455,-73.96165072917938,293963
2019-12-09,40.7027,-73.92095,293963
2019-12-09,40.72019521437465,-74.0103006362915,293964
2019-12-09,40.711512,-74.015756,293964
2019-12-09,40.73704984,-73.99009296,293965
2019-12-09,40.73020660529954,-73.99102628231049,293965
2019-12-09,40.71939226,-74.00247214,293966
2019-12-09,40.72066442,-73.98517977,293966
2019-12-09,40.7647,-73.9240312,293967
2019-12-09,40.7658346,-73.9265474,293967
2019-12-09,40.69236178,-73.98631746,293968
2019-12-09,40.697787,-73.973736,293968
2019-12-09,40.76350532,-73.97109243,293969
2019-12-09,40.7770575,-73.97898475,293969
2019-12-09,40.73020660529954,-73.99102628231049,293970
2019-12-09,40.72953837,-73.98426726,293970
2019-12-09,40.7153379,-74.01658354,293971
2019-12-09,40.76087502,-74.00277668,293971
2019-12-09,40.73020660529954,-73.99102628231049,293972
2019-12-09,40.7505853470215,-73.9946848154068,293972
2019-12-09,40.7277140777778,-74.01129573583603,293973
2019-12-09,40.73291553,-74.00711384,293973
2019-12-09,40.72966729392978,-73.98067966103554,293974
2019-12-09,40.73020660529954,-73.99102628231049,293974
2019-12-09,40.74487634,-73.99529885,293975
2019-12-09,40.7403432,-73.98955109,293975
2019-12-09,40.663779,-73.98396846,293976
2019-12-09,40.6721683,-73.9609,293976
2019-12-09,40.71260486,-73.96264403,293977
2019-12-09,40.72606,-73.95621,293977
2019-12-09,40.74901271,-73.98848395,293978
2019-12-09,40.75724567911726,-73.97805914282799,293978
2019-12-09,40.73020660529954,-73.99102628231049,293979
2019-12-09,40.7505853470215,-73.9946848154068,293979
2019-12-09,40.6758329439129,-74.01472628116608,293980
2019-12-09,40.69535693320225,-73.99344027042389,293980
2019-12-09,40.7451677,-73.98683077,293981
2019-12-09,40.73971301,-73.99456405,293981
2019-12-09,40.70706456,-74.00731853,293982
2019-12-09,40.7277140777778,-74.01129573583603,293982
2019-12-09,40.739445,-73.976806,293983
2019-12-09,40.73587678,-73.98205027,293983
2019-12-09,40.71754834,-74.01322069,293984
2019-12-09,40.7277140777778,-74.01129573583603,293984
2019-12-09,40.7153379,-74.01658354,293985
2019-12-09,40.693261,-73.968896,293985
2019-12-09,40.72951496224949,-73.99075269699097,293986
2019-12-09,40.72299208,-73.97995466,293986
2019-12-09,40.72405549,-74.00965965,293987
2019-12-09,40.73587678,-73.98205027,293987
2019-12-09,40.73704984,-73.99009296,293988
2019-12-09,40.73587678,-73.98205027,293988
2019-12-09,40.75001986,-73.96905301,293989
2019-12-09,40.7577284,-73.9166368,293989
2019-12-09,40.738046142482766,-73.99642959237099,293990
2019-12-09,40.75992262,-73.97648516,293990
2019-12-09,40.72185379,-74.00771779,293991
2019-12-09,40.73381219196632,-73.98054420948029,293991
2019-12-09,40.7462009,-73.98855723,293992
2019-12-09,40.751581,-73.97791,293992
2019-12-09,40.74322681432173,-73.97449783980846,293993
2019-12-09,40.7489006,-73.97604882,293993
2019-12-09,40.751551,-73.993934,293994
2019-12-09,40.72456089,-73.99565293,293994
2019-12-09,40.70905623,-74.01043382,293995
2019-12-09,40.70530954,-74.00612572,293995
2019-12-09,40.74238787,-73.99726235,293996
2019-12-09,40.746745,-74.007756,293996
2019-12-09,40.72228087,-73.97668709,293997
2019-12-09,40.718822,-73.99596,293997
2019-12-09,40.75640548,-73.9900262,293998
2019-12-09,40.76030096,-73.99884222,293998
2019-12-09,40.752269,-73.982079,293999
2019-12-09,40.805159,-73.954692,293999
2019-12-09,40.7262807,-73.98978041,294000
2019-12-09,40.70905623,-74.01043382,294000
2019-12-09,40.6795766,-73.97854971,294001
2019-12-09,40.68691865,-73.976682,294001
2019-12-09,40.7403432,-73.98955109,294002
2019-12-09,40.73454567,-73.99074142,294002
2019-12-09,40.73781509,-73.99994661,294003
2019-12-09,40.73020660529954,-73.99102628231049,294003
2019-12-09,40.73944820130404,-74.00507032871246,294004
2019-12-09,40.73224119,-74.00026394,294004
2019-12-09,40.69327018,-73.97703874,294005
2019-12-09,40.69363137,-73.96223558,294005
2019-12-09,40.76269882,-73.99301222,294006
2019-12-09,40.76068327096592,-73.9845272898674,294006
2019-12-09,40.754120810779256,-73.98025184869766,294007
2019-12-09,40.72229346,-73.99147535,294007
2019-12-09,40.697787,-73.973736,294008
2019-12-09,40.69331716,-73.95381995,294008
2019-12-09,40.75172632,-73.98753523,294009
2019-12-09,40.74937024193277,-73.99923384189606,294009
2019-12-09,40.71745169,-73.95850939,294010
2019-12-09,40.72606,-73.95621,294010
2019-12-09,40.8109494,-73.9634,294011
2019-12-09,40.8021174,-73.9681805305,294011
2019-12-09,40.76132983124814,-73.97982001304626,294012
2019-12-09,40.74780373,-73.9734419,294012
2019-12-09,40.680944723477296,-73.97567331790923,294013
2019-12-09,40.6751622,-73.9814832,294013
2019-12-09,40.716887,-73.963198,294014
2019-12-09,40.69622937,-73.94371094,294014
2019-12-09,40.6707767,-73.9576801,294015
2019-12-09,40.6765198,-73.9596082,294015
2019-12-09,40.7423737,-73.9566,294016
2019-12-09,40.73555,-73.95284,294016
2019-12-09,40.73827428,-73.98751968,294017
2019-12-09,40.73704984,-73.99009296,294017
2019-12-09,40.759125,-73.962658,294018
2019-12-09,40.72019576,-73.98997825,294018
2019-12-09,40.751396,-74.005226,294019
2019-12-09,40.74734825,-73.99723551,294019
2019-12-09,40.7568001,-73.98291153,294020
2019-12-09,40.75172632,-73.98753523,294020
2019-12-09,40.72456089,-73.99565293,294021
2019-12-09,40.73020660529954,-73.99102628231049,294021
2019-12-09,40.75255434,-73.97282625,294022
2019-12-09,40.751551,-73.993934,294022
2019-12-09,40.77282817,-73.96685276,294023
2019-12-09,40.75513557,-73.98658032,294023
2019-12-09,40.7277140777778,-74.01129573583603,294024
2019-12-09,40.770513,-73.988038,294024
2019-12-09,40.7857851,-73.957481,294025
2019-12-09,40.7921,-73.9739,294025
2019-12-09,40.735238,-74.000271,294026
2019-12-09,40.72706363348306,-73.99662137031554,294026
2019-12-09,40.73781509,-73.99994661,294027
2019-12-09,40.735238,-74.000271,294027
2019-12-09,40.7882213,-73.97041561,294028
2019-12-09,40.8014866,-73.9442507,294028
2019-12-09,40.814394437915816,-73.95324736833572,294029
2019-12-09,40.8014866,-73.9442507,294029
2019-12-09,40.680342423,-73.9557689392,294030
2019-12-09,40.6758324,-73.9561677,294030
2019-12-09,40.8143256,-73.9590255,294031
2019-12-09,40.8045555,-73.9396861,294031
2019-12-09,40.6729679,-73.97087984,294032
2019-12-09,40.663779,-73.98396846,294032
2019-12-09,40.7390169121,-74.0026376103,294033
2019-12-09,40.73291553,-74.00711384,294033
2019-12-09,40.72502876,-73.99069656,294034
2019-12-09,40.69760127,-73.99344559,294034
2019-12-09,40.75500254,-73.98014437,294035
2019-12-09,40.75019995,-73.99093085,294035
2019-12-09,40.751396,-74.005226,294036
2019-12-09,40.73935542,-73.99931783,294036
2019-12-09,40.70355377,-74.00670227,294037
2019-12-09,40.71117444,-73.99682619,294037
2019-12-09,40.75019995,-73.99093085,294038
2019-12-09,40.736502,-73.97809472,294038
2019-12-09,40.68323865460341,-73.96599590778351,294039
2019-12-09,40.6791944,-73.9587903,294039
2019-12-09,40.73624527,-73.98473765,294040
2019-12-09,40.7435337324616,-74.00367558002472,294040
2019-12-09,40.73781509,-73.99994661,294041
2019-12-09,40.73143724085228,-73.99490341544151,294041
2019-12-09,40.73291553,-74.00711384,294042
2019-12-09,40.7361967,-74.00859207,294042
2019-12-09,40.74096374,-73.98602213,294043
2019-12-09,40.75640548,-73.9900262,294043
2019-12-09,40.7451677,-73.98683077,294044
2019-12-09,40.751581,-73.97791,294044
2019-12-09,40.70905623,-74.01043382,294045
2019-12-09,40.76087502,-74.00277668,294045
2019-12-09,40.70706456,-74.00731853,294046
2019-12-09,40.70955958,-74.00653609,294046
2019-12-09,40.7652654,-73.98192338,294047
2019-12-09,40.75929124,-73.98859651,294047
2019-12-09,40.7643971,-73.97371465,294048
2019-12-09,40.761573,-73.972628,294048
2019-12-09,40.7390169121,-74.0026376103,294049
2019-12-09,40.74345335,-74.00004031,294049
2019-12-09,40.70365182,-74.01167797,294050
2019-12-09,40.714211,-73.981095,294050
2019-12-09,40.76500525,-73.95818491,294051
2019-12-09,40.751581,-73.97791,294051
2019-12-09,40.74275382865903,-74.00747358798981,294052
2019-12-09,40.73172428,-74.00674436,294052
2019-12-09,40.7037992,-74.00838676,294053
2019-12-09,40.714211,-73.981095,294053
2019-12-09,40.76095756,-73.96724467,294054
2019-12-09,40.7612274,-73.96094022,294054
2019-12-09,40.71494807,-74.00234482,294055
2019-12-09,40.70905623,-74.01043382,294055
2019-12-09,40.741459,-73.983293,294056
2019-12-09,40.74395411,-73.99144871,294056
2019-12-09,40.7489006,-73.97604882,294057
2019-12-09,40.730563,-73.973984,294057
2019-12-09,40.6792788,-73.98154004,294058
2019-12-09,40.6751622,-73.9814832,294058
2019-12-09,40.749156,-73.9916,294059
2019-12-09,40.7284186,-73.98713956,294059
2019-12-09,40.74232744,-73.95411749,294060
2019-12-09,40.73564,-73.95866,294060
2019-12-09,40.76350532,-73.97109243,294061
2019-12-09,40.763954,-73.9646,294061
2019-12-09,40.7149787,-74.013012,294062
2019-12-09,40.71427487,-73.98990025,294062
2019-12-09,40.7381765,-73.97738662,294063
2019-12-09,40.73624527,-73.98473765,294063
2019-12-09,40.728846,-74.008591,294064
2019-12-09,40.730563,-73.973984,294064
2019-12-09,40.6792788,-73.98154004,294065
2019-12-09,40.6767,-73.969024,294065
2019-12-09,40.76915505,-73.98191841,294066
2019-12-09,40.77149671054441,-73.99046033620834,294066
2019-12-09,40.7149787,-74.013012,294067
2019-12-09,40.71260486,-73.96264403,294067
2019-12-09,40.70767788,-73.94016171,294068
2019-12-09,40.69064807082943,-73.95746178925037,294068
2019-12-09,40.7568001,-73.98291153,294069
2019-12-09,40.75019995,-73.99093085,294069
2019-12-09,40.680611,-73.99475825,294070
2019-12-09,40.679043,-74.011169,294070
2019-12-09,40.71745169,-73.95850939,294071
2019-12-09,40.716887,-73.963198,294071
2019-12-09,40.749717753,-74.002950346,294072
2019-12-09,40.73652889,-74.00618026,294072
2019-12-09,40.6795766,-73.97854971,294073
2019-12-09,40.68764484,-73.96968902,294073
2019-12-09,40.7435337324616,-74.00367558002472,294074
2019-12-09,40.7505853470215,-73.9946848154068,294074
2019-12-09,40.76132983124814,-73.97982001304626,294075
2019-12-09,40.744219,-73.97121214,294075
2019-12-09,40.73026,-73.95394,294076
2019-12-09,40.73266,-73.95826,294076
2019-12-09,40.680611,-73.99475825,294077
2019-12-09,40.6829151,-73.99318208,294077
2019-12-09,40.72502876,-73.99069656,294078
2019-12-09,40.72082834,-73.97793172,294078
2019-12-09,40.75724567911726,-73.97805914282799,294079
2019-12-09,40.73935542,-73.99931783,294079
2019-12-09,40.72951496224949,-73.99075269699097,294080
2019-12-09,40.72966729392978,-73.98067966103554,294080
2019-12-09,40.74286877312112,-73.98918628692627,294081
2019-12-09,40.73331967,-73.99510132,294081
2019-12-09,40.6847514,-73.99917254,294082
2019-12-09,40.6802133,-73.98432695,294082
2019-12-09,40.72746420692392,-73.97950418293476,294083
2019-12-09,40.71559509,-73.9870295,294083
2019-12-09,40.7568001,-73.98291153,294084
2019-12-09,40.74964,-73.98805,294084
2019-12-09,40.7568001,-73.98291153,294085
2019-12-09,40.75929124,-73.98859651,294085
2019-12-09,40.7361967,-74.00859207,294086
2019-12-09,40.73944820130404,-74.00507032871246,294086
2019-12-09,40.71605866,-73.99190759,294087
2019-12-09,40.714211,-73.981095,294087
2019-12-09,40.73624527,-73.98473765,294088
2019-12-09,40.74345335,-74.00004031,294088
2019-12-09,40.73172428,-74.00674436,294089
2019-12-09,40.718822,-73.99596,294089
2019-12-09,40.75466591,-73.99138152,294090
2019-12-09,40.75898481399634,-73.99379968643188,294090
2019-12-09,40.71469,-73.95739,294091
2019-12-09,40.71915571696044,-73.94885390996933,294091
2019-12-09,40.74311555376486,-73.98215353488922,294092
2019-12-09,40.7462009,-73.98855723,294092
2019-12-09,40.74691959,-74.00451887,294093
2019-12-09,40.7505853470215,-73.9946848154068,294093
2019-12-09,40.77140426,-73.9535166,294094
2019-12-09,40.77314236,-73.95856158,294094
2019-12-09,40.7734066,-73.97782542,294095
2019-12-09,40.805973,-73.964928,294095
2019-12-09,40.77149671054441,-73.99046033620834,294096
2019-12-09,40.754120810779256,-73.98025184869766,294096
2019-12-09,40.7687620293096,-73.95840793848038,294097
2019-12-09,40.778301,-73.9488134,294097
2019-12-09,40.75323098,-73.97032517,294098
2019-12-09,40.75110165,-73.94073717,294098
2019-12-09,40.72906,-73.95779,294099
2019-12-09,40.71924,-73.95242,294099
2019-12-09,40.74096374,-73.98602213,294100
2019-12-09,40.7390169121,-74.0026376103,294100
2019-12-09,40.751873,-73.977706,294101
2019-12-09,40.734232,-73.986923,294101
2019-12-09,40.73269,-73.98974,294102
2019-12-09,40.73781509,-73.99994661,294102
2019-12-09,40.7919557,-73.968087,294103
2019-12-09,40.801694,-73.957145,294103
2019-12-09,40.76344058,-73.98268129,294104
2019-12-09,40.76500525,-73.95818491,294104
2019-12-09,40.72951496224949,-73.99075269699097,294105
2019-12-09,40.7489006,-73.97604882,294105
2019-12-09,40.77748046,-73.98288594,294106
2019-12-09,40.75797322,-73.96603308,294106
2019-12-09,40.68764484,-73.96968902,294107
2019-12-09,40.68676793,-73.95928168,294107
2019-12-09,40.74901271,-73.98848395,294108
2019-12-09,40.74734825,-73.99723551,294108
2019-12-09,40.711512,-74.015756,294109
2019-12-09,40.789622,-73.97757,294109
2019-12-09,40.76500525,-73.95818491,294110
2019-12-09,40.75797322,-73.96603308,294110
2019-12-09,40.76228826,-73.98336183,294111
2019-12-09,40.7652654,-73.98192338,294111
2019-12-09,40.75510267,-73.97498696,294112
2019-12-09,40.75019995,-73.99093085,294112
2019-12-09,40.72217444,-73.98368779,294113
2019-12-09,40.73047309,-73.98672378,294113
2019-12-09,40.76302594280519,-73.97209525108337,294114
2019-12-09,40.78307,-73.95939,294114
2019-12-09,40.74394314,-73.97966069,294115
2019-12-09,40.741459,-73.983293,294115
2019-12-09,40.75510267,-73.97498696,294116
2019-12-09,40.75929124,-73.98859651,294116
2019-12-09,40.751581,-73.97791,294117
2019-12-09,40.74444921,-73.98303529,294117
2019-12-09,40.751551,-73.993934,294118
2019-12-09,40.74290902,-73.97706058,294118
2019-12-09,40.74286877312112,-73.98918628692627,294119
2019-12-09,40.75929124,-73.98859651,294119
2019-12-09,40.711066,-74.009447,294120
2019-12-09,40.7149787,-74.013012,294120
2019-12-09,40.7489006,-73.97604882,294121
2019-12-09,40.75892386377695,-73.96226227283478,294121
2019-12-09,40.75019995,-73.99093085,294122
2019-12-09,40.73038599,-74.00214988,294122
2019-12-09,40.68676793,-73.95928168,294123
2019-12-09,40.69072549,-73.95133465,294123
2019-12-09,40.74096374,-73.98602213,294124
2019-12-09,40.75466591,-73.99138152,294124
2019-12-09,40.75466591,-73.99138152,294125
2019-12-09,40.7919557,-73.968087,294125
2019-12-09,40.73935542,-73.99931783,294126
2019-12-09,40.7454973,-74.00197139,294126
2019-12-09,40.73331967,-73.99510132,294127
2019-12-09,40.72740794,-73.98142006,294127
2019-12-09,40.73224119,-74.00026394,294128
2019-12-09,40.7262807,-73.98978041,294128
2019-12-09,40.751396,-74.005226,294129
2019-12-09,40.7505853470215,-73.9946848154068,294129
2019-12-09,40.73331967,-73.99510132,294130
2019-12-09,40.72740794,-73.98142006,294130
2019-12-09,40.7934337,-73.94945003,294131
2019-12-09,40.778301,-73.9488134,294131
2019-12-09,40.70530954,-74.00612572,294132
2019-12-09,40.711066,-74.009447,294132
2019-12-09,40.7569332,-73.9262231,294133
2019-12-09,40.7713937,-73.9077436,294133
2019-12-09,40.73944820130404,-74.00507032871246,294134
2019-12-09,40.7454973,-74.00197139,294134
2019-12-09,40.713126,-73.984844,294135
2019-12-09,40.72228087,-73.97668709,294135
2019-12-09,40.749156,-73.9916,294136
2019-12-09,40.751873,-73.977706,294136
2019-12-09,40.711512,-74.015756,294137
2019-12-09,40.70834698,-74.01713445,294137
2019-12-09,40.7153379,-74.01658354,294138
2019-12-09,40.701907,-74.013942,294138
2019-12-09,40.77862688,-73.95772073,294139
2019-12-09,40.7689738,-73.95482273,294139
2019-12-09,40.73912601,-73.97973776,294140
2019-12-09,40.72307749068673,-73.98583620786667,294140
2019-12-09,40.76370739,-73.9851615,294141
2019-12-09,40.77579376683666,-73.9762057363987,294141
2019-12-09,40.702461,-73.986842,294142
2019-12-09,40.693261,-73.968896,294142
2019-12-09,40.75510267,-73.97498696,294143
2019-12-09,40.768254,-73.988639,294143
2019-12-09,40.75019995,-73.99093085,294144
2019-12-09,40.74096374,-73.98602213,294144
2019-12-09,40.749156,-73.9916,294145
2019-12-09,40.73912601,-73.97973776,294145
2019-12-09,40.75500254,-73.98014437,294146
2019-12-09,40.7462009,-73.98855723,294146
2019-12-09,40.7687620293096,-73.95840793848038,294147
2019-12-09,40.778301,-73.9488134,294147
2019-12-09,40.73971301,-73.99456405,294148
2019-12-09,40.7435337324616,-74.00367558002472,294148
2019-12-09,40.6802133,-73.98432695,294149
2019-12-09,40.6729679,-73.97087984,294149
2019-12-09,40.76095756,-73.96724467,294150
2019-12-09,40.7817212,-73.94594,294150
2019-12-09,40.76095756,-73.96724467,294151
2019-12-09,40.7652654,-73.98192338,294151
2019-12-09,40.73704984,-73.99009296,294152
2019-12-09,40.72494672359416,-74.00165855884552,294152
2019-12-09,40.74311555376486,-73.98215353488922,294153
2019-12-09,40.74475148,-73.99915362,294153
2019-12-09,40.6787242,-73.99599099,294154
2019-12-09,40.6750705,-73.98775226,294154
2019-12-09,40.695065,-73.987167,294155
2019-12-09,40.73223272,-73.98889957,294155
2019-12-09,40.66314,-73.9605695,294156
2019-12-09,40.6728155,-73.98352355,294156
2019-12-09,40.75992262,-73.97648516,294157
2019-12-09,40.744219,-73.97121214,294157
2019-12-09,40.72494672359416,-74.00165855884552,294158
2019-12-09,40.71485150526252,-74.01122331619263,294158
2019-12-09,40.746745,-74.007756,294159
2019-12-09,40.73827428,-73.98751968,294159
2019-12-09,40.781410700190015,-73.95595908164978,294160
2019-12-09,40.7801839724239,-73.97728532552719,294160
2019-12-09,40.72019521437465,-74.0103006362915,294161
2019-12-09,40.71450451,-74.00562789,294161
2019-12-09,40.6763947,-73.99869893,294162
2019-12-09,40.6902375,-73.99203074,294162
2019-12-09,40.74734825,-73.99723551,294163
2019-12-09,40.7575699,-73.99098507,294163
2019-12-09,40.717571,-74.005549,294164
2019-12-09,40.71939226,-74.00247214,294164
2019-12-09,40.73401143,-74.00293877,294165
2019-12-09,40.73226398,-73.99852205,294165
2019-12-09,40.7239567849954,-73.94984364509583,294166
2019-12-09,40.693,-73.90824,294166
2019-12-09,40.72951496224949,-73.99075269699097,294167
2019-12-09,40.713126,-73.984844,294167
2019-12-09,40.72217444,-73.98368779,294168
2019-12-09,40.72740794,-73.98142006,294168
2019-12-09,40.738046142482766,-73.99642959237099,294169
2019-12-09,40.73944820130404,-74.00507032871246,294169
2019-12-09,40.7403432,-73.98955109,294170
2019-12-09,40.72746420692392,-73.97950418293476,294170
2019-12-09,40.72243797,-74.00566443,294171
2019-12-09,40.717571,-74.005549,294171
2019-12-09,40.75097711,-73.98765428,294172
2019-12-09,40.76030096,-73.99884222,294172
2019-12-09,40.734814,-73.992085,294173
2019-12-09,40.74937024193277,-73.99923384189606,294173
2019-12-09,40.7475739589548,-73.9788007736206,294174
2019-12-09,40.74901271,-73.98848395,294174
2019-12-09,40.75500254,-73.98014437,294175
2019-12-09,40.75019995,-73.99093085,294175
2019-12-09,40.722055,-73.989111,294176
2019-12-09,40.73047309,-73.98672378,294176
2019-12-09,40.74395411,-73.99144871,294177
2019-12-09,40.74290902,-73.97706058,294177
2019-12-09,40.7403432,-73.98955109,294178
2019-12-09,40.73704984,-73.99009296,294178
2019-12-09,40.739445,-73.976806,294179
2019-12-09,40.751581,-73.97791,294179
2019-12-09,40.6772744,-73.98282002,294180
2019-12-09,40.6705135,-73.98876585,294180
2019-12-09,40.73587678,-73.98205027,294181
2019-12-09,40.73020660529954,-73.99102628231049,294181
2019-12-09,40.72456089,-73.99565293,294182
2019-12-09,40.73827428,-73.98751968,294182
2019-12-09,40.7403432,-73.98955109,294183
2019-12-09,40.73971301,-73.99456405,294183
2019-12-09,40.72951496224949,-73.99075269699097,294184
2019-12-09,40.72019576,-73.98997825,294184
2019-12-09,40.72110063,-73.9919254,294185
2019-12-09,40.72521311,-73.97768752,294185
2019-12-09,40.6802133,-73.98432695,294186
2019-12-09,40.6867443,-73.99063168,294186
2019-12-09,40.70530954,-74.00612572,294187
2019-12-09,40.714211,-73.981095,294187
2019-12-09,40.752165280621966,-73.97992193698882,294188
2019-12-09,40.76228826,-73.98336183,294188
2019-12-09,40.730563,-73.973984,294189
2019-12-09,40.746647,-73.993915,294189
2019-12-09,40.688417427540834,-73.98451656103134,294190
2019-12-09,40.68506807308177,-73.97790759801863,294190
2019-12-09,40.749156,-73.9916,294191
2019-12-09,40.74286877312112,-73.98918628692627,294191
2019-12-09,40.75510267,-73.97498696,294192
2019-12-09,40.75929124,-73.98859651,294192
2019-12-09,40.707873,-74.00167,294193
2019-12-09,40.70955958,-74.00653609,294193
2019-12-09,40.7781314,-73.96069399,294194
2019-12-09,40.7921,-73.9739,294194
2019-12-09,40.75466591,-73.99138152,294195
2019-12-09,40.749156,-73.9916,294195
2019-12-09,40.69327018,-73.97703874,294196
2019-12-09,40.67890679,-73.94142771,294196
2019-12-09,40.73401143,-74.00293877,294197
2019-12-09,40.7153379,-74.01658354,294197
2019-12-09,40.75992262,-73.97648516,294198
2019-12-09,40.7546011026,-73.971878855,294198
2019-12-09,40.73912601,-73.97973776,294199
2019-12-09,40.75660359,-73.9979009,294199
2019-12-09,40.7457121,-73.98194829,294200
2019-12-09,40.751873,-73.977706,294200
2019-12-09,40.75510267,-73.97498696,294201
2019-12-09,40.76269882,-73.99301222,294201
2019-12-09,40.69760127,-73.99344559,294202
2019-12-09,40.6847514,-73.99917254,294202
2019-12-09,40.751396,-74.005226,294203
2019-12-09,40.73704984,-73.99009296,294203
2019-12-09,40.72405549,-74.00965965,294204
2019-12-09,40.72405549,-74.00965965,294204
2019-12-09,40.74173969,-73.99415556,294205
2019-12-09,40.746745,-74.007756,294205
2019-12-09,40.6999974843885,-73.97440128028393,294206
2019-12-09,40.69363137,-73.96223558,294206
2019-12-09,40.728846,-74.008591,294207
2019-12-09,40.746745,-74.007756,294207
2019-12-09,40.7779453,-73.946041,294208
2019-12-09,40.77565541,-73.95068615,294208
2019-12-09,40.74780373,-73.9734419,294209
2019-12-09,40.76500525,-73.95818491,294209
2019-12-09,40.75022392,-73.97121414,294210
2019-12-09,40.7667405590595,-73.9790689945221,294210
2019-12-09,40.71602118,-73.99974372,294211
2019-12-09,40.73704984,-73.99009296,294211
2019-12-09,40.73726186,-73.99238967,294212
2019-12-09,40.74395411,-73.99144871,294212
2019-12-09,40.76727216,-73.99392888,294213
2019-12-09,40.75724567911726,-73.97805914282799,294213
2019-12-09,40.7867947,-73.977112,294214
2019-12-09,40.79127,-73.964839,294214
2019-12-09,40.7867947,-73.977112,294215
2019-12-09,40.79127,-73.964839,294215
2019-12-09,40.74964,-73.98805,294216
2019-12-09,40.71939226,-74.00247214,294216
2019-12-09,40.73291553,-74.00711384,294217
2019-12-09,40.7829391,-73.9786517,294217
2019-12-09,40.76500525,-73.95818491,294218
2019-12-09,40.76408932350688,-73.91065120697021,294218
2019-12-09,40.7575699,-73.99098507,294219
2019-12-09,40.76227205,-73.98788205,294219
2019-12-09,40.6772744,-73.98282002,294220
2019-12-09,40.6728155,-73.98352355,294220
2019-12-09,40.75714758,-73.97207836,294221
2019-12-09,40.7652654,-73.98192338,294221
2019-12-09,40.74275382865903,-74.00747358798981,294222
2019-12-09,40.76087502,-74.00277668,294222
2019-12-09,40.76590936,-73.97634151,294223
2019-12-09,40.76915505,-73.98191841,294223
2019-12-09,40.76009437,-73.99461843,294224
2019-12-09,40.76068327096592,-73.9845272898674,294224
2019-12-09,40.74286877312112,-73.98918628692627,294225
2019-12-09,40.73587678,-73.98205027,294225
2019-12-09,40.74252,-73.948852,294226
2019-12-09,40.710451,-73.960876,294226
2019-12-09,40.7403432,-73.98955109,294227
2019-12-09,40.76227205,-73.98788205,294227
2019-12-09,40.722103786686034,-73.99724900722504,294228
2019-12-09,40.71427487,-73.98990025,294228
2019-12-09,40.76370739,-73.9851615,294229
2019-12-09,40.76068327096592,-73.9845272898674,294229
2019-12-09,40.72362738,-73.99949601,294230
2019-12-09,40.73172428,-74.00674436,294230
2019-12-09,40.78499979,-73.97283406,294231
2019-12-09,40.7973721,-73.97041192,294231
2019-12-09,40.74286877312112,-73.98918628692627,294232
2019-12-09,40.72621788,-73.98379855,294232
2019-12-09,40.71816969454208,-73.95520135760307,294233
2019-12-09,40.73564,-73.95866,294233
2019-12-09,40.71117416,-74.00016545,294234
2019-12-09,40.71117416,-74.00016545,294234
2019-12-09,40.70955958,-74.00653609,294235
2019-12-09,40.718822,-73.99596,294235
2019-12-09,40.75500254,-73.98014437,294236
2019-12-09,40.7919557,-73.968087,294236
2019-12-09,40.7829391,-73.9786517,294237
2019-12-09,40.77748046,-73.98288594,294237
2019-12-09,40.68962188790333,-73.98304268717766,294238
2019-12-09,40.6786115,-73.99037292,294238
2019-12-09,40.74317449,-74.00366443,294239
2019-12-09,40.72456089,-73.99565293,294239
2019-12-09,40.7923272,-73.9383,294240
2019-12-09,40.7949879,-73.9333349,294240
2019-12-09,40.73172428,-74.00674436,294241
2019-12-09,40.76087502,-74.00277668,294241
2019-12-09,40.739445,-73.976806,294242
2019-12-09,40.73381219196632,-73.98054420948029,294242
2019-12-09,40.7454973,-74.00197139,294243
2019-12-09,40.74734825,-73.99723551,294243
2019-12-09,40.76132983124814,-73.97982001304626,294244
2019-12-09,40.78307,-73.95939,294244
2019-12-09,40.78839,-73.9747,294245
2019-12-09,40.7919557,-73.968087,294245
2019-12-09,40.76341379,-73.99667444,294246
2019-12-09,40.7973721,-73.97041192,294246
2019-12-09,40.77579376683666,-73.9762057363987,294247
2019-12-09,40.7801839724239,-73.97728532552719,294247
2019-12-09,40.739445,-73.976806,294248
2019-12-09,40.75466591,-73.99138152,294248
2019-12-09,40.72951496224949,-73.99075269699097,294249
2019-12-09,40.72951496224949,-73.99075269699097,294249
2019-12-09,40.72951496224949,-73.99075269699097,294250
2019-12-09,40.72228087,-73.97668709,294250
2019-12-09,40.70255088,-73.98940236,294251
2019-12-09,40.693261,-73.968896,294251
2019-12-09,40.76360467795863,-73.98917958140373,294252
2019-12-09,40.76344058,-73.98268129,294252
2019-12-09,40.749156,-73.9916,294253
2019-12-09,40.73223272,-73.98889957,294253
2019-12-09,40.746647,-73.993915,294254
2019-12-09,40.73587678,-73.98205027,294254
2019-12-09,40.746647,-73.993915,294255
2019-12-09,40.74173969,-73.99415556,294255
2019-12-09,40.72494672359416,-74.00165855884552,294256
2019-12-09,40.76087502,-74.00277668,294256
2019-12-09,40.72019576,-73.98997825,294257
2019-12-09,40.710451,-73.960876,294257
2019-12-09,40.69221589,-73.9842844,294258
2019-12-09,40.694281141397326,-73.99230033159256,294258
2019-12-09,40.751396,-74.005226,294259
2019-12-09,40.74734825,-73.99723551,294259
2019-12-09,40.66314,-73.9605695,294260
2019-12-09,40.68652,-73.91321,294260
2019-12-09,40.74395411,-73.99144871,294261
2019-12-09,40.73532427,-73.99800419,294261
2019-12-09,40.73454567,-73.99074142,294262
2019-12-09,40.7262807,-73.98978041,294262
2019-12-09,40.770513,-73.988038,294263
2019-12-09,40.76915505,-73.98191841,294263
2019-12-09,40.72019521437465,-74.0103006362915,294264
2019-12-09,40.70905623,-74.01043382,294264
2019-12-09,40.7835016,-73.955327,294265
2019-12-09,40.7973721,-73.97041192,294265
2019-12-09,40.73912601,-73.97973776,294266
2019-12-09,40.7489006,-73.97604882,294266
2019-12-09,40.710451,-73.960876,294267
2019-12-09,40.69128258,-73.9452416,294267
2019-12-09,40.77149671054441,-73.99046033620834,294268
2019-12-09,40.75466591,-73.99138152,294268
2019-12-09,40.76068327096592,-73.9845272898674,294269
2019-12-09,40.749156,-73.9916,294269
2019-12-09,40.74286877312112,-73.98918628692627,294270
2019-12-09,40.74173969,-73.99415556,294270
2019-12-09,40.707873,-74.00167,294271
2019-12-09,40.70122128,-74.01234218,294271
2019-12-09,40.7652654,-73.98192338,294272
2019-12-09,40.75466591,-73.99138152,294272
2019-12-09,40.75594159,-74.0021163,294273
2019-12-09,40.763189,-73.978434,294273
2019-12-09,40.6867443,-73.99063168,294274
2019-12-09,40.69512845,-73.99595065,294274
2019-12-09,40.69839895,-73.98068914,294275
2019-12-09,40.68926942,-73.98912867,294275
2019-12-09,40.74487634,-73.99529885,294276
2019-12-09,40.74487634,-73.99529885,294276
2019-12-09,40.72243797,-74.00566443,294277
2019-12-09,40.751581,-73.97791,294277
2019-12-09,40.75019995,-73.99093085,294278
2019-12-09,40.739323,-74.008119,294278
2019-12-09,40.752269,-73.982079,294279
2019-12-09,40.74765947,-73.98490707,294279
2019-12-09,40.76228826,-73.98336183,294280
2019-12-09,40.7462009,-73.98855723,294280
2019-12-09,40.751581,-73.97791,294281
2019-12-09,40.76228826,-73.98336183,294281
2019-12-09,40.695065,-73.987167,294282
2019-12-09,40.666287,-73.98895053,294282
2019-12-09,40.773763,-73.96222088,294283
2019-12-09,40.7691572,-73.96703464,294283
2019-12-09,40.6867443,-73.99063168,294284
2019-12-09,40.69327018,-73.97703874,294284
2019-12-09,40.7462009,-73.98855723,294285
2019-12-09,40.73704984,-73.99009296,294285
2019-12-09,40.75466591,-73.99138152,294286
2019-12-09,40.7489006,-73.97604882,294286
2019-12-09,40.675146838709786,-73.97523209452629,294287
2019-12-09,40.6728155,-73.98352355,294287
2019-12-09,40.7003,-73.991581,294288
2019-12-09,40.70037867,-73.99548059,294288
2019-12-09,40.6711978,-73.97484126,294289
2019-12-09,40.6704922,-73.98541675,294289
2019-12-09,40.75500254,-73.98014437,294290
2019-12-09,40.75019995,-73.99093085,294290
2019-12-09,40.75724567911726,-73.97805914282799,294291
2019-12-09,40.74901271,-73.98848395,294291
2019-12-09,40.73038599,-74.00214988,294292
2019-12-09,40.7403432,-73.98955109,294292
2019-12-09,40.7659,-73.930819,294293
2019-12-09,40.7527085,-73.9397405,294293
2019-12-09,40.68312489,-73.97895137,294294
2019-12-09,40.688417427540834,-73.98451656103134,294294
2019-12-09,40.730563,-73.973984,294295
2019-12-09,40.720747,-73.986274,294295
2019-12-09,40.73944820130404,-74.00507032871246,294296
2019-12-09,40.73223272,-73.98889957,294296
2019-12-09,40.71739973,-73.98016555,294297
2019-12-09,40.71269042,-73.98776323,294297
2019-12-09,40.746745,-74.007756,294298
2019-12-09,40.73221853,-73.98165557,294298
2019-12-09,40.75510267,-73.97498696,294299
2019-12-09,40.75640548,-73.9900262,294299
2019-12-09,40.7451677,-73.98683077,294300
2019-12-09,40.7403432,-73.98955109,294300
2019-12-09,40.74395411,-73.99144871,294301
2019-12-09,40.749156,-73.9916,294301
2019-12-09,40.75934501,-73.96759673,294302
2019-12-09,40.768254,-73.988639,294302
2019-12-09,40.6711978,-73.97484126,294303
2019-12-09,40.675146838709786,-73.97523209452629,294303
2019-12-09,40.7869946,-73.94164802,294304
2019-12-09,40.7987859,-73.9523,294304
2019-12-09,40.746647,-73.993915,294305
2019-12-09,40.746745,-74.007756,294305
2019-12-09,40.7869946,-73.94164802,294306
2019-12-09,40.795508,-73.941606,294306
2019-12-09,40.678045,-73.962408,294307
2019-12-09,40.68650065,-73.96563307,294307
2019-12-09,40.751396,-74.005226,294308
2019-12-09,40.74734825,-73.99723551,294308
2019-12-09,40.6902375,-73.99203074,294309
2019-12-09,40.6831164,-73.99785267,294309
2019-12-09,40.8067581,-73.9607082,294310
2019-12-09,40.7954121,-73.9441232,294310
2019-12-09,40.72179134,-73.9504154,294311
2019-12-09,40.71745169,-73.95850939,294311
2019-12-09,40.761573,-73.972628,294312
2019-12-09,40.76727216,-73.99392888,294312
2019-12-09,40.77314236,-73.95856158,294313
2019-12-09,40.77573034,-73.9567526,294313
2019-12-09,40.73535398,-74.00483091,294314
2019-12-09,40.722103786686034,-73.99724900722504,294314
2019-12-09,40.76590936,-73.97634151,294315
2019-12-09,40.78307,-73.95939,294315
2019-12-09,40.72299208,-73.97995466,294316
2019-12-09,40.72307749068673,-73.98583620786667,294316
2019-12-09,40.71559509,-73.9870295,294317
2019-12-09,40.71406667,-73.99293911,294317
2019-12-09,40.75066386,-74.00176802,294318
2019-12-09,40.74177603,-74.00149746,294318
2019-12-09,40.7747878,-73.9125551,294319
2019-12-09,40.774591,-73.918544,294319
2019-12-09,40.74286877312112,-73.98918628692627,294320
2019-12-09,40.8011939,-73.9500739,294320
2019-12-09,40.746647,-73.993915,294321
2019-12-09,40.70934,-73.95608,294321
2019-12-09,40.72019576,-73.98997825,294322
2019-12-09,40.714211,-73.981095,294322
2019-12-09,40.69196566,-73.9813018,294323
2019-12-09,40.69308257,-73.97178913,294323
2019-12-09,40.72307749068673,-73.98583620786667,294324
2019-12-09,40.72453734,-73.98185424,294324
2019-12-09,40.8021174,-73.9681805305,294325
2019-12-09,40.7919557,-73.968087,294325
2019-12-09,40.74177603,-74.00149746,294326
2019-12-09,40.734814,-73.992085,294326
2019-12-09,40.7403432,-73.98955109,294327
2019-12-09,40.72953837,-73.98426726,294327
2019-12-09,40.7568001,-73.98291153,294328
2019-12-09,40.74394314,-73.97966069,294328
2019-12-09,40.735445,-73.99431,294329
2019-12-09,40.72307749068673,-73.98583620786667,294329
2019-12-09,40.75724567911726,-73.97805914282799,294330
2019-12-09,40.72746420692392,-73.97950418293476,294330
2019-12-09,40.73047309,-73.98672378,294331
2019-12-09,40.72710258,-74.00297088,294331
2019-12-09,40.72317958,-73.99480012,294332
2019-12-09,40.7172274,-73.98802084,294332
2019-12-09,40.70365182,-74.01167797,294333
2019-12-09,40.70834698,-74.01713445,294333
2019-12-09,40.74901271,-73.98848395,294334
2019-12-09,40.751581,-73.97791,294334
2019-12-09,40.74345335,-74.00004031,294335
2019-12-09,40.74487634,-73.99529885,294335
2019-12-09,40.73047309,-73.98672378,294336
2019-12-09,40.73269,-73.98974,294336
2019-12-09,40.7747878,-73.9125551,294337
2019-12-09,40.7713937,-73.9077436,294337
2019-12-09,40.7449067,-73.9534573,294338
2019-12-09,40.770845,-73.934171,294338
2019-12-09,40.72110063,-73.9919254,294339
2019-12-09,40.72953837,-73.98426726,294339
2019-12-09,40.69196566,-73.9813018,294340
2019-12-09,40.6917823,-73.9737299,294340
2019-12-09,40.71605866,-73.99190759,294341
2019-12-09,40.71146364,-74.00552427,294341
2019-12-09,40.75299641,-73.98721619,294342
2019-12-09,40.7568001,-73.98291153,294342
2019-12-09,40.73704984,-73.99009296,294343
2019-12-09,40.73704984,-73.99009296,294343
2019-12-09,40.72746420692392,-73.97950418293476,294344
2019-12-09,40.72917025,-73.99810231,294344
2019-12-09,40.75466591,-73.99138152,294345
2019-12-09,40.76727216,-73.99392888,294345
2019-12-09,40.74317449,-74.00366443,294346
2019-12-09,40.74173969,-73.99415556,294346
2019-12-09,40.718822,-73.99596,294347
2019-12-09,40.72368361,-73.97574813,294347
2019-12-09,40.701907,-74.013942,294348
2019-12-09,40.71782143,-73.97628939,294348
2019-12-09,40.751396,-74.005226,294349
2019-12-09,40.74734825,-73.99723551,294349
2019-12-09,40.74290902,-73.97706058,294350
2019-12-09,40.73047309,-73.98672378,294350
2019-12-09,40.7403432,-73.98955109,294351
2019-12-09,40.736502,-73.97809472,294351
2019-12-09,40.73726186,-73.99238967,294352
2019-12-09,40.73223272,-73.98889957,294352
2019-12-09,40.6853761,-73.98302136,294353
2019-12-09,40.69236178,-73.98631746,294353
2019-12-09,40.79406660818552,-73.96286845207214,294354
2019-12-09,40.805973,-73.964928,294354
2019-12-09,40.734814,-73.992085,294355
2019-12-09,40.72966729392978,-73.98067966103554,294355
2019-12-09,40.7047177,-74.00926027,294356
2019-12-09,40.71269042,-73.98776323,294356
2019-12-09,40.7597108,-73.97402311,294357
2019-12-09,40.76132983124814,-73.97982001304626,294357
2019-12-09,40.6777287,-73.99364123,294358
2019-12-09,40.68312489,-73.97895137,294358
2019-12-09,40.7457121,-73.98194829,294359
2019-12-09,40.73912601,-73.97973776,294359
2019-12-09,40.71291224,-74.01020234,294360
2019-12-09,40.70355377,-74.00670227,294360
2019-12-09,40.70862144,-74.00722156,294361
2019-12-09,40.70530954,-74.00612572,294361
2019-12-09,40.76370739,-73.9851615,294362
2019-12-09,40.76030096,-73.99884222,294362
2019-12-09,40.7190095,-73.95852515,294363
2019-12-09,40.7103685423523,-73.94705951213837,294363
2019-12-09,40.76344058,-73.98268129,294364
2019-12-09,40.77966809007312,-73.98093044757842,294364
2019-12-09,40.7451677,-73.98683077,294365
2019-12-09,40.73726186,-73.99238967,294365
2019-12-09,40.6737236,-73.9631611,294366
2019-12-09,40.68981035,-73.97493121,294366
2019-12-09,40.718822,-73.99596,294367
2019-12-09,40.713126,-73.984844,294367
2019-12-09,40.74691959,-74.00451887,294368
2019-12-09,40.7403432,-73.98955109,294368
2019-12-09,40.8011939,-73.9500739,294369
2019-12-09,40.7934337,-73.94945003,294369
2019-12-09,40.72185379,-74.00771779,294370
2019-12-09,40.73038599,-74.00214988,294370
2019-12-09,40.7652654,-73.98192338,294371
2019-12-09,40.74691959,-74.00451887,294371
2019-12-09,40.76087502,-74.00277668,294372
2019-12-09,40.7921,-73.9739,294372
2019-12-09,40.75724567911726,-73.97805914282799,294373
2019-12-09,40.746647,-73.993915,294373
2019-12-09,40.6765198,-73.9596082,294374
2019-12-09,40.68900443,-73.96023854,294374
2019-12-09,40.7457121,-73.98194829,294375
2019-12-09,40.7568001,-73.98291153,294375
2019-12-09,40.7546011026,-73.971878855,294376
2019-12-09,40.770513,-73.988038,294376
2019-12-09,40.8045555,-73.9396861,294377
2019-12-09,40.8078316,-73.949373,294377
2019-12-09,40.72243797,-74.00566443,294378
2019-12-09,40.70934,-73.95608,294378
2019-12-09,40.76370739,-73.9851615,294379
2019-12-09,40.75724567911726,-73.97805914282799,294379
2019-12-09,40.722103786686034,-73.99724900722504,294380
2019-12-09,40.72621788,-73.98379855,294380
2019-12-09,40.72019521437465,-74.0103006362915,294381
2019-12-09,40.71939226,-74.00247214,294381
2019-12-09,40.746745,-74.007756,294382
2019-12-09,40.74238787,-73.99726235,294382
2019-12-09,40.70717936,-74.00887308,294383
2019-12-09,40.72706363348306,-73.99662137031554,294383
2019-12-09,40.72362738,-73.99949601,294384
2019-12-09,40.72917025,-73.99810231,294384
2019-12-09,40.75640548,-73.9900262,294385
2019-12-09,40.751581,-73.97791,294385
2019-12-09,40.71625008,-74.0091059,294386
2019-12-09,40.70834698,-74.01713445,294386
2019-12-09,40.75001986,-73.96905301,294387
2019-12-09,40.77565541,-73.95068615,294387
2019-12-09,40.70767788,-73.94016171,294388
2019-12-09,40.6802133,-73.98432695,294388
2019-12-09,40.73143724085228,-73.99490341544151,294389
2019-12-09,40.718822,-73.99596,294389
2019-12-09,40.746745,-74.007756,294390
2019-12-09,40.76727216,-73.99392888,294390
2019-12-09,40.72019521437465,-74.0103006362915,294391
2019-12-09,40.7149787,-74.013012,294391
2019-12-09,40.75066386,-74.00176802,294392
2019-12-09,40.73314259,-73.97573881,294392
2019-12-09,40.72740794,-73.98142006,294393
2019-12-09,40.72299208,-73.97995466,294393
2019-12-09,40.77801203,-73.95407149,294394
2019-12-09,40.7724607,-73.9468208,294394
2019-12-09,40.751396,-74.005226,294395
2019-12-09,40.74475148,-73.99915362,294395
2019-12-09,40.72740794,-73.98142006,294396
2019-12-09,40.735238,-74.000271,294396
2019-12-09,40.76727216,-73.99392888,294397
2019-12-09,40.76344058,-73.98268129,294397
2019-12-09,40.668127,-73.98377641,294398
2019-12-09,40.69327018,-73.97703874,294398
2019-12-09,40.75066386,-74.00176802,294399
2019-12-09,40.7403432,-73.98955109,294399
2019-12-09,40.69239502,-73.99337909,294400
2019-12-09,40.6830456,-74.00348559,294400
2019-12-09,40.75992262,-73.97648516,294401
2019-12-09,40.763954,-73.9646,294401
2019-12-09,40.69985,-73.97141,294402
2019-12-09,40.7190095,-73.95852515,294402
2019-12-09,40.751396,-74.005226,294403
2019-12-09,40.7462009,-73.98855723,294403
2019-12-09,40.69622937,-73.94371094,294404
2019-12-09,40.69072549,-73.95133465,294404
2019-12-09,40.70862144,-74.00722156,294405
2019-12-09,40.73038599,-74.00214988,294405
2019-12-09,40.73944820130404,-74.00507032871246,294406
2019-12-09,40.74238787,-73.99726235,294406
2019-12-09,40.73269,-73.98974,294407
2019-12-09,40.718822,-73.99596,294407
2019-12-09,40.774645,-73.923706,294408
2019-12-09,40.7699176,-73.9184057,294408
2019-12-09,40.722055,-73.989111,294409
2019-12-09,40.71893904,-73.99266288,294409
2019-12-09,40.72903917,-73.99404649,294410
2019-12-09,40.7262807,-73.98978041,294410
2019-12-09,40.69512845,-73.99595065,294411
2019-12-09,40.69512845,-73.99595065,294411
2019-12-09,40.7643971,-73.97371465,294412
2019-12-09,40.77896784,-73.97374737,294412
2019-12-09,40.7568001,-73.98291153,294413
2019-12-09,40.75929124,-73.98859651,294413
2019-12-09,40.6750705,-73.98775226,294414
2019-12-09,40.6867443,-73.99063168,294414
2019-12-09,40.6707767,-73.9576801,294415
2019-12-09,40.676368,-73.952918,294415
2019-12-09,40.74345335,-74.00004031,294416
2019-12-09,40.735238,-74.000271,294416
2019-12-09,40.730563,-73.973984,294417
2019-12-09,40.73221853,-73.98165557,294417
2019-12-09,40.7652654,-73.98192338,294418
2019-12-09,40.761573,-73.972628,294418
2019-12-09,40.76350532,-73.97109243,294419
2019-12-09,40.77966809007312,-73.98093044757842,294419
2019-12-09,40.75640548,-73.9900262,294420
2019-12-09,40.7746671,-73.98470567,294420
2019-12-09,40.71285887,-73.96590294,294421
2019-12-09,40.71893904,-73.99266288,294421
2019-12-09,40.74290902,-73.97706058,294422
2019-12-09,40.74444921,-73.98303529,294422
2019-12-09,40.6802133,-73.98432695,294423
2019-12-09,40.688417427540834,-73.98451656103134,294423
2019-12-09,40.71625008,-74.0091059,294424
2019-12-09,40.72453734,-73.98185424,294424
2019-12-09,40.751551,-73.993934,294425
2019-12-09,40.74238787,-73.99726235,294425
2019-12-09,40.7403432,-73.98955109,294426
2019-12-09,40.739323,-74.008119,294426
2019-12-09,40.75038009,-73.98338988,294427
2019-12-09,40.7475739589548,-73.9788007736206,294427
2019-12-09,40.70355377,-74.00670227,294428
2019-12-09,40.71219906,-73.97948148,294428
2019-12-09,40.7882213,-73.97041561,294429
2019-12-09,40.78414472,-73.98362492,294429
2019-12-09,40.78524672,-73.97667321,294430
2019-12-09,40.7919557,-73.968087,294430
2019-12-09,40.76800889305947,-73.96845281124115,294431
2019-12-09,40.76712840349542,-73.96224617958069,294431
2019-12-09,40.75466591,-73.99138152,294432
2019-12-09,40.77149671054441,-73.99046033620834,294432
2019-12-09,40.75255434,-73.97282625,294433
2019-12-09,40.76132983124814,-73.97982001304626,294433
2019-12-09,40.694281141397326,-73.99230033159256,294434
2019-12-09,40.69239502,-73.99337909,294434
2019-12-09,40.76009437,-73.99461843,294435
2019-12-09,40.7158155,-73.99422366,294435
2019-12-09,40.76009437,-73.99461843,294436
2019-12-09,40.754120810779256,-73.98025184869766,294436
2019-12-09,40.75255434,-73.97282625,294437
2019-12-09,40.75714758,-73.97207836,294437
2019-12-09,40.715143,-73.944507,294438
2019-12-09,40.711863,-73.944024,294438
2019-12-09,40.72307749068673,-73.98583620786667,294439
2019-12-09,40.72228087,-73.97668709,294439
2019-12-09,40.76019252,-73.9912551,294440
2019-12-09,40.770513,-73.988038,294440
2019-12-09,40.72746420692392,-73.97950418293476,294441
2019-12-09,40.7158155,-73.99422366,294441
2019-12-09,40.74691959,-74.00451887,294442
2019-12-09,40.74395411,-73.99144871,294442
2019-12-09,40.76341379,-73.99667444,294443
2019-12-09,40.75724567911726,-73.97805914282799,294443
2019-12-09,40.76009437,-73.99461843,294444
2019-12-09,40.7691572,-73.96703464,294444
2019-12-09,40.74901271,-73.98848395,294445
2019-12-09,40.75640548,-73.9900262,294445
2019-12-09,40.73172428,-74.00674436,294446
2019-12-09,40.73532427,-73.99800419,294446
2019-12-09,40.73381219196632,-73.98054420948029,294447
2019-12-09,40.74144387,-73.97536082,294447
2019-12-09,40.7475739589548,-73.9788007736206,294448
2019-12-09,40.73381219196632,-73.98054420948029,294448
2019-12-09,40.72185379,-74.00771779,294449
2019-12-09,40.72307749068673,-73.98583620786667,294449
2019-12-09,40.8082,-73.9641,294450
2019-12-09,40.818299,-73.960405,294450
2019-12-09,40.7153379,-74.01658354,294451
2019-12-09,40.76341379,-73.99667444,294451
2019-12-09,40.69356,-73.92524,294452
2019-12-09,40.70106,-73.93318,294452
2019-12-09,40.73704984,-73.99009296,294453
2019-12-09,40.72453734,-73.98185424,294453
2019-12-09,40.72307749068673,-73.98583620786667,294454
2019-12-09,40.722103786686034,-73.99724900722504,294454
2019-12-09,40.751396,-74.005226,294455
2019-12-09,40.72953837,-73.98426726,294455
2019-12-09,40.72746420692392,-73.97950418293476,294456
2019-12-09,40.71748752,-74.0104554,294456
2019-12-09,40.74395411,-73.99144871,294457
2019-12-09,40.74238787,-73.99726235,294457
2019-12-09,40.763189,-73.978434,294458
2019-12-09,40.75019995,-73.99093085,294458
2019-12-09,40.702461,-73.986842,294459
2019-12-09,40.6917823,-73.9737299,294459
2019-12-09,40.722103786686034,-73.99724900722504,294460
2019-12-09,40.71850211,-73.98329859,294460
2019-12-09,40.6823687,-73.944118,294461
2019-12-09,40.686203,-73.944694,294461
2019-12-09,40.72299208,-73.97995466,294462
2019-12-09,40.72368361,-73.97574813,294462
2019-12-09,40.7734066,-73.97782542,294463
2019-12-09,40.7462009,-73.98855723,294463
2019-12-09,40.7037992,-74.00838676,294464
2019-12-09,40.71173107,-73.99193043,294464
2019-12-09,40.76344058,-73.98268129,294465
2019-12-09,40.75714758,-73.97207836,294465
2019-12-09,40.73291553,-74.00711384,294466
2019-12-09,40.73381219196632,-73.98054420948029,294466
2019-12-09,40.7457121,-73.98194829,294467
2019-12-09,40.749156,-73.9916,294467
2019-12-09,40.754120810779256,-73.98025184869766,294468
2019-12-09,40.74901271,-73.98848395,294468
2019-12-09,40.75513557,-73.98658032,294469
2019-12-09,40.754120810779256,-73.98025184869766,294469
2019-12-09,40.71427487,-73.98990025,294470
2019-12-09,40.71117444,-73.99682619,294470
2019-12-09,40.7643971,-73.97371465,294471
2019-12-09,40.7734066,-73.97782542,294471
2019-12-09,40.69241829257847,-73.98949474096298,294472
2019-12-09,40.6849668,-73.98620772,294472
2019-12-09,40.68461653897949,-73.98721285164356,294473
2019-12-09,40.6750207,-73.97111473,294473
2019-12-09,40.72951496224949,-73.99075269699097,294474
2019-12-09,40.72966729392978,-73.98067966103554,294474
2019-12-09,40.8011939,-73.9500739,294475
2019-12-09,40.7954121,-73.9441232,294475
2019-12-09,40.77149671054441,-73.99046033620834,294476
2019-12-09,40.76087502,-74.00277668,294476
2019-12-09,40.741459,-73.983293,294477
2019-12-09,40.7403432,-73.98955109,294477
2019-12-09,40.76350532,-73.97109243,294478
2019-12-09,40.7921,-73.9739,294478
2019-12-09,40.7208736,-73.98085795,294479
2019-12-09,40.7208736,-73.98085795,294479
2019-12-09,40.77492513,-73.98266566,294480
2019-12-09,40.76915505,-73.98191841,294480
2019-12-09,40.73971301,-73.99456405,294481
2019-12-09,40.738046142482766,-73.99642959237099,294481
2019-12-09,40.75724567911726,-73.97805914282799,294482
2019-12-09,40.76312584,-73.96526895,294482
2019-12-09,40.73704984,-73.99009296,294483
2019-12-09,40.734814,-73.992085,294483
2019-12-09,40.738046142482766,-73.99642959237099,294484
2019-12-09,40.746745,-74.007756,294484
2019-12-09,40.7208736,-73.98085795,294485
2019-12-09,40.72521311,-73.97768752,294485
2019-12-09,40.74487634,-73.99529885,294486
2019-12-09,40.74177603,-74.00149746,294486
2019-12-09,40.734814,-73.992085,294487
2019-12-09,40.72228087,-73.97668709,294487
2019-12-09,40.76727216,-73.99392888,294488
2019-12-09,40.8013434,-73.9711457439,294488
2019-12-09,40.69331716,-73.95381995,294489
2019-12-09,40.706237,-73.933871,294489
2019-12-09,40.724308321602166,-74.00473035871983,294490
2019-12-09,40.720747,-73.986274,294490
2019-12-09,40.72036775298455,-73.96165072917938,294491
2019-12-09,40.72036775298455,-73.96165072917938,294491
2019-12-09,40.782593,-73.971211,294492
2019-12-09,40.7535992020056,-73.93795609474182,294492
2019-12-09,40.718822,-73.99596,294493
2019-12-09,40.713126,-73.984844,294493
2019-12-09,40.74708586,-73.94977234,294494
2019-12-09,40.745038,-73.957539,294494
2019-12-09,40.7149787,-74.013012,294495
2019-12-09,40.711066,-74.009447,294495
2019-12-09,40.7638753,-73.9364848,294496
2019-12-09,40.7713615,-73.9246145,294496
2019-12-09,40.741459,-73.983293,294497
2019-12-09,40.73381219196632,-73.98054420948029,294497
2019-12-09,40.776165,-73.9153175,294498
2019-12-09,40.7692475,-73.9354504,294498
2019-12-09,40.75513557,-73.98658032,294499
2019-12-09,40.76269882,-73.99301222,294499
2019-12-09,40.7937704,-73.971888,294500
2019-12-09,40.79313480986663,-73.97700369358063,294500
2019-12-09,40.72502876,-73.99069656,294501
2019-12-09,40.71413089,-73.9970468,294501
2019-12-09,40.7475739589548,-73.9788007736206,294502
2019-12-09,40.735367055605394,-73.98797392845154,294502
2019-12-09,40.751551,-73.993934,294503
2019-12-09,40.76370739,-73.9851615,294503
2019-12-09,40.70905623,-74.01043382,294504
2019-12-09,40.70355377,-74.00670227,294504
2019-12-09,40.73726186,-73.99238967,294505
2019-12-09,40.777507027547976,-73.98888587951659,294505
2019-12-09,40.72621788,-73.98379855,294506
2019-12-09,40.74286877312112,-73.98918628692627,294506
2019-12-09,40.74937024193277,-73.99923384189606,294507
2019-12-09,40.735238,-74.000271,294507
2019-12-09,40.749156,-73.9916,294508
2019-12-09,40.7941654,-73.974124,294508
2019-12-09,40.69239502,-73.99337909,294509
2019-12-09,40.69512845,-73.99595065,294509
2019-12-09,40.71816969454208,-73.95520135760307,294510
2019-12-09,40.70924826276157,-73.96063148975372,294510
2019-12-09,40.72917025,-73.99810231,294511
2019-12-09,40.717571,-74.005549,294511
2019-12-09,40.73971301,-73.99456405,294512
2019-12-09,40.72779126,-73.98564945,294512
2019-12-09,40.8086249,-73.9596214,294513
2019-12-09,40.7987859,-73.9523,294513
2019-12-09,40.69236178,-73.98631746,294514
2019-12-09,40.68506807308177,-73.97790759801863,294514
2019-12-09,40.710451,-73.960876,294515
2019-12-09,40.7172274,-73.98802084,294515
2019-12-09,40.809725,-73.953149,294516
2019-12-09,40.8045555,-73.9396861,294516
2019-12-09,40.70255088,-73.98940236,294517
2019-12-09,40.6894932,-73.942061,294517
2019-12-09,40.73314259,-73.97573881,294518
2019-12-09,40.76228826,-73.98336183,294518
2019-12-09,40.718822,-73.99596,294519
2019-12-09,40.74173969,-73.99415556,294519
2019-12-09,40.76269882,-73.99301222,294520
2019-12-09,40.75640548,-73.9900262,294520
2019-12-09,40.74173969,-73.99415556,294521
2019-12-09,40.74765947,-73.98490707,294521
2019-12-09,40.7568001,-73.98291153,294522
2019-12-09,40.768254,-73.988639,294522
2019-12-09,40.73587678,-73.98205027,294523
2019-12-09,40.739445,-73.976806,294523
2019-12-09,40.749156,-73.9916,294524
2019-12-09,40.75466591,-73.99138152,294524
2019-12-09,40.75510267,-73.97498696,294525
2019-12-09,40.77149671054441,-73.99046033620834,294525
2019-12-09,40.74475148,-73.99915362,294526
2019-12-09,40.746745,-74.007756,294526
2019-12-09,40.70255088,-73.98940236,294527
2019-12-09,40.76019252,-73.9912551,294527
2019-12-09,40.76915505,-73.98191841,294528
2019-12-09,40.76344058,-73.98268129,294528
2019-12-09,40.69795031569544,-73.97077560424805,294529
2019-12-09,40.68506807308177,-73.97790759801863,294529
2019-12-09,40.71117416,-74.00016545,294530
2019-12-09,40.72243797,-74.00566443,294530
2019-12-09,40.73971301,-73.99456405,294531
2019-12-09,40.74691959,-74.00451887,294531
2019-12-09,40.72019521437465,-74.0103006362915,294532
2019-12-09,40.71939226,-74.00247214,294532
2019-12-09,40.7361967,-74.00859207,294533
2019-12-09,40.71625008,-74.0091059,294533
2019-12-09,40.73314259,-73.97573881,294534
2019-12-09,40.71939226,-74.00247214,294534
2019-12-09,40.71910537,-73.99973337,294535
2019-12-09,40.7153379,-74.01658354,294535
2019-12-09,40.69580705,-73.97355569,294536
2019-12-09,40.6705135,-73.98876585,294536
2019-12-09,40.75323098,-73.97032517,294537
2019-12-09,40.74394314,-73.97966069,294537
2019-12-09,40.751581,-73.97791,294538
2019-12-09,40.74765947,-73.98490707,294538
2019-12-09,40.74487634,-73.99529885,294539
2019-12-09,40.746745,-74.007756,294539
2019-12-09,40.71285887,-73.96590294,294540
2019-12-09,40.71745169,-73.95850939,294540
2019-12-09,40.72243797,-74.00566443,294541
2019-12-09,40.71291224,-74.01020234,294541
2019-12-09,40.76068327096592,-73.9845272898674,294542
2019-12-09,40.76370739,-73.9851615,294542
2019-12-09,40.7381765,-73.97738662,294543
2019-12-09,40.751873,-73.977706,294543
2019-12-09,40.72019521437465,-74.0103006362915,294544
2019-12-09,40.71485150526252,-74.01122331619263,294544
2019-12-09,40.74286877312112,-73.98918628692627,294545
2019-12-09,40.69239502,-73.99337909,294545
2019-12-09,40.7454973,-74.00197139,294546
2019-12-09,40.73624527,-73.98473765,294546
2019-12-09,40.76341379,-73.99667444,294547
2019-12-09,40.74238787,-73.99726235,294547
2019-12-09,40.73331967,-73.99510132,294548
2019-12-09,40.7451677,-73.98683077,294548
2019-12-09,40.76341379,-73.99667444,294549
2019-12-09,40.7435337324616,-74.00367558002472,294549
2019-12-09,40.749717753,-74.002950346,294550
2019-12-09,40.74173969,-73.99415556,294550
2019-12-09,40.722055,-73.989111,294551
2019-12-09,40.71850211,-73.98329859,294551
2019-12-09,40.76087502,-74.00277668,294552
2019-12-09,40.75898481399634,-73.99379968643188,294552
2019-12-09,40.751873,-73.977706,294553
2019-12-09,40.7489006,-73.97604882,294553
2019-12-09,40.746647,-73.993915,294554
2019-12-09,40.73971301,-73.99456405,294554
2019-12-09,40.766368,-73.971518,294555
2019-12-09,40.763189,-73.978434,294555
2019-12-09,40.7612274,-73.96094022,294556
2019-12-09,40.76087502,-74.00277668,294556
2019-12-09,40.8013066,-73.9398167,294557
2019-12-09,40.804038,-73.945925,294557
2019-12-09,40.7505853470215,-73.9946848154068,294558
2019-12-09,40.746647,-73.993915,294558
2019-12-09,40.73291553,-74.00711384,294559
2019-12-09,40.7361967,-74.00859207,294559
2019-12-09,40.76095756,-73.96724467,294560
2019-12-09,40.77966809007312,-73.98093044757842,294560
2019-12-09,40.728846,-74.008591,294561
2019-12-09,40.739323,-74.008119,294561
2019-12-09,40.75714758,-73.97207836,294562
2019-12-09,40.744219,-73.97121214,294562
2019-12-09,40.69766564,-73.98476437,294563
2019-12-09,40.68841,-73.979458,294563
2019-12-09,40.75299641,-73.98721619,294564
2019-12-09,40.74487634,-73.99529885,294564
2019-12-09,40.71910537,-73.99973337,294565
2019-12-09,40.7505853470215,-73.9946848154068,294565
2019-12-09,40.7153379,-74.01658354,294566
2019-12-09,40.78720869,-73.98128127,294566
2019-12-09,40.71625008,-74.0091059,294567
2019-12-09,40.71605866,-73.99190759,294567
2019-12-09,40.73827428,-73.98751968,294568
2019-12-09,40.72903917,-73.99404649,294568
2019-12-09,40.7403432,-73.98955109,294569
2019-12-09,40.74286877312112,-73.98918628692627,294569
2019-12-09,40.74731,-73.95451,294570
2019-12-09,40.7449067,-73.9534573,294570
2019-12-09,40.70706456,-74.00731853,294571
2019-12-09,40.69512845,-73.99595065,294571
2019-12-09,40.69239502,-73.99337909,294572
2019-12-09,40.68962188790333,-73.98304268717766,294572
2019-12-09,40.73331967,-73.99510132,294573
2019-12-09,40.72966729392978,-73.98067966103554,294573
2019-12-09,40.73971301,-73.99456405,294574
2019-12-09,40.76227205,-73.98788205,294574
2019-12-09,40.71782143,-73.97628939,294575
2019-12-09,40.72917025,-73.99810231,294575
2019-12-09,40.69795031569544,-73.97077560424805,294576
2019-12-09,40.72606,-73.95621,294576
2019-12-09,40.7919557,-73.968087,294577
2019-12-09,40.78524672,-73.97667321,294577
2019-12-09,40.75513557,-73.98658032,294578
2019-12-09,40.751551,-73.993934,294578
2019-12-09,40.74177603,-74.00149746,294579
2019-12-09,40.73221853,-73.98165557,294579
2019-12-09,40.755293,-73.967641,294580
2019-12-09,40.77518615,-73.94446054,294580
2019-12-09,40.7284186,-73.98713956,294581
2019-12-09,40.72453734,-73.98185424,294581
2019-12-09,40.75019995,-73.99093085,294582
2019-12-09,40.7381765,-73.97738662,294582
2019-12-09,40.73221853,-73.98165557,294583
2019-12-09,40.75455731,-73.96592976,294583
2019-12-09,40.73038599,-74.00214988,294584
2019-12-09,40.73172428,-74.00674436,294584
2019-12-09,40.69236178,-73.98631746,294585
2019-12-09,40.69580705,-73.97355569,294585
2019-12-09,40.75513557,-73.98658032,294586
2019-12-09,40.76030096,-73.99884222,294586
2019-12-09,40.72019521437465,-74.0103006362915,294587
2019-12-09,40.71748752,-74.0104554,294587
2019-12-09,40.74317449,-74.00366443,294588
2019-12-09,40.73401143,-74.00293877,294588
2019-12-09,40.73223272,-73.98889957,294589
2019-12-09,40.73587678,-73.98205027,294589
2019-12-09,40.69527008,-73.95238108,294590
2019-12-09,40.70411791,-73.94818595,294590
2019-12-09,40.74322681432173,-73.97449783980846,294591
2019-12-09,40.749156,-73.9916,294591
2019-12-09,40.75038009,-73.98338988,294592
2019-12-09,40.73381219196632,-73.98054420948029,294592
2019-12-09,40.751873,-73.977706,294593
2019-12-09,40.76019252,-73.9912551,294593
2019-12-09,40.76068327096592,-73.9845272898674,294594
2019-12-09,40.763189,-73.978434,294594
2019-12-09,40.8045555,-73.9396861,294595
2019-12-09,40.814394437915816,-73.95324736833572,294595
2019-12-09,40.72710258,-74.00297088,294596
2019-12-09,40.73454567,-73.99074142,294596
2019-12-09,40.71816969454208,-73.95520135760307,294597
2019-12-09,40.72311651,-73.95212324,294597
2019-12-09,40.73587678,-73.98205027,294598
2019-12-09,40.72951496224949,-73.99075269699097,294598
2019-12-09,40.73704984,-73.99009296,294599
2019-12-09,40.73704984,-73.99009296,294599
2019-12-09,40.70140317257725,-73.98672670125961,294600
2019-12-09,40.6809741,-73.9710097,294600
2019-12-09,40.76727216,-73.99392888,294601
2019-12-09,40.77632142182271,-73.96427392959595,294601
2019-12-09,40.70905623,-74.01043382,294602
2019-12-09,40.717571,-74.005549,294602
2019-12-09,40.77140426,-73.9535166,294603
2019-12-09,40.77477944895728,-73.95427465438843,294603
2019-12-09,40.76269882,-73.99301222,294604
2019-12-09,40.75513557,-73.98658032,294604
2019-12-09,40.76228826,-73.98336183,294605
2019-12-09,40.77966809007312,-73.98093044757842,294605
2019-12-09,40.7361967,-74.00859207,294606
2019-12-09,40.74275382865903,-74.00747358798981,294606
2019-12-09,40.697787,-73.973736,294607
2019-12-09,40.68650065,-73.96563307,294607
2019-12-09,40.71450451,-74.00562789,294608
2019-12-09,40.72405549,-74.00965965,294608
2019-12-09,40.75724567911726,-73.97805914282799,294609
2019-12-09,40.76227205,-73.98788205,294609
2019-12-09,40.74232744,-73.95411749,294610
2019-12-09,40.72325,-73.94308,294610
2019-12-09,40.7857851,-73.957481,294611
2019-12-09,40.8038654,-73.9559308,294611
2019-12-09,40.72953837,-73.98426726,294612
2019-12-09,40.73454567,-73.99074142,294612
2019-12-09,40.6737236,-73.9631611,294613
2019-12-09,40.6809833854,-73.9500479759,294613
2019-12-09,40.722103786686034,-73.99724900722504,294614
2019-12-09,40.72917025,-73.99810231,294614
2019-12-09,40.73020660529954,-73.99102628231049,294615
2019-12-09,40.72621788,-73.98379855,294615
2019-12-09,40.71485150526252,-74.01122331619263,294616
2019-12-09,40.71559509,-73.9870295,294616
2019-12-09,40.7829391,-73.9786517,294617
2019-12-09,40.77632142182271,-73.96427392959595,294617
2019-12-09,40.74173969,-73.99415556,294618
2019-12-09,40.7568001,-73.98291153,294618
2019-12-09,40.68506807308177,-73.97790759801863,294619
2019-12-09,40.69580705,-73.97355569,294619
2019-12-09,40.752165280621966,-73.97992193698882,294620
2019-12-09,40.74395411,-73.99144871,294620
2019-12-09,40.73291553,-74.00711384,294621
2019-12-09,40.73454567,-73.99074142,294621
2019-12-09,40.71485150526252,-74.01122331619263,294622
2019-12-09,40.71485150526252,-74.01122331619263,294622
2019-12-09,40.749717753,-74.002950346,294623
2019-12-09,40.73944820130404,-74.00507032871246,294623
2019-12-09,40.75640548,-73.9900262,294624
2019-12-09,40.7381765,-73.97738662,294624
2019-12-09,40.749717753,-74.002950346,294625
2019-12-09,40.7505853470215,-73.9946848154068,294625
2019-12-09,40.73172428,-74.00674436,294626
2019-12-09,40.74394314,-73.97966069,294626
2019-12-09,40.70224,-73.982578,294627
2019-12-09,40.68940747,-73.96885458,294627
2019-12-09,40.72019521437465,-74.0103006362915,294628
2019-12-09,40.7277140777778,-74.01129573583603,294628
2019-12-09,40.666287,-73.98895053,294629
2019-12-09,40.6610633719006,-73.97945255041122,294629
2019-12-09,40.711512,-74.015756,294630
2019-12-09,40.70355377,-74.00670227,294630
2019-12-09,40.71754834,-74.01322069,294631
2019-12-09,40.7153379,-74.01658354,294631
2019-12-09,40.71625008,-74.0091059,294632
2019-12-09,40.71273266,-74.0046073,294632
2019-12-09,40.71910537,-73.99973337,294633
2019-12-09,40.71739973,-73.98016555,294633
2019-12-09,40.72362738,-73.99949601,294634
2019-12-09,40.7239567849954,-73.94984364509583,294634
2019-12-09,40.72362738,-73.99949601,294635
2019-12-09,40.72710258,-74.00297088,294635
2019-12-09,40.71754834,-74.01322069,294636
2019-12-09,40.74334935,-74.00681753,294636
2019-12-09,40.754120810779256,-73.98025184869766,294637
2019-12-09,40.7597108,-73.97402311,294637
2019-12-09,40.6750207,-73.97111473,294638
2019-12-09,40.6729679,-73.97087984,294638
2019-12-09,40.74096374,-73.98602213,294639
2019-12-09,40.744219,-73.97121214,294639
2019-12-09,40.74780373,-73.9734419,294640
2019-12-09,40.73047309,-73.98672378,294640
2019-12-09,40.72307749068673,-73.98583620786667,294641
2019-12-09,40.75038009,-73.98338988,294641
2019-12-09,40.75066386,-74.00176802,294642
2019-12-09,40.71622644,-73.98261206,294642
2019-12-09,40.72066442,-73.98517977,294643
2019-12-09,40.736502,-73.97809472,294643
2019-12-09,40.73454567,-73.99074142,294644
2019-12-09,40.7390169121,-74.0026376103,294644
2019-12-09,40.8045555,-73.9396861,294645
2019-12-09,40.804372,-73.951475,294645
2019-12-09,40.75513557,-73.98658032,294646
2019-12-09,40.751873,-73.977706,294646
2019-12-09,40.735367055605394,-73.98797392845154,294647
2019-12-09,40.749156,-73.9916,294647
2019-12-09,40.677236,-74.015665,294648
2019-12-09,40.69239502,-73.99337909,294648
2019-12-09,40.75510267,-73.97498696,294649
2019-12-09,40.78499979,-73.97283406,294649
2019-12-09,40.7568001,-73.98291153,294650
2019-12-09,40.76087502,-74.00277668,294650
2019-12-09,40.6867443,-73.99063168,294651
2019-12-09,40.68763155,-74.0016256,294651
2019-12-09,40.751551,-73.993934,294652
2019-12-09,40.744219,-73.97121214,294652
2019-12-09,40.69239502,-73.99337909,294653
2019-12-09,40.69535693320225,-73.99344027042389,294653
2019-12-09,40.76370739,-73.9851615,294654
2019-12-09,40.751551,-73.993934,294654
2019-12-09,40.74734825,-73.99723551,294655
2019-12-09,40.73020660529954,-73.99102628231049,294655
2019-12-09,40.73047309,-73.98672378,294656
2019-12-09,40.72456089,-73.99565293,294656
2019-12-09,40.72502876,-73.99069656,294657
2019-12-09,40.72299208,-73.97995466,294657
2019-12-09,40.7403432,-73.98955109,294658
2019-12-09,40.72019576,-73.98997825,294658
2019-12-09,40.72953837,-73.98426726,294659
2019-12-09,40.72405549,-74.00965965,294659
2019-12-09,40.749717753,-74.002950346,294660
2019-12-09,40.7505853470215,-73.9946848154068,294660
2019-12-09,40.75640548,-73.9900262,294661
2019-12-09,40.754691750226016,-73.99740189313889,294661
2019-12-09,40.74173969,-73.99415556,294662
2019-12-09,40.7457121,-73.98194829,294662
2019-12-09,40.76312584,-73.96526895,294663
2019-12-09,40.777507027547976,-73.98888587951659,294663
2019-12-09,40.75640548,-73.9900262,294664
2019-12-09,40.770513,-73.988038,294664
2019-12-09,40.76344058,-73.98268129,294665
2019-12-09,40.74290902,-73.97706058,294665
2019-12-09,40.71406667,-73.99293911,294666
2019-12-09,40.714211,-73.981095,294666
2019-12-09,40.7835016,-73.955327,294667
2019-12-09,40.8038654,-73.9559308,294667
2019-12-09,40.71076228,-73.99400398,294668
2019-12-09,40.71939226,-74.00247214,294668
2019-12-09,40.74487634,-73.99529885,294669
2019-12-09,40.75660359,-73.9979009,294669
2019-12-09,40.75066386,-74.00176802,294670
2019-12-09,40.74765947,-73.98490707,294670
2019-12-09,40.74275382865903,-74.00747358798981,294671
2019-12-09,40.746745,-74.007756,294671
2019-12-09,40.6794388,-73.9680438,294672
2019-12-09,40.6809741,-73.9710097,294672
2019-12-09,40.72966729392978,-73.98067966103554,294673
2019-12-09,40.7172274,-73.98802084,294673
2019-12-09,40.75828065,-73.97069431,294674
2019-12-09,40.746647,-73.993915,294674
2019-12-09,40.72405549,-74.00965965,294675
2019-12-09,40.728846,-74.008591,294675
2019-12-09,40.734814,-73.992085,294676
2019-12-09,40.74901271,-73.98848395,294676
2019-12-09,40.749717753,-74.002950346,294677
2019-12-09,40.746647,-73.993915,294677
2019-12-09,40.749717753,-74.002950346,294678
2019-12-09,40.74238787,-73.99726235,294678
2019-12-09,40.69236178,-73.98631746,294679
2019-12-09,40.69474881,-73.98362464,294679
2019-12-09,40.7451677,-73.98683077,294680
2019-12-09,40.749156,-73.9916,294680
2019-12-09,40.7546011026,-73.971878855,294681
2019-12-09,40.73587678,-73.98205027,294681
2019-12-09,40.6867443,-73.99063168,294682
2019-12-09,40.69236178,-73.98631746,294682
2019-12-09,40.75513557,-73.98658032,294683
2019-12-09,40.7489006,-73.97604882,294683
2019-12-09,40.73944820130404,-74.00507032871246,294684
2019-12-09,40.738046142482766,-73.99642959237099,294684
2019-12-09,40.774591,-73.918544,294685
2019-12-09,40.7747878,-73.9125551,294685
2019-12-09,40.75500254,-73.98014437,294686
2019-12-09,40.76312584,-73.96526895,294686
2019-12-09,40.70140317257725,-73.98672670125961,294687
2019-12-09,40.716887,-73.963198,294687
2019-12-09,40.75510267,-73.97498696,294688
2019-12-09,40.744219,-73.97121214,294688
2019-12-09,40.749156,-73.9916,294689
2019-12-09,40.74444921,-73.98303529,294689
2019-12-09,40.77565541,-73.95068615,294690
2019-12-09,40.7892105,-73.94370784,294690
2019-12-09,40.7172274,-73.98802084,294691
2019-12-09,40.73221853,-73.98165557,294691
2019-12-09,40.72710258,-74.00297088,294692
2019-12-09,40.74395411,-73.99144871,294692
2019-12-09,40.7779453,-73.946041,294693
2019-12-09,40.7806284,-73.9521667,294693
2019-12-09,40.76030096,-73.99884222,294694
2019-12-09,40.751873,-73.977706,294694
2019-12-09,40.74286877312112,-73.98918628692627,294695
2019-12-09,40.7262807,-73.98978041,294695
2019-12-09,40.74487634,-73.99529885,294696
2019-12-09,40.74475148,-73.99915362,294696
2019-12-09,40.73221853,-73.98165557,294697
2019-12-09,40.72706363348306,-73.99662137031554,294697
2019-12-09,40.71559509,-73.9870295,294698
2019-12-09,40.71173107,-73.99193043,294698
2019-12-09,40.75992262,-73.97648516,294699
2019-12-09,40.77149671054441,-73.99046033620834,294699
2019-12-09,40.751551,-73.993934,294700
2019-12-09,40.72621788,-73.98379855,294700
2019-12-09,40.7172274,-73.98802084,294701
2019-12-09,40.72217444,-73.98368779,294701
2019-12-09,40.74286877312112,-73.98918628692627,294702
2019-12-09,40.73401143,-74.00293877,294702
2019-12-09,40.73314259,-73.97573881,294703
2019-12-09,40.73704984,-73.99009296,294703
2019-12-09,40.74286877312112,-73.98918628692627,294704
2019-12-09,40.72740794,-73.98142006,294704
2019-12-09,40.75797322,-73.96603308,294705
2019-12-09,40.7475739589548,-73.9788007736206,294705
2019-12-09,40.71334184275907,-74.00935515761375,294706
2019-12-09,40.73038599,-74.00214988,294706
2019-12-09,40.72710258,-74.00297088,294707
2019-12-09,40.73944820130404,-74.00507032871246,294707
2019-12-09,40.76228826,-73.98336183,294708
2019-12-09,40.75929124,-73.98859651,294708
2019-12-09,40.69165183,-73.9999786,294709
2019-12-09,40.6859296,-74.00242364,294709
2019-12-09,40.76344058,-73.98268129,294710
2019-12-09,40.76068327096592,-73.9845272898674,294710
2019-12-09,40.751581,-73.97791,294711
2019-12-09,40.76068327096592,-73.9845272898674,294711
2019-12-09,40.71291224,-74.01020234,294712
2019-12-09,40.722103786686034,-73.99724900722504,294712
2019-12-09,40.72179134,-73.9504154,294713
2019-12-09,40.711863,-73.944024,294713
2019-12-09,40.75323098,-73.97032517,294714
2019-12-09,40.6787242,-73.99599099,294714
2019-12-09,40.717571,-74.005549,294715
2019-12-09,40.7505853470215,-73.9946848154068,294715
2019-12-09,40.694281141397326,-73.99230033159256,294716
2019-12-09,40.6847514,-73.99917254,294716
2019-12-09,40.68216564,-73.95399026,294717
2019-12-09,40.69757,-73.93098,294717
2019-12-09,40.7505853470215,-73.9946848154068,294718
2019-12-09,40.741459,-73.983293,294718
2019-12-09,40.72494672359416,-74.00165855884552,294719
2019-12-09,40.734814,-73.992085,294719
2019-12-09,40.73143724085228,-73.99490341544151,294720
2019-12-09,40.71413089,-73.9970468,294720
2019-12-09,40.74322681432173,-73.97449783980846,294721
2019-12-09,40.75019995,-73.99093085,294721
2019-12-09,40.73381219196632,-73.98054420948029,294722
2019-12-09,40.73912601,-73.97973776,294722
2019-12-09,40.73232194,-73.9550858,294723
2019-12-09,40.73266,-73.95826,294723
2019-12-09,40.73454567,-73.99074142,294724
2019-12-09,40.72740794,-73.98142006,294724
2019-12-09,40.7153379,-74.01658354,294725
2019-12-09,40.76087502,-74.00277668,294725
2019-12-09,40.695065,-73.987167,294726
2019-12-09,40.69580705,-73.97355569,294726
2019-12-09,40.73454567,-73.99074142,294727
2019-12-09,40.71893904,-73.99266288,294727
2019-12-09,40.75066386,-74.00176802,294728
2019-12-09,40.74238787,-73.99726235,294728
2019-12-09,40.73781509,-73.99994661,294729
2019-12-09,40.735445,-73.99431,294729
2019-12-09,40.71494807,-74.00234482,294730
2019-12-09,40.71173107,-73.99193043,294730
2019-12-09,40.67909799721684,-73.98765474557877,294731
2019-12-09,40.6711978,-73.97484126,294731
2019-12-09,40.72066442,-73.98517977,294732
2019-12-09,40.73532427,-73.99800419,294732
2019-12-09,40.720747,-73.986274,294733
2019-12-09,40.72082834,-73.97793172,294733
2019-12-09,40.75001986,-73.96905301,294734
2019-12-09,40.744219,-73.97121214,294734
2019-12-09,40.71427487,-73.98990025,294735
2019-12-09,40.713126,-73.984844,294735
2019-12-09,40.74144387,-73.97536082,294736
2019-12-09,40.74765947,-73.98490707,294736
2019-12-09,40.73172428,-74.00674436,294737
2019-12-09,40.71605866,-73.99190759,294737
2019-12-09,40.72362738,-73.99949601,294738
2019-12-09,40.73291553,-74.00711384,294738
2019-12-09,40.746647,-73.993915,294739
2019-12-09,40.73226398,-73.99852205,294739
2019-12-09,40.76500525,-73.95818491,294740
2019-12-09,40.804213,-73.96699104,294740
2019-12-09,40.75001986,-73.96905301,294741
2019-12-09,40.7568001,-73.98291153,294741
2019-12-09,40.7284186,-73.98713956,294742
2019-12-09,40.70530954,-74.00612572,294742
2019-12-09,40.74177603,-74.00149746,294743
2019-12-09,40.73143724085228,-73.99490341544151,294743
2019-12-09,40.7569332,-73.9262231,294744
2019-12-09,40.7713937,-73.9077436,294744
2019-12-09,40.71427487,-73.98990025,294745
2019-12-09,40.70463,-74.01507,294745
2019-12-09,40.754120810779256,-73.98025184869766,294746
2019-12-09,40.752165280621966,-73.97992193698882,294746
2019-12-09,40.72740794,-73.98142006,294747
2019-12-09,40.71939226,-74.00247214,294747
2019-12-09,40.73971301,-73.99456405,294748
2019-12-09,40.72779126,-73.98564945,294748
2019-12-09,40.73020660529954,-73.99102628231049,294749
2019-12-09,40.74322681432173,-73.97449783980846,294749
2019-12-09,40.7919557,-73.968087,294750
2019-12-09,40.77966809007312,-73.98093044757842,294750
2019-12-09,40.749156,-73.9916,294751
2019-12-09,40.74394314,-73.97966069,294751
2019-12-09,40.71939226,-74.00247214,294752
2019-12-09,40.73047747,-73.99906065,294752
2019-12-09,40.773763,-73.96222088,294753
2019-12-09,40.7689738,-73.95482273,294753
2019-12-09,40.74334935,-74.00681753,294754
2019-12-09,40.751396,-74.005226,294754
2019-12-09,40.8109494,-73.9634,294755
2019-12-09,40.8013434,-73.9711457439,294755
2019-12-09,40.75066386,-74.00176802,294756
2019-12-09,40.7454973,-74.00197139,294756
2019-12-09,40.74144387,-73.97536082,294757
2019-12-09,40.73047309,-73.98672378,294757
2019-12-09,40.746647,-73.993915,294758
2019-12-09,40.752165280621966,-73.97992193698882,294758
2019-12-09,40.71816969454208,-73.95520135760307,294759
2019-12-09,40.71413311,-73.95234386,294759
2019-12-09,40.6787242,-73.99599099,294760
2019-12-09,40.6783563,-74.00014502,294760
2019-12-09,40.804213,-73.96699104,294761
2019-12-09,40.795,-73.9645,294761
2019-12-09,40.736502,-73.97809472,294762
2019-12-09,40.75255434,-73.97282625,294762
2019-12-09,40.75714758,-73.97207836,294763
2019-12-09,40.74322681432173,-73.97449783980846,294763
2019-12-09,40.8143256,-73.9590255,294764
2019-12-09,40.8045555,-73.9396861,294764
2019-12-09,40.75455731,-73.96592976,294765
2019-12-09,40.744219,-73.97121214,294765
2019-12-09,40.70717936,-74.00887308,294766
2019-12-09,40.72229346,-73.99147535,294766
2019-12-09,40.6999974843885,-73.97440128028393,294767
2019-12-09,40.70224,-73.982578,294767
2019-12-09,40.746745,-74.007756,294768
2019-12-09,40.73291553,-74.00711384,294768
2019-12-09,40.76500525,-73.95818491,294769
2019-12-09,40.74780373,-73.9734419,294769
2019-12-09,40.7987859,-73.9523,294770
2019-12-09,40.7945663,-73.9362541,294770
2019-12-09,40.74096374,-73.98602213,294771
2019-12-09,40.75466591,-73.99138152,294771
2019-12-09,40.802692,-73.96295,294772
2019-12-09,40.801694,-73.957145,294772
2019-12-09,40.787801,-73.953559,294773
2019-12-09,40.795,-73.9645,294773
2019-12-09,40.70224,-73.982578,294774
2019-12-09,40.69064807082943,-73.95746178925037,294774
2019-12-09,40.73454567,-73.99074142,294775
2019-12-09,40.73314259,-73.97573881,294775
2019-12-09,40.746745,-74.007756,294776
2019-12-09,40.74177603,-74.00149746,294776
2019-12-09,40.74232744,-73.95411749,294777
2019-12-09,40.73026,-73.95394,294777
2019-12-09,40.72217444,-73.98368779,294778
2019-12-09,40.72740794,-73.98142006,294778
2019-12-09,40.675146838709786,-73.97523209452629,294779
2019-12-09,40.6830456,-74.00348559,294779
2019-12-09,40.7462009,-73.98855723,294780
2019-12-09,40.73331967,-73.99510132,294780
2019-12-09,40.7839636,-73.9471673,294781
2019-12-09,40.7817212,-73.94594,294781
2019-12-09,40.73532427,-73.99800419,294782
2019-12-09,40.73047309,-73.98672378,294782
2019-12-09,40.728846,-74.008591,294783
2019-12-09,40.75455731,-73.96592976,294783
2019-12-09,40.74275382865903,-74.00747358798981,294784
2019-12-09,40.72299208,-73.97995466,294784
2019-12-09,40.751551,-73.993934,294785
2019-12-09,40.751551,-73.993934,294785
2019-12-09,40.72746420692392,-73.97950418293476,294786
2019-12-09,40.7489006,-73.97604882,294786
2019-12-09,40.72951496224949,-73.99075269699097,294787
2019-12-09,40.73038599,-74.00214988,294787
2019-12-09,40.7919557,-73.968087,294788
2019-12-09,40.78524672,-73.97667321,294788
2019-12-09,40.72453734,-73.98185424,294789
2019-12-09,40.75640548,-73.9900262,294789
2019-12-09,40.752165280621966,-73.97992193698882,294790
2019-12-09,40.7457121,-73.98194829,294790
2019-12-09,40.76009437,-73.99461843,294791
2019-12-09,40.76727216,-73.99392888,294791
2019-12-09,40.69102925677968,-73.99183362722397,294792
2019-12-09,40.6830456,-74.00348559,294792
2019-12-09,40.75513557,-73.98658032,294793
2019-12-09,40.76030096,-73.99884222,294793
2019-12-09,40.7149787,-74.013012,294794
2019-12-09,40.763189,-73.978434,294794
2019-12-09,40.73454567,-73.99074142,294795
2019-12-09,40.72903917,-73.99404649,294795
2019-12-09,40.73704984,-73.99009296,294796
2019-12-09,40.72779126,-73.98564945,294796
2019-12-09,40.7489006,-73.97604882,294797
2019-12-09,40.77314236,-73.95856158,294797
2019-12-09,40.69239502,-73.99337909,294798
2019-12-09,40.6831164,-73.99785267,294798
2019-12-09,40.6707767,-73.9576801,294799
2019-12-09,40.67759206937376,-73.955637216568,294799
2019-12-09,40.735238,-74.000271,294800
2019-12-09,40.73226398,-73.99852205,294800
2019-12-09,40.74290902,-73.97706058,294801
2019-12-09,40.72521311,-73.97768752,294801
2019-12-09,40.68753406,-73.97265183,294802
2019-12-09,40.68764484,-73.96968902,294802
2019-12-09,40.75660359,-73.9979009,294803
2019-12-09,40.746745,-74.007756,294803
2019-12-09,40.74780373,-73.9734419,294804
2019-12-09,40.75299641,-73.98721619,294804
2019-12-09,40.75110165,-73.94073717,294805
2019-12-09,40.7668,-73.9347774,294805
2019-12-09,40.77801203,-73.95407149,294806
2019-12-09,40.7724607,-73.9468208,294806
2019-12-09,40.734814,-73.992085,294807
2019-12-09,40.73535398,-74.00483091,294807
2019-12-09,40.72951496224949,-73.99075269699097,294808
2019-12-09,40.7262807,-73.98978041,294808
2019-12-09,40.718822,-73.99596,294809
2019-12-09,40.73172428,-74.00674436,294809
2019-12-09,40.697842,-73.926241,294810
2019-12-09,40.711863,-73.944024,294810
2019-12-09,40.74238787,-73.99726235,294811
2019-12-09,40.734232,-73.986923,294811
2019-12-09,40.7923272,-73.9383,294812
2019-12-09,40.7987859,-73.9523,294812
2019-12-09,40.74780373,-73.9734419,294813
2019-12-09,40.71622644,-73.98261206,294813
2019-12-09,40.77112927,-73.95772297,294814
2019-12-09,40.76500525,-73.95818491,294814
2019-12-09,40.73532427,-73.99800419,294815
2019-12-09,40.7390169121,-74.0026376103,294815
2019-12-09,40.72740794,-73.98142006,294816
2019-12-09,40.72746420692392,-73.97950418293476,294816
2019-12-09,40.74290902,-73.97706058,294817
2019-12-09,40.74395411,-73.99144871,294817
2019-12-09,40.71754834,-74.01322069,294818
2019-12-09,40.7390169121,-74.0026376103,294818
2019-12-09,40.6729679,-73.97087984,294819
2019-12-09,40.6851443,-73.95380904,294819
2019-12-09,40.73704984,-73.99009296,294820
2019-12-09,40.74475148,-73.99915362,294820
2019-12-09,40.7016657,-73.9437303,294821
2019-12-09,40.71915571696044,-73.94885390996933,294821
2019-12-09,40.751873,-73.977706,294822
2019-12-09,40.72521311,-73.97768752,294822
2019-12-09,40.72502876,-73.99069656,294823
2019-12-09,40.71939226,-74.00247214,294823
2019-12-09,40.69072549,-73.95133465,294824
2019-12-09,40.6851443,-73.95380904,294824
2019-12-09,40.74286877312112,-73.98918628692627,294825
2019-12-09,40.74286877312112,-73.98918628692627,294825
2019-12-09,40.71307916,-73.99851193,294826
2019-12-09,40.71291224,-74.01020234,294826
2019-12-09,40.68962188790333,-73.98304268717766,294827
2019-12-09,40.6786115,-73.99037292,294827
2019-12-09,40.752269,-73.982079,294828
2019-12-09,40.73401143,-74.00293877,294828
2019-12-09,40.76095756,-73.96724467,294829
2019-12-09,40.766368,-73.971518,294829
2019-12-09,40.74734825,-73.99723551,294830
2019-12-09,40.75066386,-74.00176802,294830
2019-12-09,40.74901271,-73.98848395,294831
2019-12-09,40.75513557,-73.98658032,294831
2019-12-09,40.70862144,-74.00722156,294832
2019-12-09,40.71739973,-73.98016555,294832
2019-12-09,40.7449067,-73.9534573,294833
2019-12-09,40.74731,-73.95451,294833
2019-12-09,40.702461,-73.986842,294834
2019-12-09,40.69535693320225,-73.99344027042389,294834
2019-12-09,40.7262807,-73.98978041,294835
2019-12-09,40.74487634,-73.99529885,294835
2019-12-09,40.73269,-73.98974,294836
2019-12-09,40.72746420692392,-73.97950418293476,294836
2019-12-09,40.72019521437465,-74.0103006362915,294837
2019-12-09,40.7153379,-74.01658354,294837
2019-12-09,40.74901271,-73.98848395,294838
2019-12-09,40.754120810779256,-73.98025184869766,294838
2019-12-09,40.7575699,-73.99098507,294839
2019-12-09,40.7575699,-73.99098507,294839
2019-12-09,40.7937704,-73.971888,294840
2019-12-09,40.7973721,-73.97041192,294840
2019-12-09,40.751873,-73.977706,294841
2019-12-09,40.74901271,-73.98848395,294841
2019-12-09,40.73038599,-74.00214988,294842
2019-12-09,40.73381219196632,-73.98054420948029,294842
2019-12-09,40.71427487,-73.98990025,294843
2019-12-09,40.71406667,-73.99293911,294843
2019-12-09,40.71285887,-73.96590294,294844
2019-12-09,40.71745169,-73.95850939,294844
2019-12-09,40.7675487799971,-73.9209334552288,294845
2019-12-09,40.7767,-73.927631,294845
2019-12-09,40.74286877312112,-73.98918628692627,294846
2019-12-09,40.7381765,-73.97738662,294846
2019-12-09,40.752269,-73.982079,294847
2019-12-09,40.7597108,-73.97402311,294847
2019-12-09,40.73726186,-73.99238967,294848
2019-12-09,40.749156,-73.9916,294848
2019-12-09,40.71816969454208,-73.95520135760307,294849
2019-12-09,40.72084,-73.94844,294849
2019-12-09,40.72743423,-73.99379025,294850
2019-12-09,40.76344058,-73.98268129,294850
2019-12-09,40.75325964,-73.94335788,294851
2019-12-09,40.7627442,-73.9391141,294851
2019-12-09,40.74144387,-73.97536082,294852
2019-12-09,40.73827428,-73.98751968,294852
2019-12-09,40.71745169,-73.95850939,294853
2019-12-09,40.716887,-73.963198,294853
2019-12-09,40.71745169,-73.95850939,294854
2019-12-09,40.72311651,-73.95212324,294854
2019-12-09,40.74173969,-73.99415556,294855
2019-12-09,40.74734825,-73.99723551,294855
2019-12-09,40.72082834,-73.97793172,294856
2019-12-09,40.71893904,-73.99266288,294856
2019-12-09,40.72502876,-73.99069656,294857
2019-12-09,40.7208736,-73.98085795,294857
2019-12-09,40.7643971,-73.97371465,294858
2019-12-09,40.77149671054441,-73.99046033620834,294858
2019-12-09,40.76068327096592,-73.9845272898674,294859
2019-12-09,40.744219,-73.97121214,294859
2019-12-09,40.71602118,-73.99974372,294860
2019-12-09,40.70934,-73.95608,294860
2019-12-09,40.76132983124814,-73.97982001304626,294861
2019-12-09,40.74096374,-73.98602213,294861
2019-12-09,40.79017948095081,-73.97288918495178,294862
2019-12-09,40.76590936,-73.97634151,294862
2019-12-09,40.724308321602166,-74.00473035871983,294863
2019-12-09,40.72229346,-73.99147535,294863
2019-12-09,40.71044554,-73.96525063,294864
2019-12-09,40.7160751,-73.952029,294864
2019-12-09,40.72502876,-73.99069656,294865
2019-12-09,40.73221853,-73.98165557,294865
2019-12-09,40.72317958,-73.99480012,294866
2019-12-09,40.71850211,-73.98329859,294866
2019-12-09,40.67260298150126,-73.98983001708984,294867
2019-12-09,40.69196035,-73.96536851,294867
2019-12-09,40.770845,-73.934171,294868
2019-12-09,40.763154,-73.920827,294868
2019-12-09,40.7597108,-73.97402311,294869
2019-12-09,40.76019252,-73.9912551,294869
2019-12-09,40.72243797,-74.00566443,294870
2019-12-09,40.73944820130404,-74.00507032871246,294870
2019-12-09,40.73269,-73.98974,294871
2019-12-09,40.72779126,-73.98564945,294871
2019-12-09,40.749156,-73.9916,294872
2019-12-09,40.744219,-73.97121214,294872
2019-12-09,40.7882213,-73.97041561,294873
2019-12-09,40.78499979,-73.97283406,294873
2019-12-09,40.7675487799971,-73.9209334552288,294874
2019-12-09,40.7713615,-73.9246145,294874
2019-12-09,40.738046142482766,-73.99642959237099,294875
2019-12-09,40.73944820130404,-74.00507032871246,294875
2019-12-09,40.69991755,-73.98971773,294876
2019-12-09,40.6902375,-73.99203074,294876
2019-12-09,40.711512,-74.015756,294877
2019-12-09,40.72405549,-74.00965965,294877
2019-12-09,40.74780373,-73.9734419,294878
2019-12-09,40.73314259,-73.97573881,294878
2019-12-09,40.751396,-74.005226,294879
2019-12-09,40.74345335,-74.00004031,294879
2019-12-09,40.761584,-73.925921,294880
2019-12-09,40.7628138,-73.9342862,294880
2019-12-09,40.71076228,-73.99400398,294881
2019-12-09,40.72228087,-73.97668709,294881
2019-12-09,40.754691750226016,-73.99740189313889,294882
2019-12-09,40.74475148,-73.99915362,294882
2019-12-09,40.77677702,-73.9590097,294883
2019-12-09,40.7817212,-73.94594,294883
2019-12-09,40.7149787,-74.013012,294884
2019-12-09,40.724308321602166,-74.00473035871983,294884
2019-12-09,40.71286844,-73.95698119,294885
2019-12-09,40.71413311,-73.95234386,294885
2019-12-09,40.6776147,-73.97324283,294886
2019-12-09,40.666287,-73.98895053,294886
2019-12-09,40.71754834,-74.01322069,294887
2019-12-09,40.7277140777778,-74.01129573583603,294887
2019-12-09,40.71427487,-73.98990025,294888
2019-12-09,40.734232,-73.986923,294888
2019-12-09,40.751551,-73.993934,294889
2019-12-09,40.74286877312112,-73.98918628692627,294889
2019-12-09,40.73269,-73.98974,294890
2019-12-09,40.72740794,-73.98142006,294890
2019-12-09,40.74290902,-73.97706058,294891
2019-12-09,40.7284186,-73.98713956,294891
2019-12-09,40.689888,-73.981013,294892
2019-12-09,40.69308257,-73.97178913,294892
2019-12-09,40.74232744,-73.95411749,294893
2019-12-09,40.74708586,-73.94977234,294893
2019-12-09,40.72019521437465,-74.0103006362915,294894
2019-12-09,40.714211,-73.981095,294894
2019-12-09,40.751551,-73.993934,294895
2019-12-09,40.74311555376486,-73.98215353488922,294895
2019-12-09,40.72708584,-73.95299117,294896
2019-12-09,40.72226,-73.93889,294896
2019-12-09,40.74475148,-73.99915362,294897
2019-12-09,40.73935542,-73.99931783,294897
2019-12-09,40.73935542,-73.99931783,294898
2019-12-09,40.728846,-74.008591,294898
2019-12-09,40.72917025,-73.99810231,294899
2019-12-09,40.71739973,-73.98016555,294899
2019-12-09,40.7262807,-73.98978041,294900
2019-12-09,40.73912601,-73.97973776,294900
2019-12-09,40.74765947,-73.98490707,294901
2019-12-09,40.751873,-73.977706,294901
2019-12-09,40.72362738,-73.99949601,294902
2019-12-09,40.71559509,-73.9870295,294902
2019-12-09,40.7817212,-73.94594,294903
2019-12-09,40.7949879,-73.9333349,294903
2019-12-09,40.73587678,-73.98205027,294904
2019-12-09,40.73827428,-73.98751968,294904
2019-12-09,40.76590936,-73.97634151,294905
2019-12-09,40.78307,-73.95939,294905
2019-12-09,40.73223272,-73.98889957,294906
2019-12-09,40.73944820130404,-74.00507032871246,294906
2019-12-09,40.6787242,-73.99599099,294907
2019-12-09,40.6769993,-74.00647134,294907
2019-12-09,40.76132983124814,-73.97982001304626,294908
2019-12-09,40.74286877312112,-73.98918628692627,294908
2019-12-09,40.72743423,-73.99379025,294909
2019-12-09,40.73401143,-74.00293877,294909
2019-12-09,40.75097711,-73.98765428,294910
2019-12-09,40.76030096,-73.99884222,294910
2019-12-09,40.7557327,-73.9236611,294911
2019-12-09,40.7701477,-73.9120938,294911
2019-12-09,40.73269,-73.98974,294912
2019-12-09,40.71754834,-74.01322069,294912
2019-12-09,40.761584,-73.925921,294913
2019-12-09,40.7659,-73.930819,294913
2019-12-09,40.72966729392978,-73.98067966103554,294914
2019-12-09,40.71427487,-73.98990025,294914
2019-12-09,40.74734825,-73.99723551,294915
2019-12-09,40.7462009,-73.98855723,294915
2019-12-09,40.7403432,-73.98955109,294916
2019-12-09,40.746745,-74.007756,294916
2019-12-09,40.7839636,-73.9471673,294917
2019-12-09,40.7892529,-73.93956237,294917
2019-12-09,40.72317958,-73.99480012,294918
2019-12-09,40.71044554,-73.96525063,294918
2019-12-09,40.75510267,-73.97498696,294919
2019-12-09,40.759107,-73.959223,294919
2019-12-09,40.759107,-73.959223,294920
2019-12-09,40.75797322,-73.96603308,294920
2019-12-09,40.72917025,-73.99810231,294921
2019-12-09,40.72917025,-73.99810231,294921
2019-12-09,40.8025566,-73.9490782,294922
2019-12-09,40.8006721,-73.9349,294922
2019-12-09,40.734814,-73.992085,294923
2019-12-09,40.735367055605394,-73.98797392845154,294923
2019-12-09,40.77573034,-73.9567526,294924
2019-12-09,40.7728384,-73.94989233,294924
2019-12-09,40.7451677,-73.98683077,294925
2019-12-09,40.75660359,-73.9979009,294925
2019-12-09,40.73704984,-73.99009296,294926
2019-12-09,40.73704984,-73.99009296,294926
2019-12-09,40.7153379,-74.01658354,294927
2019-12-09,40.69089272,-73.99612349,294927
2019-12-09,40.73172428,-74.00674436,294928
2019-12-09,40.738046142482766,-73.99642959237099,294928
2019-12-09,40.7785669,-73.97754961,294929
2019-12-09,40.76915505,-73.98191841,294929
2019-12-09,40.68506807308177,-73.97790759801863,294930
2019-12-09,40.6917823,-73.9737299,294930
2019-12-09,40.75172632,-73.98753523,294931
2019-12-09,40.7489006,-73.97604882,294931
2019-12-09,40.754691750226016,-73.99740189313889,294932
2019-12-09,40.76227205,-73.98788205,294932
2019-12-09,40.76132983124814,-73.97982001304626,294933
2019-12-09,40.76087502,-74.00277668,294933
2019-12-09,40.70255065,-74.0127234,294934
2019-12-09,40.7390169121,-74.0026376103,294934
2019-12-09,40.77966809007312,-73.98093044757842,294935
2019-12-09,40.76227205,-73.98788205,294935
2019-12-09,40.749717753,-74.002950346,294936
2019-12-09,40.73781509,-73.99994661,294936
2019-12-09,40.73726186,-73.99238967,294937
2019-12-09,40.7546011026,-73.971878855,294937
2019-12-09,40.72036775298455,-73.96165072917938,294938
2019-12-09,40.71915571696044,-73.94885390996933,294938
2019-12-09,40.7454973,-74.00197139,294939
2019-12-09,40.73971301,-73.99456405,294939
2019-12-09,40.70530954,-74.00612572,294940
2019-12-09,40.72299208,-73.97995466,294940
2019-12-09,40.75724567911726,-73.97805914282799,294941
2019-12-09,40.80295,-73.942954,294941
2019-12-09,40.73291553,-74.00711384,294942
2019-12-09,40.7403432,-73.98955109,294942
2019-12-09,40.76590936,-73.97634151,294943
2019-12-09,40.77632142182271,-73.96427392959595,294943
2019-12-09,40.7403432,-73.98955109,294944
2019-12-09,40.735367055605394,-73.98797392845154,294944
2019-12-09,40.70870368,-73.9448625,294945
2019-12-09,40.70767788,-73.94016171,294945
2019-12-09,40.6809833854,-73.9500479759,294946
2019-12-09,40.68186,-73.959432,294946
2019-12-09,40.75466591,-73.99138152,294947
2019-12-09,40.76030096,-73.99884222,294947
2019-12-09,40.739445,-73.976806,294948
2019-12-09,40.759107,-73.959223,294948
2019-12-09,40.7671863,-73.9373554,294949
2019-12-09,40.75110165,-73.94073717,294949
2019-12-09,40.76780080148132,-73.96592080593109,294950
2019-12-09,40.78472675,-73.96961715,294950
2019-12-09,40.7449067,-73.9534573,294951
2019-12-09,40.74708586,-73.94977234,294951
2019-12-09,40.770845,-73.934171,294952
2019-12-09,40.74524768,-73.94733276,294952
2019-12-09,40.70122128,-74.01234218,294953
2019-12-09,40.70355377,-74.00670227,294953
2019-12-09,40.6750705,-73.98775226,294954
2019-12-09,40.6786115,-73.99037292,294954
2019-12-09,40.73944820130404,-74.00507032871246,294955
2019-12-09,40.74734825,-73.99723551,294955
2019-12-09,40.75660359,-73.9979009,294956
2019-12-09,40.75929124,-73.98859651,294956
2019-12-09,40.72019521437465,-74.0103006362915,294957
2019-12-09,40.71291224,-74.01020234,294957
2019-12-09,40.73026,-73.95394,294958
2019-12-09,40.716887,-73.963198,294958
2019-12-09,40.73726186,-73.99238967,294959
2019-12-09,40.7457121,-73.98194829,294959
2019-12-09,40.74444921,-73.98303529,294960
2019-12-09,40.75323098,-73.97032517,294960
2019-12-09,40.7451677,-73.98683077,294961
2019-12-09,40.730563,-73.973984,294961
2019-12-09,40.72966729392978,-73.98067966103554,294962
2019-12-09,40.72307749068673,-73.98583620786667,294962
2019-12-09,40.75038009,-73.98338988,294963
2019-12-09,40.76370739,-73.9851615,294963
2019-12-09,40.7770575,-73.97898475,294964
2019-12-09,40.78414472,-73.98362492,294964
2019-12-09,40.72228087,-73.97668709,294965
2019-12-09,40.718822,-73.99596,294965
2019-12-09,40.74232744,-73.95411749,294966
2019-12-09,40.7614376,-73.9411265,294966
2019-12-09,40.71625008,-74.0091059,294967
2019-12-09,40.72019521437465,-74.0103006362915,294967
2019-12-09,40.70140317257725,-73.98672670125961,294968
2019-12-09,40.6772744,-73.98282002,294968
2019-12-09,40.8082,-73.9641,294969
2019-12-09,40.8120562,-73.9612547,294969
2019-12-09,40.69236178,-73.98631746,294970
2019-12-09,40.6853761,-73.98302136,294970
2019-12-09,40.756913,-73.921631,294971
2019-12-09,40.7580583,-73.9242751,294971
2019-12-09,40.763189,-73.978434,294972
2019-12-09,40.76087502,-74.00277668,294972
2019-12-09,40.70905623,-74.01043382,294973
2019-12-09,40.72228087,-73.97668709,294973
2019-12-09,40.7457121,-73.98194829,294974
2019-12-09,40.79127,-73.964839,294974
2019-12-09,40.8045555,-73.9396861,294975
2019-12-09,40.797911,-73.9423,294975
2019-12-09,40.73912601,-73.97973776,294976
2019-12-09,40.76344058,-73.98268129,294976
2019-12-09,40.72746420692392,-73.97950418293476,294977
2019-12-09,40.73532427,-73.99800419,294977
2019-12-09,40.73143724085228,-73.99490341544151,294978
2019-12-09,40.734814,-73.992085,294978
2019-12-09,40.74290902,-73.97706058,294979
2019-12-09,40.74322681432173,-73.97449783980846,294979
2019-12-09,40.7158155,-73.99422366,294980
2019-12-09,40.6769694,-73.96579,294980
2019-12-09,40.73827428,-73.98751968,294981
2019-12-09,40.74286877312112,-73.98918628692627,294981
2019-12-09,40.7734066,-73.97782542,294982
2019-12-09,40.70924826276157,-73.96063148975372,294982
2019-12-09,40.7919557,-73.968087,294983
2019-12-09,40.8021174,-73.9681805305,294983
2019-12-09,40.73535398,-74.00483091,294984
2019-12-09,40.711512,-74.015756,294984
2019-12-09,40.74708586,-73.94977234,294985
2019-12-09,40.72036775298455,-73.96165072917938,294985
2019-12-09,40.72494672359416,-74.00165855884552,294986
2019-12-09,40.72746420692392,-73.97950418293476,294986
2019-12-09,40.761573,-73.972628,294987
2019-12-09,40.79017948095081,-73.97288918495178,294987
2019-12-09,40.7462009,-73.98855723,294988
2019-12-09,40.76030096,-73.99884222,294988
2019-12-09,40.74937024193277,-73.99923384189606,294989
2019-12-09,40.72082834,-73.97793172,294989
2019-12-09,40.74487634,-73.99529885,294990
2019-12-09,40.734232,-73.986923,294990
2019-12-09,40.711512,-74.015756,294991
2019-12-09,40.70569254,-74.01677685,294991
2019-12-09,40.749156,-73.9916,294992
2019-12-09,40.741459,-73.983293,294992
2019-12-09,40.749156,-73.9916,294993
2019-12-09,40.734232,-73.986923,294993
2019-12-09,40.724308321602166,-74.00473035871983,294994
2019-12-09,40.714211,-73.981095,294994
2019-12-09,40.69221589,-73.9842844,294995
2019-12-09,40.6917823,-73.9737299,294995
2019-12-09,40.77163851,-73.98261428,294996
2019-12-09,40.777507027547976,-73.98888587951659,294996
2019-12-09,40.7903051,-73.94755757,294997
2019-12-09,40.755293,-73.967641,294997
2019-12-09,40.7208736,-73.98085795,294998
2019-12-09,40.7208736,-73.98085795,294998
2019-12-09,40.7643971,-73.97371465,294999
2019-12-09,40.72740794,-73.98142006,294999
2019-12-09,40.7785669,-73.97754961,295000
2019-12-09,40.76915505,-73.98191841,295000
2019-12-09,40.7713615,-73.9246145,295001
2019-12-09,40.7638753,-73.9364848,295001
2019-12-09,40.718822,-73.99596,295002
2019-12-09,40.714211,-73.981095,295002
2019-12-09,40.68506807308177,-73.97790759801863,295003
2019-12-09,40.6704836,-73.98208968,295003
2019-12-09,40.71924,-73.95242,295004
2019-12-09,40.70877084,-73.95095259,295004
2019-12-09,40.720747,-73.986274,295005
2019-12-09,40.72082834,-73.97793172,295005
2019-12-09,40.74765947,-73.98490707,295006
2019-12-09,40.74177603,-74.00149746,295006
2019-12-09,40.7597108,-73.97402311,295007
2019-12-09,40.76344058,-73.98268129,295007
2019-12-09,40.72317958,-73.99480012,295008
2019-12-09,40.72743423,-73.99379025,295008
2019-12-09,40.75724567911726,-73.97805914282799,295009
2019-12-09,40.710451,-73.960876,295009
2019-12-09,40.73047309,-73.98672378,295010
2019-12-09,40.739445,-73.976806,295010
2019-12-09,40.714211,-73.981095,295011
2019-12-09,40.718822,-73.99596,295011
2019-12-09,40.6902375,-73.99203074,295012
2019-12-09,40.69512845,-73.99595065,295012
2019-12-09,40.75001986,-73.96905301,295013
2019-12-09,40.744219,-73.97121214,295013
2019-12-09,40.7829391,-73.9786517,295014
2019-12-09,40.78839,-73.9747,295014
2019-12-09,40.75640548,-73.9900262,295015
2019-12-09,40.722055,-73.989111,295015
2019-12-09,40.7597108,-73.97402311,295016
2019-12-09,40.768254,-73.988639,295016
2019-12-09,40.75500254,-73.98014437,295017
2019-12-09,40.76269882,-73.99301222,295017
2019-12-09,40.72746420692392,-73.97950418293476,295018
2019-12-09,40.72951496224949,-73.99075269699097,295018
2019-12-09,40.75594159,-74.0021163,295019
2019-12-09,40.76087502,-74.00277668,295019
2019-12-09,40.72743423,-73.99379025,295020
2019-12-09,40.73401143,-74.00293877,295020
2019-12-09,40.688417427540834,-73.98451656103134,295021
2019-12-09,40.69241829257847,-73.98949474096298,295021
2019-12-09,40.7239567849954,-73.94984364509583,295022
2019-12-09,40.72557,-73.94434,295022
2019-12-09,40.71273266,-74.0046073,295023
2019-12-09,40.71754834,-74.01322069,295023
2019-12-09,40.77579376683666,-73.9762057363987,295024
2019-12-09,40.782593,-73.971211,295024
2019-12-09,40.75714758,-73.97207836,295025
2019-12-09,40.76068327096592,-73.9845272898674,295025
2019-12-09,40.751873,-73.977706,295026
2019-12-09,40.76727216,-73.99392888,295026
2019-12-09,40.7727966,-73.95577801,295027
2019-12-09,40.7687620293096,-73.95840793848038,295027
2019-12-09,40.7381765,-73.97738662,295028
2019-12-09,40.72966729392978,-73.98067966103554,295028
2019-12-09,40.73143724085228,-73.99490341544151,295029
2019-12-09,40.735445,-73.99431,295029
2019-12-09,40.73704984,-73.99009296,295030
2019-12-09,40.75255434,-73.97282625,295030
2019-12-09,40.73381219196632,-73.98054420948029,295031
2019-12-09,40.74144387,-73.97536082,295031
2019-12-09,40.73291553,-74.00711384,295032
2019-12-09,40.7390169121,-74.0026376103,295032
2019-12-09,40.72110063,-73.9919254,295033
2019-12-09,40.73047309,-73.98672378,295033
2019-12-09,40.736502,-73.97809472,295034
2019-12-09,40.74780373,-73.9734419,295034
2019-12-09,40.78813,-73.95206,295035
2019-12-09,40.77862688,-73.95772073,295035
2019-12-09,40.72019521437465,-74.0103006362915,295036
2019-12-09,40.7153379,-74.01658354,295036
2019-12-09,40.75019995,-73.99093085,295037
2019-12-09,40.739445,-73.976806,295037
2019-12-09,40.74901271,-73.98848395,295038
2019-12-09,40.7390169121,-74.0026376103,295038
2019-12-09,40.71260486,-73.96264403,295039
2019-12-09,40.71335226222875,-73.9491033554077,295039
2019-12-09,40.77966809007312,-73.98093044757842,295040
2019-12-09,40.77966809007312,-73.98093044757842,295040
2019-12-09,40.75640548,-73.9900262,295041
2019-12-09,40.76269882,-73.99301222,295041
2019-12-09,40.738046142482766,-73.99642959237099,295042
2019-12-09,40.7462009,-73.98855723,295042
2019-12-09,40.73181401720966,-73.95995020866394,295043
2019-12-09,40.724812564400175,-73.94752621650696,295043
2019-12-09,40.6786115,-73.99037292,295044
2019-12-09,40.6746957,-73.99785768,295044
2019-12-09,40.6881529,-73.99520919,295045
2019-12-09,40.686371,-73.99383324,295045
2019-12-09,40.749156,-73.9916,295046
2019-12-09,40.7462009,-73.98855723,295046
2019-12-09,40.738046142482766,-73.99642959237099,295047
2019-12-09,40.73827428,-73.98751968,295047
2019-12-09,40.69236178,-73.98631746,295048
2019-12-09,40.68683208,-73.9796772,295048
2019-12-09,40.770845,-73.934171,295049
2019-12-09,40.7656251,-73.9136695,295049
2019-12-09,40.75299641,-73.98721619,295050
2019-12-09,40.76009437,-73.99461843,295050
2019-12-09,40.74734825,-73.99723551,295051
2019-12-09,40.75066386,-74.00176802,295051
2019-12-09,40.746647,-73.993915,295052
2019-12-09,40.749717753,-74.002950346,295052
2019-12-09,40.69985,-73.97141,295053
2019-12-09,40.689888,-73.981013,295053
2019-12-09,40.76095756,-73.96724467,295054
2019-12-09,40.74780373,-73.9734419,295054
2019-12-09,40.73454567,-73.99074142,295055
2019-12-09,40.73381219196632,-73.98054420948029,295055
2019-12-09,40.75299641,-73.98721619,295056
2019-12-09,40.751873,-73.977706,295056
2019-12-09,40.70355377,-74.00670227,295057
2019-12-09,40.70834698,-74.01713445,295057
2019-12-09,40.724308321602166,-74.00473035871983,295058
2019-12-09,40.72453734,-73.98185424,295058
2019-12-09,40.69839895,-73.98068914,295059
2019-12-09,40.68506807308177,-73.97790759801863,295059
2019-12-09,40.7981856,-73.9605909006,295060
2019-12-09,40.79904139288298,-73.96649479866028,295060
2019-12-09,40.73047309,-73.98672378,295061
2019-12-09,40.73454567,-73.99074142,295061
2019-12-09,40.7277140777778,-74.01129573583603,295062
2019-12-09,40.73038599,-74.00214988,295062
2019-12-09,40.718822,-73.99596,295063
2019-12-09,40.722055,-73.989111,295063
2019-12-09,40.71939226,-74.00247214,295064
2019-12-09,40.72019521437465,-74.0103006362915,295064
2019-12-09,40.74780373,-73.9734419,295065
2019-12-09,40.730563,-73.973984,295065
2019-12-09,40.76019252,-73.9912551,295066
2019-12-09,40.75660359,-73.9979009,295066
2019-12-09,40.715143,-73.944507,295067
2019-12-09,40.72158,-73.94546,295067
2019-12-09,40.71850211,-73.98329859,295068
2019-12-09,40.73226398,-73.99852205,295068
2019-12-09,40.70870368,-73.9448625,295069
2019-12-09,40.71335226222875,-73.9491033554077,295069
2019-12-09,40.7734066,-73.97782542,295070
2019-12-09,40.76590936,-73.97634151,295070
2019-12-09,40.7462009,-73.98855723,295071
2019-12-09,40.72708584,-73.95299117,295071
2019-12-09,40.70365182,-74.01167797,295072
2019-12-09,40.707873,-74.00167,295072
2019-12-09,40.78524672,-73.97667321,295073
2019-12-09,40.78839,-73.9747,295073
2019-12-09,40.686371,-73.99383324,295074
2019-12-09,40.6881529,-73.99520919,295074
2019-12-09,40.72228087,-73.97668709,295075
2019-12-09,40.72743423,-73.99379025,295075
2019-12-09,40.69196566,-73.9813018,295076
2019-12-09,40.69196035,-73.96536851,295076
2019-12-09,40.680611,-73.99475825,295077
2019-12-09,40.6740123,-73.9671457,295077
2019-12-09,40.72494672359416,-74.00165855884552,295078
2019-12-09,40.71850211,-73.98329859,295078
2019-12-09,40.70538077,-73.94976519,295079
2019-12-09,40.710451,-73.960876,295079
2019-12-09,40.74311555376486,-73.98215353488922,295080
2019-12-09,40.74765947,-73.98490707,295080
2019-12-09,40.7172274,-73.98802084,295081
2019-12-09,40.71219906,-73.97948148,295081
2019-12-09,40.73223272,-73.98889957,295082
2019-12-09,40.72903917,-73.99404649,295082
2019-12-09,40.6776147,-73.97324283,295083
2019-12-09,40.6740886,-73.9787282,295083
2019-12-09,40.75299641,-73.98721619,295084
2019-12-09,40.74290902,-73.97706058,295084
2019-12-09,40.72710258,-74.00297088,295085
2019-12-09,40.71044554,-73.96525063,295085
2019-12-09,40.718822,-73.99596,295086
2019-12-09,40.72917025,-73.99810231,295086
2019-12-09,40.74173969,-73.99415556,295087
2019-12-09,40.7462009,-73.98855723,295087
2019-12-09,40.76068327096592,-73.9845272898674,295088
2019-12-09,40.76019252,-73.9912551,295088
2019-12-09,40.76712840349542,-73.96224617958069,295089
2019-12-09,40.76800889305947,-73.96845281124115,295089
2019-12-09,40.74780373,-73.9734419,295090
2019-12-09,40.73381219196632,-73.98054420948029,295090
2019-12-09,40.73912601,-73.97973776,295091
2019-12-09,40.72743423,-73.99379025,295091
2019-12-09,40.71754834,-74.01322069,295092
2019-12-09,40.72405549,-74.00965965,295092
2019-12-09,40.73944820130404,-74.00507032871246,295093
2019-12-09,40.749717753,-74.002950346,295093
2019-12-09,40.71816969454208,-73.95520135760307,295094
2019-12-09,40.71907891179564,-73.94223690032959,295094
2019-12-09,40.74734825,-73.99723551,295095
2019-12-09,40.763189,-73.978434,295095
2019-12-09,40.6803560840434,-73.9476791024208,295096
2019-12-09,40.682601,-73.938037,295096
2019-12-09,40.73704984,-73.99009296,295097
2019-12-09,40.73726186,-73.99238967,295097
2019-12-09,40.74475148,-73.99915362,295098
2019-12-09,40.746745,-74.007756,295098
2019-12-09,40.71334184275907,-74.00935515761375,295099
2019-12-09,40.711512,-74.015756,295099
2019-12-09,40.777507027547976,-73.98888587951659,295100
2019-12-09,40.77748046,-73.98288594,295100
2019-12-09,40.74286877312112,-73.98918628692627,295101
2019-12-09,40.75172632,-73.98753523,295101
2019-12-09,40.761573,-73.972628,295102
2019-12-09,40.7801839724239,-73.97728532552719,295102
2019-12-09,40.7919557,-73.968087,295103
2019-12-09,40.805973,-73.964928,295103
2019-12-09,40.761584,-73.925921,295104
2019-12-09,40.7668,-73.9347774,295104
2019-12-09,40.746745,-74.007756,295105
2019-12-09,40.74345335,-74.00004031,295105
2019-12-09,40.746647,-73.993915,295106
2019-12-09,40.751873,-73.977706,295106
2019-12-09,40.72521311,-73.97768752,295107
2019-12-09,40.7284186,-73.98713956,295107
2019-12-09,40.72299208,-73.97995466,295108
2019-12-09,40.72066442,-73.98517977,295108
2019-12-09,40.71269042,-73.98776323,295109
2019-12-09,40.71450451,-74.00562789,295109
2019-12-09,40.76360467795863,-73.98917958140373,295110
2019-12-09,40.74475148,-73.99915362,295110
2019-12-09,40.77314236,-73.95856158,295111
2019-12-09,40.77518615,-73.94446054,295111
2019-12-09,40.71291224,-74.01020234,295112
2019-12-09,40.74311555376486,-73.98215353488922,295112
2019-12-09,40.751551,-73.993934,295113
2019-12-09,40.69766564,-73.98476437,295113
2019-12-09,40.76030096,-73.99884222,295114
2019-12-09,40.76087502,-74.00277668,295114
2019-12-09,40.69839895,-73.98068914,295115
2019-12-09,40.69985,-73.97141,295115
2019-12-09,40.78499979,-73.97283406,295116
2019-12-09,40.7785669,-73.97754961,295116
2019-12-09,40.75594159,-74.0021163,295117
2019-12-09,40.710451,-73.960876,295117
2019-12-09,40.751551,-73.993934,295118
2019-12-09,40.7867947,-73.977112,295118
2019-12-09,40.76095756,-73.96724467,295119
2019-12-09,40.7153379,-74.01658354,295119
2019-12-09,40.6740886,-73.9787282,295120
2019-12-09,40.6741806,-73.9564947,295120
2019-12-09,40.71748752,-74.0104554,295121
2019-12-09,40.75898481399634,-73.99379968643188,295121
2019-12-09,40.70924826276157,-73.96063148975372,295122
2019-12-09,40.710451,-73.960876,295122
2019-12-09,40.73020660529954,-73.99102628231049,295123
2019-12-09,40.72621788,-73.98379855,295123
2019-12-09,40.74731,-73.95451,295124
2019-12-09,40.73555,-73.95284,295124
2019-12-09,40.746647,-73.993915,295125
2019-12-09,40.751581,-73.97791,295125
2019-12-09,40.6767,-73.969024,295126
2019-12-09,40.6751622,-73.9814832,295126
2019-12-09,40.74096374,-73.98602213,295127
2019-12-09,40.72917025,-73.99810231,295127
2019-12-09,40.6793307,-73.97519523,295128
2019-12-09,40.68186,-73.959432,295128
2019-12-09,40.71910537,-73.99973337,295129
2019-12-09,40.722103786686034,-73.99724900722504,295129
2019-12-09,40.76663814,-73.95348296,295130
2019-12-09,40.745038,-73.957539,295130
2019-12-09,40.76068327096592,-73.9845272898674,295131
2019-12-09,40.75640548,-73.9900262,295131
2019-12-09,40.75992262,-73.97648516,295132
2019-12-09,40.77515953434235,-73.98918695747852,295132
2019-12-09,40.69241829257847,-73.98949474096298,295133
2019-12-09,40.6902375,-73.99203074,295133
2019-12-09,40.69239502,-73.99337909,295134
2019-12-09,40.6828003,-73.99990419,295134
2019-12-09,40.75724567911726,-73.97805914282799,295135
2019-12-09,40.75323098,-73.97032517,295135
2019-12-09,40.72917025,-73.99810231,295136
2019-12-09,40.72953837,-73.98426726,295136
2019-12-09,40.7981856,-73.9605909006,295137
2019-12-09,40.78499979,-73.97283406,295137
2019-12-09,40.74275382865903,-74.00747358798981,295138
2019-12-09,40.76087502,-74.00277668,295138
2019-12-09,40.72706363348306,-73.99662137031554,295139
2019-12-09,40.72740794,-73.98142006,295139
2019-12-09,40.73269,-73.98974,295140
2019-12-09,40.7462009,-73.98855723,295140
2019-12-09,40.7937704,-73.971888,295141
2019-12-09,40.7919557,-73.968087,295141
2019-12-09,40.72362738,-73.99949601,295142
2019-12-09,40.728846,-74.008591,295142
2019-12-09,40.7667405590595,-73.9790689945221,295143
2019-12-09,40.77896784,-73.97374737,295143
2019-12-09,40.722103786686034,-73.99724900722504,295144
2019-12-09,40.73381219196632,-73.98054420948029,295144
2019-12-09,40.7922553,-73.95249933,295145
2019-12-09,40.79406660818552,-73.96286845207214,295145
2019-12-09,40.76663814,-73.95348296,295146
2019-12-09,40.78524672,-73.97667321,295146
2019-12-09,40.72456089,-73.99565293,295147
2019-12-09,40.72299208,-73.97995466,295147
2019-12-09,40.768254,-73.988639,295148
2019-12-09,40.76087502,-74.00277668,295148
2019-12-09,40.72307749068673,-73.98583620786667,295149
2019-12-09,40.72521311,-73.97768752,295149
2019-12-09,40.722103786686034,-73.99724900722504,295150
2019-12-09,40.73587678,-73.98205027,295150
2019-12-09,40.702461,-73.986842,295151
2019-12-09,40.72606,-73.95621,295151
2019-12-09,40.7867947,-73.977112,295152
2019-12-09,40.77966809007312,-73.98093044757842,295152
2019-12-09,40.72966729392978,-73.98067966103554,295153
2019-12-09,40.722103786686034,-73.99724900722504,295153
2019-12-09,40.77801203,-73.95407149,295154
2019-12-09,40.77140426,-73.9535166,295154
2019-12-09,40.74395411,-73.99144871,295155
2019-12-09,40.74238787,-73.99726235,295155
2019-12-09,40.71285887,-73.96590294,295156
2019-12-09,40.73181401720966,-73.95995020866394,295156
2019-12-09,40.70706456,-74.00731853,295157
2019-12-09,40.71605866,-73.99190759,295157
2019-12-09,40.768254,-73.988639,295158
2019-12-09,40.75724567911726,-73.97805914282799,295158
2019-12-09,40.78112229934166,-73.94965589046478,295159
2019-12-09,40.76500525,-73.95818491,295159
2019-12-09,40.7954121,-73.9441232,295160
2019-12-09,40.7923272,-73.9383,295160
2019-12-09,40.73047309,-73.98672378,295161
2019-12-09,40.7546011026,-73.971878855,295161
2019-12-09,40.76030096,-73.99884222,295162
2019-12-09,40.75898481399634,-73.99379968643188,295162
2019-12-09,40.7941654,-73.974124,295163
2019-12-09,40.7785669,-73.97754961,295163
2019-12-09,40.73587678,-73.98205027,295164
2019-12-09,40.736502,-73.97809472,295164
2019-12-09,40.7575699,-73.99098507,295165
2019-12-09,40.770513,-73.988038,295165
2019-12-09,40.75594159,-74.0021163,295166
2019-12-09,40.71622644,-73.98261206,295166
2019-12-09,40.71910537,-73.99973337,295167
2019-12-09,40.71907891179564,-73.94223690032959,295167
2019-12-09,40.73704984,-73.99009296,295168
2019-12-09,40.7454973,-74.00197139,295168
2019-12-09,40.749717753,-74.002950346,295169
2019-12-09,40.751581,-73.97791,295169
2019-12-09,40.73454567,-73.99074142,295170
2019-12-09,40.720747,-73.986274,295170
2019-12-09,40.71019,-73.93734,295171
2019-12-09,40.710681,-73.93372,295171
2019-12-09,40.74394314,-73.97966069,295172
2019-12-09,40.73587678,-73.98205027,295172
2019-12-09,40.73555,-73.95284,295173
2019-12-09,40.72066442,-73.98517977,295173
2019-12-09,40.72951496224949,-73.99075269699097,295174
2019-12-09,40.71893904,-73.99266288,295174
2019-12-09,40.70140317257725,-73.98672670125961,295175
2019-12-09,40.70255088,-73.98940236,295175
2019-12-09,40.6772744,-73.98282002,295176
2019-12-09,40.6765304,-73.97846879,295176
2019-12-09,40.752269,-73.982079,295177
2019-12-09,40.74901271,-73.98848395,295177
2019-12-09,40.739445,-73.976806,295178
2019-12-09,40.739445,-73.976806,295178
2019-12-09,40.805973,-73.964928,295179
2019-12-09,40.8008363,-73.9664492472,295179
2019-12-09,40.73269,-73.98974,295180
2019-12-09,40.73038599,-74.00214988,295180
2019-12-09,40.68683208,-73.9796772,295181
2019-12-09,40.68962188790333,-73.98304268717766,295181
2019-12-09,40.73971301,-73.99456405,295182
2019-12-09,40.72453734,-73.98185424,295182
2019-12-09,40.73912601,-73.97973776,295183
2019-12-09,40.73912601,-73.97973776,295183
2019-12-09,40.7568001,-73.98291153,295184
2019-12-09,40.749156,-73.9916,295184
2019-12-09,40.74469738,-73.93540375,295185
2019-12-09,40.76108,-73.930562,295185
2019-12-09,40.8014866,-73.9442507,295186
2019-12-09,40.8013066,-73.9398167,295186
2019-12-09,40.7149787,-74.013012,295187
2019-12-09,40.711512,-74.015756,295187
2019-12-09,40.74177603,-74.00149746,295188
2019-12-09,40.76727216,-73.99392888,295188
2019-12-09,40.72243797,-74.00566443,295189
2019-12-09,40.72746420692392,-73.97950418293476,295189
2019-12-09,40.74286877312112,-73.98918628692627,295190
2019-12-09,40.7403432,-73.98955109,295190
2019-12-09,40.77565541,-73.95068615,295191
2019-12-09,40.778301,-73.9488134,295191
2019-12-09,40.68186,-73.959432,295192
2019-12-09,40.6867443,-73.99063168,295192
2019-12-09,40.70355377,-74.00670227,295193
2019-12-09,40.71622644,-73.98261206,295193
2019-12-09,40.717571,-74.005549,295194
2019-12-09,40.718822,-73.99596,295194
2019-12-09,40.73291553,-74.00711384,295195
2019-12-09,40.74345335,-74.00004031,295195
2019-12-09,40.7921,-73.9739,295196
2019-12-09,40.7770575,-73.97898475,295196
2019-12-09,40.717571,-74.005549,295197
2019-12-09,40.74937024193277,-73.99923384189606,295197
2019-12-09,40.69165183,-73.9999786,295198
2019-12-09,40.6867443,-73.99063168,295198
2019-12-09,40.7505853470215,-73.9946848154068,295199
2019-12-09,40.72740794,-73.98142006,295199
2019-12-09,40.73143724085228,-73.99490341544151,295200
2019-12-09,40.74173969,-73.99415556,295200
2019-12-09,40.7158155,-73.99422366,295201
2019-12-09,40.71269042,-73.98776323,295201
2019-12-09,40.73291553,-74.00711384,295202
2019-12-09,40.73944820130404,-74.00507032871246,295202
2019-12-09,40.74232744,-73.95411749,295203
2019-12-09,40.73555,-73.95284,295203
2019-12-09,40.734814,-73.992085,295204
2019-12-09,40.72953837,-73.98426726,295204
2019-12-09,40.71939226,-74.00247214,295205
2019-12-09,40.73047747,-73.99906065,295205
2019-12-09,40.68841,-73.979458,295206
2019-12-09,40.69308257,-73.97178913,295206
2019-12-09,40.741459,-73.983293,295207
2019-12-09,40.7457121,-73.98194829,295207
2019-12-09,40.7922553,-73.95249933,295208
2019-12-09,40.789622,-73.97757,295208
2019-12-09,40.77492513,-73.98266566,295209
2019-12-09,40.751551,-73.993934,295209
2019-12-09,40.722055,-73.989111,295210
2019-12-09,40.72779126,-73.98564945,295210
2019-12-09,40.72746420692392,-73.97950418293476,295211
2019-12-09,40.74177603,-74.00149746,295211
2019-12-09,40.74096374,-73.98602213,295212
2019-12-09,40.7457121,-73.98194829,295212
2019-12-09,40.72746420692392,-73.97950418293476,295213
2019-12-09,40.73454567,-73.99074142,295213
2019-12-09,40.675146838709786,-73.97523209452629,295214
2019-12-09,40.6772744,-73.98282002,295214
2019-12-09,40.75066386,-74.00176802,295215
2019-12-09,40.7734066,-73.97782542,295215
2019-12-09,40.7047177,-74.00926027,295216
2019-12-09,40.76663814,-73.95348296,295216
2019-12-09,40.75466591,-73.99138152,295217
2019-12-09,40.72217444,-73.98368779,295217
2019-12-09,40.777507027547976,-73.98888587951659,295218
2019-12-09,40.77896784,-73.97374737,295218
2019-12-09,40.76350532,-73.97109243,295219
2019-12-09,40.782593,-73.971211,295219
2019-12-09,40.7527085,-73.9397405,295220
2019-12-09,40.7659,-73.930819,295220
2019-12-09,40.68415748,-73.96922273,295221
2019-12-09,40.6772744,-73.98282002,295221
2019-12-09,40.69580705,-73.97355569,295222
2019-12-09,40.693261,-73.968896,295222
2019-12-09,40.73726186,-73.99238967,295223
2019-12-09,40.73944820130404,-74.00507032871246,295223
2019-12-09,40.6737236,-73.9631611,295224
2019-12-09,40.678045,-73.962408,295224
2019-12-09,40.75066386,-74.00176802,295225
2019-12-09,40.73944820130404,-74.00507032871246,295225
2019-12-09,40.71285887,-73.96590294,295226
2019-12-09,40.6845683,-73.95881081,295226
2019-12-09,40.71335226222875,-73.9491033554077,295227
2019-12-09,40.7103685423523,-73.94705951213837,295227
2019-12-09,40.6777287,-73.99364123,295228
2019-12-09,40.676368,-73.952918,295228
2019-12-09,40.804038,-73.945925,295229
2019-12-09,40.809725,-73.953149,295229
2019-12-09,40.749717753,-74.002950346,295230
2019-12-09,40.7505853470215,-73.9946848154068,295230
2019-12-09,40.73652889,-74.00618026,295231
2019-12-09,40.735445,-73.99431,295231
2019-12-09,40.72577,-73.94173,295232
2019-12-09,40.716887,-73.963198,295232
2019-12-09,40.73944820130404,-74.00507032871246,295233
2019-12-09,40.751396,-74.005226,295233
2019-12-09,40.7652654,-73.98192338,295234
2019-12-09,40.75500254,-73.98014437,295234
2019-12-09,40.75828065,-73.97069431,295235
2019-12-09,40.76360467795863,-73.98917958140373,295235
2019-12-09,40.74238787,-73.99726235,295236
2019-12-09,40.74096374,-73.98602213,295236
2019-12-09,40.71534825,-73.96024116,295237
2019-12-09,40.71285887,-73.96590294,295237
2019-12-09,40.738046142482766,-73.99642959237099,295238
2019-12-09,40.71117416,-74.00016545,295238
2019-12-09,40.71745169,-73.95850939,295239
2019-12-09,40.72557,-73.94434,295239
2019-12-09,40.6767,-73.969024,295240
2019-12-09,40.6765198,-73.9596082,295240
2019-12-09,40.746745,-74.007756,295241
2019-12-09,40.74475148,-73.99915362,295241
2019-12-09,40.735445,-73.99431,295242
2019-12-09,40.72317958,-73.99480012,295242
2019-12-09,40.74731,-73.95451,295243
2019-12-09,40.75110165,-73.94073717,295243
2019-12-09,40.72966729392978,-73.98067966103554,295244
2019-12-09,40.73912601,-73.97973776,295244
2019-12-09,40.75724567911726,-73.97805914282799,295245
2019-12-09,40.74765947,-73.98490707,295245
2019-12-09,40.77966809007312,-73.98093044757842,295246
2019-12-09,40.79406660818552,-73.96286845207214,295246
2019-12-09,40.7839636,-73.9471673,295247
2019-12-09,40.7987859,-73.9523,295247
2019-12-09,40.74238787,-73.99726235,295248
2019-12-09,40.734814,-73.992085,295248
2019-12-09,40.76370739,-73.9851615,295249
2019-12-09,40.75898481399634,-73.99379968643188,295249
2019-12-09,40.77282817,-73.96685276,295250
2019-12-09,40.76344058,-73.98268129,295250
2019-12-09,40.73047747,-73.99906065,295251
2019-12-09,40.72521311,-73.97768752,295251
2019-12-09,40.76590936,-73.97634151,295252
2019-12-09,40.7921,-73.9739,295252
2019-12-09,40.78414472,-73.98362492,295253
2019-12-09,40.78472675,-73.96961715,295253
2019-12-09,40.74901271,-73.98848395,295254
2019-12-09,40.751873,-73.977706,295254
2019-12-09,40.74177603,-74.00149746,295255
2019-12-09,40.74286877312112,-73.98918628692627,295255
2019-12-09,40.73704984,-73.99009296,295256
2019-12-09,40.72746420692392,-73.97950418293476,295256
2019-12-09,40.751581,-73.97791,295257
2019-12-09,40.72710258,-74.00297088,295257
2019-12-09,40.749156,-73.9916,295258
2019-12-09,40.739445,-73.976806,295258
2019-12-09,40.770845,-73.934171,295259
2019-12-09,40.7747878,-73.9125551,295259
2019-12-09,40.76108,-73.930562,295260
2019-12-09,40.748,-73.9460927,295260
2019-12-09,40.763189,-73.978434,295261
2019-12-09,40.7652654,-73.98192338,295261
2019-12-09,40.6740123,-73.9671457,295262
2019-12-09,40.675146838709786,-73.97523209452629,295262
2019-12-09,40.73047747,-73.99906065,295263
2019-12-09,40.72966729392978,-73.98067966103554,295263
2019-12-09,40.718822,-73.99596,295264
2019-12-09,40.72917025,-73.99810231,295264
2019-12-09,40.74290902,-73.97706058,295265
2019-12-09,40.735367055605394,-73.98797392845154,295265
2019-12-09,40.69221589,-73.9842844,295266
2019-12-09,40.68506807308177,-73.97790759801863,295266
2019-12-09,40.68764484,-73.96968902,295267
2019-12-09,40.6791944,-73.9587903,295267
2019-12-09,40.69196566,-73.9813018,295268
2019-12-09,40.69580705,-73.97355569,295268
2019-12-09,40.7403432,-73.98955109,295269
2019-12-09,40.73038599,-74.00214988,295269
2019-12-09,40.71754834,-74.01322069,295270
2019-12-09,40.71939226,-74.00247214,295270
2019-12-09,40.72621788,-73.98379855,295271
2019-12-09,40.72746420692392,-73.97950418293476,295271
2019-12-09,40.76132983124814,-73.97982001304626,295272
2019-12-09,40.768254,-73.988639,295272
2019-12-09,40.6707767,-73.9576801,295273
2019-12-09,40.6883337,-73.950916,295273
2019-12-09,40.73624527,-73.98473765,295274
2019-12-09,40.72740794,-73.98142006,295274
2019-12-09,40.71335226222875,-73.9491033554077,295275
2019-12-09,40.71915571696044,-73.94885390996933,295275
2019-12-09,40.74395411,-73.99144871,295276
2019-12-09,40.7390169121,-74.0026376103,295276
2019-12-09,40.7687620293096,-73.95840793848038,295277
2019-12-09,40.77140426,-73.9535166,295277
2019-12-09,40.754120810779256,-73.98025184869766,295278
2019-12-09,40.751551,-73.993934,295278
2019-12-09,40.71893904,-73.99266288,295279
2019-12-09,40.71269042,-73.98776323,295279
2019-12-09,40.7981856,-73.9605909006,295280
2019-12-09,40.76590936,-73.97634151,295280
2019-12-09,40.8038654,-73.9559308,295281
2019-12-09,40.7839636,-73.9471673,295281
2019-12-09,40.74395411,-73.99144871,295282
2019-12-09,40.74238787,-73.99726235,295282
2019-12-09,40.735367055605394,-73.98797392845154,295283
2019-12-09,40.72966729392978,-73.98067966103554,295283
2019-12-09,40.749156,-73.9916,295284
2019-12-09,40.74394314,-73.97966069,295284
2019-12-09,40.7403432,-73.98955109,295285
2019-12-09,40.72903917,-73.99404649,295285
2019-12-09,40.73181401720966,-73.95995020866394,295286
2019-12-09,40.72606,-73.95621,295286
2019-12-09,40.74475148,-73.99915362,295287
2019-12-09,40.73944820130404,-74.00507032871246,295287
2019-12-09,40.72082834,-73.97793172,295288
2019-12-09,40.71559509,-73.9870295,295288
2019-12-09,40.76370739,-73.9851615,295289
2019-12-09,40.73381219196632,-73.98054420948029,295289
2019-12-09,40.77966809007312,-73.98093044757842,295290
2019-12-09,40.7785669,-73.97754961,295290
2019-12-09,40.76068327096592,-73.9845272898674,295291
2019-12-09,40.76727216,-73.99392888,295291
2019-12-09,40.72903917,-73.99404649,295292
2019-12-09,40.73269,-73.98974,295292
2019-12-09,40.693261,-73.968896,295293
2019-12-09,40.69580705,-73.97355569,295293
2019-12-09,40.77966809007312,-73.98093044757842,295294
2019-12-09,40.7882213,-73.97041561,295294
2019-12-09,40.7457121,-73.98194829,295295
2019-12-09,40.74901271,-73.98848395,295295
2019-12-09,40.7597108,-73.97402311,295296
2019-12-09,40.77140426,-73.9535166,295296
2019-12-09,40.69239502,-73.99337909,295297
2019-12-09,40.70037867,-73.99548059,295297
2019-12-09,40.70717936,-74.00887308,295298
2019-12-09,40.71219906,-73.97948148,295298
2019-12-09,40.73226398,-73.99852205,295299
2019-12-09,40.73454567,-73.99074142,295299
2019-12-09,40.74177603,-74.00149746,295300
2019-12-09,40.73532427,-73.99800419,295300
2019-12-09,40.74173969,-73.99415556,295301
2019-12-09,40.74487634,-73.99529885,295301
2019-12-09,40.736502,-73.97809472,295302
2019-12-09,40.746647,-73.993915,295302
2019-12-09,40.7867947,-73.977112,295303
2019-12-09,40.7919557,-73.968087,295303
2019-12-09,40.72951496224949,-73.99075269699097,295304
2019-12-09,40.73454567,-73.99074142,295304
2019-12-09,40.69165183,-73.9999786,295305
2019-12-09,40.69064807082943,-73.95746178925037,295305
2019-12-09,40.75255434,-73.97282625,295306
2019-12-09,40.76227205,-73.98788205,295306
2019-12-09,40.70684203101325,-73.9544353965357,295307
2019-12-09,40.694546087246025,-73.95801365375519,295307
2019-12-09,40.74718234,-73.9432635,295308
2019-12-09,40.74731,-73.95451,295308
2019-12-09,40.71754834,-74.01322069,295309
2019-12-09,40.711512,-74.015756,295309
2019-12-09,40.72743423,-73.99379025,295310
2019-12-09,40.73827428,-73.98751968,295310
2019-12-09,40.73331967,-73.99510132,295311
2019-12-09,40.71605866,-73.99190759,295311
2019-12-09,40.72706363348306,-73.99662137031554,295312
2019-12-09,40.71602118,-73.99974372,295312
2019-12-09,40.73726186,-73.99238967,295313
2019-12-09,40.73935542,-73.99931783,295313
2019-12-09,40.73704984,-73.99009296,295314
2019-12-09,40.72743423,-73.99379025,295314
2019-12-09,40.77632142182271,-73.96427392959595,295315
2019-12-09,40.7643971,-73.97371465,295315
2019-12-09,40.7451677,-73.98683077,295316
2019-12-09,40.73587678,-73.98205027,295316
2019-12-09,40.75097711,-73.98765428,295317
2019-12-09,40.75640548,-73.9900262,295317
2019-12-09,40.73587678,-73.98205027,295318
2019-12-09,40.72019576,-73.98997825,295318
2019-12-09,40.8086249,-73.9596214,295319
2019-12-09,40.77748046,-73.98288594,295319
2019-12-09,40.749156,-73.9916,295320
2019-12-09,40.74780373,-73.9734419,295320
2019-12-09,40.70955958,-74.00653609,295321
2019-12-09,40.72621788,-73.98379855,295321
2019-12-09,40.77314236,-73.95856158,295322
2019-12-09,40.7728384,-73.94989233,295322
2019-12-09,40.74691959,-74.00451887,295323
2019-12-09,40.73781509,-73.99994661,295323
2019-12-09,40.72299208,-73.97995466,295324
2019-12-09,40.7158155,-73.99422366,295324
2019-12-09,40.73221853,-73.98165557,295325
2019-12-09,40.73223272,-73.98889957,295325
2019-12-09,40.7729,-73.916142,295326
2019-12-09,40.756913,-73.921631,295326
2019-12-09,40.711066,-74.009447,295327
2019-12-09,40.70955958,-74.00653609,295327
2019-12-09,40.72019521437465,-74.0103006362915,295328
2019-12-09,40.72706363348306,-73.99662137031554,295328
2019-12-09,40.75510267,-73.97498696,295329
2019-12-09,40.74901271,-73.98848395,295329
2019-12-09,40.6793307,-73.97519523,295330
2019-12-09,40.6703837,-73.97839676,295330
2019-12-09,40.6769694,-73.96579,295331
2019-12-09,40.6791944,-73.9587903,295331
2019-12-09,40.68506807308177,-73.97790759801863,295332
2019-12-09,40.68488,-73.96304,295332
2019-12-09,40.72779126,-73.98564945,295333
2019-12-09,40.73781509,-73.99994661,295333
2019-12-09,40.75172632,-73.98753523,295334
2019-12-09,40.74937024193277,-73.99923384189606,295334
2019-12-09,40.76068327096592,-73.9845272898674,295335
2019-12-09,40.77515953434235,-73.98918695747852,295335
2019-12-09,40.70924826276157,-73.96063148975372,295336
2019-12-09,40.707644944175705,-73.96841526031494,295336
2019-12-09,40.73143724085228,-73.99490341544151,295337
2019-12-09,40.734814,-73.992085,295337
2019-12-09,40.7262807,-73.98978041,295338
2019-12-09,40.73381219196632,-73.98054420948029,295338
2019-12-09,40.770513,-73.988038,295339
2019-12-09,40.76227205,-73.98788205,295339
2019-12-09,40.74487634,-73.99529885,295340
2019-12-09,40.7381765,-73.97738662,295340
2019-12-09,40.7208736,-73.98085795,295341
2019-12-09,40.72706363348306,-73.99662137031554,295341
2019-12-09,40.76312584,-73.96526895,295342
2019-12-09,40.7612274,-73.96094022,295342
2019-12-09,40.74173969,-73.99415556,295343
2019-12-09,40.74691959,-74.00451887,295343
2019-12-09,40.71273266,-74.0046073,295344
2019-12-09,40.71450451,-74.00562789,295344
2019-12-09,40.711863,-73.944024,295345
2019-12-09,40.71745169,-73.95850939,295345
2019-12-09,40.6809741,-73.9710097,295346
2019-12-09,40.69237074,-73.93705428,295346
2019-12-09,40.72706363348306,-73.99662137031554,295347
2019-12-09,40.73047747,-73.99906065,295347
2019-12-09,40.728846,-74.008591,295348
2019-12-09,40.72405549,-74.00965965,295348
2019-12-09,40.73827428,-73.98751968,295349
2019-12-09,40.72740794,-73.98142006,295349
2019-12-09,40.72494672359416,-74.00165855884552,295350
2019-12-09,40.70905623,-74.01043382,295350
2019-12-09,40.73912601,-73.97973776,295351
2019-12-09,40.736502,-73.97809472,295351
2019-12-09,40.77966809007312,-73.98093044757842,295352
2019-12-09,40.804372,-73.951475,295352
2019-12-09,40.70365182,-74.01167797,295353
2019-12-09,40.70717936,-74.00887308,295353
2019-12-09,40.72903917,-73.99404649,295354
2019-12-09,40.72966729392978,-73.98067966103554,295354
2019-12-09,40.74937024193277,-73.99923384189606,295355
2019-12-09,40.7505853470215,-73.9946848154068,295355
2019-12-09,40.74734825,-73.99723551,295356
2019-12-09,40.75466591,-73.99138152,295356
2019-12-09,40.746745,-74.007756,295357
2019-12-09,40.7454973,-74.00197139,295357
2019-12-09,40.7403432,-73.98955109,295358
2019-12-09,40.739445,-73.976806,295358
2019-12-09,40.71450451,-74.00562789,295359
2019-12-09,40.74177603,-74.00149746,295359
2019-12-09,40.75299641,-73.98721619,295360
2019-12-09,40.74780373,-73.9734419,295360
2019-12-09,40.67363551341504,-74.01195555925369,295361
2019-12-09,40.68691865,-73.976682,295361
2019-12-09,40.7747878,-73.9125551,295362
2019-12-09,40.7729,-73.916142,295362
2019-12-09,40.7869946,-73.94164802,295363
2019-12-09,40.791976,-73.945993,295363
2019-12-09,40.752269,-73.982079,295364
2019-12-09,40.752165280621966,-73.97992193698882,295364
2019-12-09,40.72779126,-73.98564945,295365
2019-12-09,40.734232,-73.986923,295365
2019-12-09,40.76727216,-73.99392888,295366
2019-12-09,40.76019252,-73.9912551,295366
2019-12-09,40.77118287540658,-73.96409422159195,295367
2019-12-09,40.76663814,-73.95348296,295367
2019-12-09,40.746745,-74.007756,295368
2019-12-09,40.73971301,-73.99456405,295368
2019-12-09,40.8045555,-73.9396861,295369
2019-12-09,40.78112229934166,-73.94965589046478,295369
2019-12-09,40.7568001,-73.98291153,295370
2019-12-09,40.7454973,-74.00197139,295370
2019-12-09,40.7403432,-73.98955109,295371
2019-12-09,40.75466591,-73.99138152,295371
2019-12-09,40.76030096,-73.99884222,295372
2019-12-09,40.74487634,-73.99529885,295372
2019-12-09,40.71450451,-74.00562789,295373
2019-12-09,40.71602118,-73.99974372,295373
2019-12-09,40.746745,-74.007756,295374
2019-12-09,40.74238787,-73.99726235,295374
2019-12-09,40.718822,-73.99596,295375
2019-12-09,40.71739973,-73.98016555,295375
2019-12-09,40.76500525,-73.95818491,295376
2019-12-09,40.77477944895728,-73.95427465438843,295376
2019-12-09,40.76030096,-73.99884222,295377
2019-12-09,40.75594159,-74.0021163,295377
2019-12-09,40.73944820130404,-74.00507032871246,295378
2019-12-09,40.7454973,-74.00197139,295378
2019-12-09,40.77801203,-73.95407149,295379
2019-12-09,40.787801,-73.953559,295379
2019-12-09,40.74765947,-73.98490707,295380
2019-12-09,40.75019995,-73.99093085,295380
2019-12-09,40.749156,-73.9916,295381
2019-12-09,40.751873,-73.977706,295381
2019-12-09,40.7505853470215,-73.9946848154068,295382
2019-12-09,40.73652889,-74.00618026,295382
2019-12-09,40.75255434,-73.97282625,295383
2019-12-09,40.75038009,-73.98338988,295383
2019-12-09,40.77748046,-73.98288594,295384
2019-12-09,40.76269882,-73.99301222,295384
2019-12-09,40.77140426,-73.9535166,295385
2019-12-09,40.7835016,-73.955327,295385
2019-12-09,40.71754834,-74.01322069,295386
2019-12-09,40.76341379,-73.99667444,295386
2019-12-09,40.71291224,-74.01020234,295387
2019-12-09,40.7016657,-73.9437303,295387
2019-12-09,40.76500525,-73.95818491,295388
2019-12-09,40.778301,-73.9488134,295388
2019-12-09,40.73047747,-73.99906065,295389
2019-12-09,40.73454567,-73.99074142,295389
2019-12-09,40.722055,-73.989111,295390
2019-12-09,40.730563,-73.973984,295390
2019-12-09,40.75640548,-73.9900262,295391
2019-12-09,40.76009437,-73.99461843,295391
2019-12-09,40.73935542,-73.99931783,295392
2019-12-09,40.7361967,-74.00859207,295392
2019-12-09,40.76019252,-73.9912551,295393
2019-12-09,40.75255434,-73.97282625,295393
2019-12-09,40.7580583,-73.9242751,295394
2019-12-09,40.761293897289086,-73.916916847229,295394
2019-12-09,40.7575699,-73.99098507,295395
2019-12-09,40.710451,-73.960876,295395
2019-12-09,40.7403432,-73.98955109,295396
2019-12-09,40.73401143,-74.00293877,295396
2019-12-09,40.74311555376486,-73.98215353488922,295397
2019-12-09,40.7462009,-73.98855723,295397
2019-12-09,40.74487634,-73.99529885,295398
2019-12-09,40.74345335,-74.00004031,295398
2019-12-09,40.768254,-73.988639,295399
2019-12-09,40.76019252,-73.9912551,295399
2019-12-09,40.7451677,-73.98683077,295400
2019-12-09,40.73331967,-73.99510132,295400
2019-12-09,40.722055,-73.989111,295401
2019-12-09,40.73223272,-73.98889957,295401
2019-12-09,40.739445,-73.976806,295402
2019-12-09,40.749156,-73.9916,295402
2019-12-09,40.7597108,-73.97402311,295403
2019-12-09,40.74937024193277,-73.99923384189606,295403
2019-12-09,40.71939226,-74.00247214,295404
2019-12-09,40.71559509,-73.9870295,295404
2019-12-09,40.761573,-73.972628,295405
2019-12-09,40.75797322,-73.96603308,295405
2019-12-09,40.69991755,-73.98971773,295406
2019-12-09,40.69241829257847,-73.98949474096298,295406
2019-12-09,40.7892105,-73.94370784,295407
2019-12-09,40.7839636,-73.9471673,295407
2019-12-09,40.75929124,-73.98859651,295408
2019-12-09,40.75019995,-73.99093085,295408
2019-12-09,40.75066386,-74.00176802,295409
2019-12-09,40.74317449,-74.00366443,295409
2019-12-09,40.71427487,-73.98990025,295410
2019-12-09,40.70905623,-74.01043382,295410
2019-12-09,40.76350532,-73.97109243,295411
2019-12-09,40.759125,-73.962658,295411
2019-12-09,40.75110165,-73.94073717,295412
2019-12-09,40.74731,-73.95451,295412
2019-12-09,40.73026,-73.95394,295413
2019-12-09,40.73555,-73.95284,295413
2019-12-09,40.751551,-73.993934,295414
2019-12-09,40.75660359,-73.9979009,295414
2019-12-09,40.7239567849954,-73.94984364509583,295415
2019-12-09,40.72557,-73.94434,295415
2019-12-09,40.728846,-74.008591,295416
2019-12-09,40.76087502,-74.00277668,295416
2019-12-09,40.72917025,-73.99810231,295417
2019-12-09,40.72066442,-73.98517977,295417
2019-12-09,40.78524672,-73.97667321,295418
2019-12-09,40.79017948095081,-73.97288918495178,295418
2019-12-09,40.77801203,-73.95407149,295419
2019-12-09,40.778301,-73.9488134,295419
2019-12-09,40.74286877312112,-73.98918628692627,295420
2019-12-09,40.74901271,-73.98848395,295420
2019-12-09,40.74173969,-73.99415556,295421
2019-12-09,40.7454973,-74.00197139,295421
2019-12-09,40.6803560840434,-73.9476791024208,295422
2019-12-09,40.6737236,-73.9631611,295422
2019-12-09,40.73454567,-73.99074142,295423
2019-12-09,40.71602118,-73.99974372,295423
2019-12-09,40.734232,-73.986923,295424
2019-12-09,40.73704984,-73.99009296,295424
2019-12-09,40.72362738,-73.99949601,295425
2019-12-09,40.73291553,-74.00711384,295425
2019-12-09,40.72966729392978,-73.98067966103554,295426
2019-12-09,40.722055,-73.989111,295426
2019-12-09,40.680611,-73.99475825,295427
2019-12-09,40.6831164,-73.99785267,295427
2019-12-09,40.78524672,-73.97667321,295428
2019-12-09,40.7817212,-73.94594,295428
2019-12-09,40.74311555376486,-73.98215353488922,295429
2019-12-09,40.73381219196632,-73.98054420948029,295429
2019-12-09,40.74286877312112,-73.98918628692627,295430
2019-12-09,40.75660359,-73.9979009,295430
2019-12-09,40.73221853,-73.98165557,295431
2019-12-09,40.71269042,-73.98776323,295431
2019-12-09,40.8143256,-73.9590255,295432
2019-12-09,40.804038,-73.945925,295432
2019-12-09,40.78307,-73.95939,295433
2019-12-09,40.801694,-73.957145,295433
2019-12-09,40.76344058,-73.98268129,295434
2019-12-09,40.76009437,-73.99461843,295434
2019-12-09,40.72903917,-73.99404649,295435
2019-12-09,40.7892529,-73.93956237,295435
2019-12-09,40.7892529,-73.93956237,295436
2019-12-09,40.8006721,-73.9349,295436
2019-12-09,40.7462009,-73.98855723,295437
2019-12-09,40.74901271,-73.98848395,295437
2019-12-09,40.770513,-73.988038,295438
2019-12-09,40.76312584,-73.96526895,295438
2019-12-09,40.72951496224949,-73.99075269699097,295439
2019-12-09,40.72082834,-73.97793172,295439
2019-12-09,40.73047747,-73.99906065,295440
2019-12-09,40.7457121,-73.98194829,295440
2019-12-09,40.73172428,-74.00674436,295441
2019-12-09,40.73038599,-74.00214988,295441
2019-12-09,40.69512845,-73.99595065,295442
2019-12-09,40.69760127,-73.99344559,295442
2019-12-09,40.73912601,-73.97973776,295443
2019-12-09,40.7284186,-73.98713956,295443
2019-12-09,40.72299208,-73.97995466,295444
2019-12-09,40.72966729392978,-73.98067966103554,295444
2019-12-09,40.78524672,-73.97667321,295445
2019-12-09,40.7919557,-73.968087,295445
2019-12-09,40.7667405590595,-73.9790689945221,295446
2019-12-09,40.746647,-73.993915,295446
2019-12-09,40.77579376683666,-73.9762057363987,295447
2019-12-09,40.77282817,-73.96685276,295447
2019-12-09,40.76360467795863,-73.98917958140373,295448
2019-12-09,40.76227205,-73.98788205,295448
2019-12-09,40.70955958,-74.00653609,295449
2019-12-09,40.70862144,-74.00722156,295449
2019-12-09,40.715143,-73.944507,295450
2019-12-09,40.7160751,-73.952029,295450
2019-12-09,40.76663814,-73.95348296,295451
2019-12-09,40.77565541,-73.95068615,295451
2019-12-09,40.76227205,-73.98788205,295452
2019-12-09,40.76087502,-74.00277668,295452
2019-12-09,40.76590936,-73.97634151,295453
2019-12-09,40.7981856,-73.9605909006,295453
2019-12-09,40.7190095,-73.95852515,295454
2019-12-09,40.72557,-73.94434,295454
2019-12-09,40.675146838709786,-73.97523209452629,295455
2019-12-09,40.68199044270703,-73.99079024791718,295455
2019-12-09,40.7575699,-73.99098507,295456
2019-12-09,40.7575699,-73.99098507,295456
2019-12-09,40.69760127,-73.99344559,295457
2019-12-09,40.6794327,-74.00785041,295457
2019-12-09,40.71260486,-73.96264403,295458
2019-12-09,40.70870368,-73.9448625,295458
2019-12-09,40.7747878,-73.9125551,295459
2019-12-09,40.7701477,-73.9120938,295459
2019-12-09,40.72521311,-73.97768752,295460
2019-12-09,40.73047747,-73.99906065,295460
2019-12-09,40.752165280621966,-73.97992193698882,295461
2019-12-09,40.754120810779256,-73.98025184869766,295461
2019-12-09,40.77966809007312,-73.98093044757842,295462
2019-12-09,40.7829391,-73.9786517,295462
2019-12-09,40.6705135,-73.98876585,295463
2019-12-09,40.67260298150126,-73.98983001708984,295463
2019-12-09,40.724308321602166,-74.00473035871983,295464
2019-12-09,40.71754834,-74.01322069,295464
2019-12-09,40.74177603,-74.00149746,295465
2019-12-09,40.74734825,-73.99723551,295465
2019-12-09,40.782454175279874,-73.9489196240902,295466
2019-12-09,40.7869946,-73.94164802,295466
2019-12-09,40.6765198,-73.9596082,295467
2019-12-09,40.68691865,-73.976682,295467
2019-12-09,40.72906,-73.95779,295468
2019-12-09,40.71044554,-73.96525063,295468
2019-12-09,40.75797322,-73.96603308,295469
2019-12-09,40.72521311,-73.97768752,295469
2019-12-09,40.804213,-73.96699104,295470
2019-12-09,40.8143256,-73.9590255,295470
2019-12-09,40.71915571696044,-73.94885390996933,295471
2019-12-09,40.71469,-73.95739,295471
2019-12-09,40.7801839724239,-73.97728532552719,295472
2019-12-09,40.77149671054441,-73.99046033620834,295472
2019-12-09,40.73172428,-74.00674436,295473
2019-12-09,40.710451,-73.960876,295473
2019-12-09,40.75206862,-73.96784384,295474
2019-12-09,40.759125,-73.962658,295474
2019-12-09,40.75640548,-73.9900262,295475
2019-12-09,40.74487634,-73.99529885,295475
2019-12-09,40.7691572,-73.96703464,295476
2019-12-09,40.76873687,-73.96119945,295476
2019-12-09,40.7172274,-73.98802084,295477
2019-12-09,40.71622644,-73.98261206,295477
2019-12-09,40.72317958,-73.99480012,295478
2019-12-09,40.718822,-73.99596,295478
2019-12-09,40.71939226,-74.00247214,295479
2019-12-09,40.72229346,-73.99147535,295479
2019-12-09,40.734814,-73.992085,295480
2019-12-09,40.72746420692392,-73.97950418293476,295480
2019-12-09,40.7505853470215,-73.9946848154068,295481
2019-12-09,40.75466591,-73.99138152,295481
2019-12-09,40.6740886,-73.9787282,295482
2019-12-09,40.6740123,-73.9671457,295482
2019-12-09,40.76095756,-73.96724467,295483
2019-12-09,40.76873687,-73.96119945,295483
2019-12-09,40.763954,-73.9646,295484
2019-12-09,40.75992262,-73.97648516,295484
2019-12-09,40.76068327096592,-73.9845272898674,295485
2019-12-09,40.70834698,-74.01713445,295485
2019-12-09,40.75466591,-73.99138152,295486
2019-12-09,40.746647,-73.993915,295486
2019-12-09,40.6741806,-73.9564947,295487
2019-12-09,40.672695,-73.954131,295487
2019-12-09,40.71911552,-74.00666661,295488
2019-12-09,40.72710258,-74.00297088,295488
2019-12-09,40.76663814,-73.95348296,295489
2019-12-09,40.7779453,-73.946041,295489
2019-12-09,40.736502,-73.97809472,295490
2019-12-09,40.734814,-73.992085,295490
2019-12-09,40.70706456,-74.00731853,295491
2019-12-09,40.71427487,-73.98990025,295491
2019-12-09,40.6902375,-73.99203074,295492
2019-12-09,40.6847514,-73.99917254,295492
2019-12-09,40.71910537,-73.99973337,295493
2019-12-09,40.7169811,-73.94485918,295493
2019-12-09,40.768254,-73.988639,295494
2019-12-09,40.77748046,-73.98288594,295494
2019-12-09,40.74765947,-73.98490707,295495
2019-12-09,40.74311555376486,-73.98215353488922,295495
2019-12-09,40.7652654,-73.98192338,295496
2019-12-09,40.7867947,-73.977112,295496
2019-12-09,40.74487634,-73.99529885,295497
2019-12-09,40.75066386,-74.00176802,295497
2019-12-09,40.70955958,-74.00653609,295498
2019-12-09,40.70706456,-74.00731853,295498
2019-12-09,40.74395411,-73.99144871,295499
2019-12-09,40.741459,-73.983293,295499
2019-12-09,40.70767788,-73.94016171,295500
2019-12-09,40.70510918,-73.94407279,295500
2019-12-09,40.74691959,-74.00451887,295501
2019-12-09,40.74317449,-74.00366443,295501
2019-12-09,40.72456089,-73.99565293,295502
2019-12-09,40.72307749068673,-73.98583620786667,295502
2019-12-09,40.7454973,-74.00197139,295503
2019-12-09,40.75066386,-74.00176802,295503
2019-12-09,40.7734066,-73.97782542,295504
2019-12-09,40.8038654,-73.9559308,295504
2019-12-09,40.6758324,-73.9561677,295505
2019-12-09,40.6883337,-73.950916,295505
2019-12-09,40.72710258,-74.00297088,295506
2019-12-09,40.72521311,-73.97768752,295506
2019-12-09,40.70255065,-74.0127234,295507
2019-12-09,40.70224,-73.982578,295507
2019-12-09,40.72557,-73.94434,295508
2019-12-09,40.72311651,-73.95212324,295508
2019-12-09,40.68506807308177,-73.97790759801863,295509
2019-12-09,40.68488,-73.96304,295509
2019-12-09,40.74901271,-73.98848395,295510
2019-12-09,40.74394314,-73.97966069,295510
2019-12-09,40.675146838709786,-73.97523209452629,295511
2019-12-09,40.68506807308177,-73.97790759801863,295511
2019-12-09,40.68506807308177,-73.97790759801863,295512
2019-12-09,40.68488,-73.96304,295512
2019-12-09,40.70924826276157,-73.96063148975372,295513
2019-12-09,40.71260486,-73.96264403,295513
2019-12-09,40.746647,-73.993915,295514
2019-12-09,40.74317449,-74.00366443,295514
2019-12-09,40.748,-73.9460927,295515
2019-12-09,40.76095756,-73.96724467,295515
2019-12-09,40.72405549,-74.00965965,295516
2019-12-09,40.72066442,-73.98517977,295516
2019-12-09,40.75255434,-73.97282625,295517
2019-12-09,40.72066442,-73.98517977,295517
2019-12-09,40.71939226,-74.00247214,295518
2019-12-09,40.71117444,-73.99682619,295518
2019-12-09,40.74096374,-73.98602213,295519
2019-12-09,40.72779126,-73.98564945,295519
2019-12-09,40.72966729392978,-73.98067966103554,295520
2019-12-09,40.72521311,-73.97768752,295520
2019-12-09,40.74286877312112,-73.98918628692627,295521
2019-12-09,40.72621788,-73.98379855,295521
2019-12-09,40.73944820130404,-74.00507032871246,295522
2019-12-09,40.7381765,-73.97738662,295522
2019-12-09,40.72917025,-73.99810231,295523
2019-12-09,40.72299208,-73.97995466,295523
2019-12-09,40.7882213,-73.97041561,295524
2019-12-09,40.7867947,-73.977112,295524
2019-12-09,40.686371,-73.99383324,295525
2019-12-09,40.6861758,-73.99645295,295525
2019-12-09,40.70140317257725,-73.98672670125961,295526
2019-12-09,40.68199044270703,-73.99079024791718,295526
2019-12-09,40.7381765,-73.97738662,295527
2019-12-09,40.76500525,-73.95818491,295527
2019-12-09,40.8082,-73.9641,295528
2019-12-09,40.8109494,-73.9634,295528
2019-12-09,40.75019995,-73.99093085,295529
2019-12-09,40.74444921,-73.98303529,295529
2019-12-09,40.76727216,-73.99392888,295530
2019-12-09,40.72405549,-74.00965965,295530
2019-12-09,40.736502,-73.97809472,295531
2019-12-09,40.72217444,-73.98368779,295531
2019-12-09,40.73726186,-73.99238967,295532
2019-12-09,40.73291553,-74.00711384,295532
2019-12-09,40.751873,-73.977706,295533
2019-12-09,40.7867947,-73.977112,295533
2019-12-09,40.73038599,-74.00214988,295534
2019-12-09,40.734814,-73.992085,295534
2019-12-09,40.73401143,-74.00293877,295535
2019-12-09,40.74475148,-73.99915362,295535
2019-12-09,40.76132983124814,-73.97982001304626,295536
2019-12-09,40.76019252,-73.9912551,295536
2019-12-09,40.7919557,-73.968087,295537
2019-12-09,40.79017948095081,-73.97288918495178,295537
2019-12-09,40.6809741,-73.9710097,295538
2019-12-09,40.68691865,-73.976682,295538
2019-12-09,40.738046142482766,-73.99642959237099,295539
2019-12-09,40.73971301,-73.99456405,295539
2019-12-09,40.69760127,-73.99344559,295540
2019-12-09,40.69512845,-73.99595065,295540
2019-12-09,40.76009437,-73.99461843,295541
2019-12-09,40.75594159,-74.0021163,295541
2019-12-09,40.72456089,-73.99565293,295542
2019-12-09,40.72307749068673,-73.98583620786667,295542
2019-12-09,40.7158155,-73.99422366,295543
2019-12-09,40.71926081,-73.98178024,295543
2019-12-09,40.739445,-73.976806,295544
2019-12-09,40.734232,-73.986923,295544
2019-12-09,40.6867443,-73.99063168,295545
2019-12-09,40.6847514,-73.99917254,295545
2019-12-09,40.74937024193277,-73.99923384189606,295546
2019-12-09,40.72405549,-74.00965965,295546
2019-12-09,40.763189,-73.978434,295547
2019-12-09,40.76727216,-73.99392888,295547
2019-12-09,40.68312489,-73.97895137,295548
2019-12-09,40.668132,-73.97363831,295548
2019-12-09,40.76009437,-73.99461843,295549
2019-12-09,40.73587678,-73.98205027,295549
2019-12-09,40.739323,-74.008119,295550
2019-12-09,40.70834698,-74.01713445,295550
2019-12-09,40.72966729392978,-73.98067966103554,295551
2019-12-09,40.73912601,-73.97973776,295551
2019-12-09,40.72019576,-73.98997825,295552
2019-12-09,40.71605866,-73.99190759,295552
2019-12-09,40.72903917,-73.99404649,295553
2019-12-09,40.73587678,-73.98205027,295553
2019-12-09,40.68691865,-73.976682,295554
2019-12-09,40.6795766,-73.97854971,295554
2019-12-09,40.675146838709786,-73.97523209452629,295555
2019-12-09,40.694281141397326,-73.99230033159256,295555
2019-12-09,40.74173969,-73.99415556,295556
2019-12-09,40.72966729392978,-73.98067966103554,295556
2019-12-09,40.744219,-73.97121214,295557
2019-12-09,40.73381219196632,-73.98054420948029,295557
2019-12-09,40.75510267,-73.97498696,295558
2019-12-09,40.770513,-73.988038,295558
2019-12-09,40.75594159,-74.0021163,295559
2019-12-09,40.76030096,-73.99884222,295559
2019-12-09,40.7451677,-73.98683077,295560
2019-12-09,40.75660359,-73.9979009,295560
2019-12-09,40.72966729392978,-73.98067966103554,295561
2019-12-09,40.74901271,-73.98848395,295561
2019-12-09,40.75466591,-73.99138152,295562
2019-12-09,40.75066386,-74.00176802,295562
2019-12-09,40.69241829257847,-73.98949474096298,295563
2019-12-09,40.68962188790333,-73.98304268717766,295563
2019-12-09,40.73532427,-73.99800419,295564
2019-12-09,40.73269,-73.98974,295564
2019-12-09,40.71534825,-73.96024116,295565
2019-12-09,40.72036775298455,-73.96165072917938,295565
2019-12-09,40.689888,-73.981013,295566
2019-12-09,40.69766564,-73.98476437,295566
2019-12-09,40.752269,-73.982079,295567
2019-12-09,40.7457121,-73.98194829,295567
2019-12-09,40.689888,-73.981013,295568
2019-12-09,40.69766564,-73.98476437,295568
2019-12-09,40.689888,-73.981013,295569
2019-12-09,40.69766564,-73.98476437,295569
2019-12-09,40.75929124,-73.98859651,295570
2019-12-09,40.77896784,-73.97374737,295570
2019-12-09,40.73971301,-73.99456405,295571
2019-12-09,40.73038599,-74.00214988,295571
2019-12-09,40.74322681432173,-73.97449783980846,295572
2019-12-09,40.72706363348306,-73.99662137031554,295572
2019-12-09,40.71494807,-74.00234482,295573
2019-12-09,40.73291553,-74.00711384,295573
2019-12-09,40.7575699,-73.99098507,295574
2019-12-09,40.72621788,-73.98379855,295574
2019-12-09,40.744219,-73.97121214,295575
2019-12-09,40.72966729392978,-73.98067966103554,295575
2019-12-09,40.8086249,-73.9596214,295576
2019-12-09,40.809725,-73.953149,295576
2019-12-09,40.76009437,-73.99461843,295577
2019-12-09,40.75898481399634,-73.99379968643188,295577
2019-12-09,40.77801203,-73.95407149,295578
2019-12-09,40.7724607,-73.9468208,295578
2019-12-09,40.74765947,-73.98490707,295579
2019-12-09,40.75660359,-73.9979009,295579
2019-12-09,40.74096374,-73.98602213,295580
2019-12-09,40.71850211,-73.98329859,295580
2019-12-09,40.722055,-73.989111,295581
2019-12-09,40.718822,-73.99596,295581
2019-12-09,40.746745,-74.007756,295582
2019-12-09,40.74177603,-74.00149746,295582
2019-12-09,40.7489006,-73.97604882,295583
2019-12-09,40.72740794,-73.98142006,295583
2019-12-09,40.734814,-73.992085,295584
2019-12-09,40.736502,-73.97809472,295584
2019-12-09,40.74394314,-73.97966069,295585
2019-12-09,40.73912601,-73.97973776,295585
2019-12-09,40.6746957,-73.99785768,295586
2019-12-09,40.6786115,-73.99037292,295586
2019-12-09,40.6765198,-73.9596082,295587
2019-12-09,40.686203,-73.944694,295587
2019-12-09,40.6902375,-73.99203074,295588
2019-12-09,40.69531727766904,-73.99015724658966,295588
2019-12-09,40.75038009,-73.98338988,295589
2019-12-09,40.74238787,-73.99726235,295589
2019-12-09,40.782454175279874,-73.9489196240902,295590
2019-12-09,40.7727966,-73.95577801,295590
2019-12-09,40.74177603,-74.00149746,295591
2019-12-09,40.73781509,-73.99994661,295591
2019-12-09,40.7770575,-73.97898475,295592
2019-12-09,40.77862688,-73.95772073,295592
2019-12-09,40.735238,-74.000271,295593
2019-12-09,40.72740794,-73.98142006,295593
2019-12-09,40.71469,-73.95739,295594
2019-12-09,40.71924,-73.95242,295594
2019-12-09,40.72494672359416,-74.00165855884552,295595
2019-12-09,40.707873,-74.00167,295595
2019-12-09,40.75992262,-73.97648516,295596
2019-12-09,40.749156,-73.9916,295596
2019-12-09,40.70706456,-74.00731853,295597
2019-12-09,40.72019521437465,-74.0103006362915,295597
2019-12-09,40.68539567,-73.97431458,295598
2019-12-09,40.69308257,-73.97178913,295598
2019-12-09,40.7390169121,-74.0026376103,295599
2019-12-09,40.749156,-73.9916,295599
2019-12-09,40.68676793,-73.95928168,295600
2019-12-09,40.6686744,-73.9618148,295600
2019-12-09,40.73532427,-73.99800419,295601
2019-12-09,40.72966729392978,-73.98067966103554,295601
2019-12-09,40.73912601,-73.97973776,295602
2019-12-09,40.7403432,-73.98955109,295602
2019-12-09,40.6765304,-73.97846879,295603
2019-12-09,40.6849668,-73.98620772,295603
2019-12-09,40.711863,-73.944024,295604
2019-12-09,40.71413311,-73.95234386,295604
2019-12-09,40.72743423,-73.99379025,295605
2019-12-09,40.72299208,-73.97995466,295605
2019-12-09,40.7849032,-73.950503,295606
2019-12-09,40.8125511,-73.9492286,295606
2019-12-09,40.72066442,-73.98517977,295607
2019-12-09,40.72229346,-73.99147535,295607
2019-12-09,40.72456089,-73.99565293,295608
2019-12-09,40.72779126,-73.98564945,295608
2019-12-09,40.71146364,-74.00552427,295609
2019-12-09,40.71427487,-73.98990025,295609
2019-12-09,40.72743423,-73.99379025,295610
2019-12-09,40.72740794,-73.98142006,295610
2019-12-09,40.75992262,-73.97648516,295611
2019-12-09,40.7462009,-73.98855723,295611
2019-12-09,40.802692,-73.96295,295612
2019-12-09,40.7937704,-73.971888,295612
2019-12-09,40.761293897289086,-73.916916847229,295613
2019-12-09,40.7747878,-73.9125551,295613
2019-12-09,40.68851534,-73.9647628,295614
2019-12-09,40.69196035,-73.96536851,295614
2019-12-09,40.69064807082943,-73.95746178925037,295615
2019-12-09,40.68539567,-73.97431458,295615
2019-12-09,40.716887,-73.963198,295616
2019-12-09,40.71745169,-73.95850939,295616
2019-12-09,40.71910537,-73.99973337,295617
2019-12-09,40.73038599,-74.00214988,295617
2019-12-09,40.78524672,-73.97667321,295618
2019-12-09,40.77966809007312,-73.98093044757842,295618
2019-12-09,40.7390169121,-74.0026376103,295619
2019-12-09,40.74334935,-74.00681753,295619
2019-12-09,40.778301,-73.9488134,295620
2019-12-09,40.78112229934166,-73.94965589046478,295620
2019-12-09,40.76095756,-73.96724467,295621
2019-12-09,40.75323098,-73.97032517,295621
2019-12-09,40.70583339,-73.94644578,295622
2019-12-09,40.69794,-73.96986848,295622
2019-12-09,40.8067581,-73.9607082,295623
2019-12-09,40.7687620293096,-73.95840793848038,295623
2019-12-09,40.711066,-74.009447,295624
2019-12-09,40.71307916,-73.99851193,295624
2019-12-09,40.72917025,-73.99810231,295625
2019-12-09,40.73532427,-73.99800419,295625
2019-12-09,40.77282817,-73.96685276,295626
2019-12-09,40.76915505,-73.98191841,295626
2019-12-09,40.68691865,-73.976682,295627
2019-12-09,40.69128258,-73.9452416,295627
2019-12-09,40.70717936,-74.00887308,295628
2019-12-09,40.72779126,-73.98564945,295628
2019-12-09,40.734814,-73.992085,295629
2019-12-09,40.734814,-73.992085,295629
2019-12-09,40.70365182,-74.01167797,295630
2019-12-09,40.71427487,-73.98990025,295630
2019-12-09,40.714211,-73.981095,295631
2019-12-09,40.71285887,-73.96590294,295631
2019-12-09,40.7546011026,-73.971878855,295632
2019-12-09,40.7575699,-73.99098507,295632
2019-12-09,40.72456089,-73.99565293,295633
2019-12-09,40.73172428,-74.00674436,295633
2019-12-09,40.73912601,-73.97973776,295634
2019-12-09,40.73221853,-73.98165557,295634
2019-12-09,40.72917025,-73.99810231,295635
2019-12-09,40.72453734,-73.98185424,295635
2019-12-09,40.7451677,-73.98683077,295636
2019-12-09,40.73020660529954,-73.99102628231049,295636
2019-12-09,40.8008363,-73.9664492472,295637
2019-12-09,40.7981856,-73.9605909006,295637
2019-12-09,40.7457121,-73.98194829,295638
2019-12-09,40.7612274,-73.96094022,295638
2019-12-09,40.7047177,-74.00926027,295639
2019-12-09,40.71219906,-73.97948148,295639
2019-12-09,40.746745,-74.007756,295640
2019-12-09,40.7505853470215,-73.9946848154068,295640
2019-12-09,40.77966809007312,-73.98093044757842,295641
2019-12-09,40.77515953434235,-73.98918695747852,295641
2019-12-09,40.71939226,-74.00247214,295642
2019-12-09,40.74734825,-73.99723551,295642
2019-12-09,40.763189,-73.978434,295643
2019-12-09,40.75510267,-73.97498696,295643
2019-12-09,40.735367055605394,-73.98797392845154,295644
2019-12-09,40.73221853,-73.98165557,295644
2019-12-09,40.76370739,-73.9851615,295645
2019-12-09,40.7652654,-73.98192338,295645
2019-12-09,40.74395411,-73.99144871,295646
2019-12-09,40.73935542,-73.99931783,295646
2019-12-09,40.76360467795863,-73.98917958140373,295647
2019-12-09,40.76269882,-73.99301222,295647
2019-12-09,40.7489006,-73.97604882,295648
2019-12-09,40.75513557,-73.98658032,295648
2019-12-09,40.73381219196632,-73.98054420948029,295649
2019-12-09,40.74144387,-73.97536082,295649
2019-12-09,40.6729679,-73.97087984,295650
2019-12-09,40.6765198,-73.9596082,295650
2019-12-09,40.695065,-73.987167,295651
2019-12-09,40.69839895,-73.98068914,295651
2019-12-09,40.74173969,-73.99415556,295652
2019-12-09,40.735238,-74.000271,295652
2019-12-09,40.74487634,-73.99529885,295653
2019-12-09,40.72453734,-73.98185424,295653
2019-12-09,40.72706363348306,-73.99662137031554,295654
2019-12-09,40.73454567,-73.99074142,295654
2019-12-09,40.72966729392978,-73.98067966103554,295655
2019-12-09,40.7262807,-73.98978041,295655
2019-12-09,40.71559509,-73.9870295,295656
2019-12-09,40.722055,-73.989111,295656
2019-12-09,40.7689738,-73.95482273,295657
2019-12-09,40.782454175279874,-73.9489196240902,295657
2019-12-09,40.7403432,-73.98955109,295658
2019-12-09,40.72456089,-73.99565293,295658
2019-12-09,40.71893904,-73.99266288,295659
2019-12-09,40.71534825,-73.96024116,295659
2019-12-09,40.75066386,-74.00176802,295660
2019-12-09,40.74317449,-74.00366443,295660
2019-12-09,40.74238787,-73.99726235,295661
2019-12-09,40.746745,-74.007756,295661
2019-12-09,40.71622644,-73.98261206,295662
2019-12-09,40.72953837,-73.98426726,295662
2019-12-09,40.75797322,-73.96603308,295663
2019-12-09,40.76228826,-73.98336183,295663
2019-12-09,40.74173969,-73.99415556,295664
2019-12-09,40.75255434,-73.97282625,295664
2019-12-09,40.72019576,-73.98997825,295665
2019-12-09,40.73223272,-73.98889957,295665
2019-12-09,40.7839636,-73.9471673,295666
2019-12-09,40.7892105,-73.94370784,295666
2019-12-09,40.74964,-73.98805,295667
2019-12-09,40.74311555376486,-73.98215353488922,295667
2019-12-09,40.7949879,-73.9333349,295668
2019-12-09,40.7923272,-73.9383,295668
2019-12-09,40.74286877312112,-73.98918628692627,295669
2019-12-09,40.751396,-74.005226,295669
2019-12-09,40.7862586,-73.94552579,295670
2019-12-09,40.77163851,-73.98261428,295670
2019-12-09,40.7892105,-73.94370784,295671
2019-12-09,40.7839636,-73.9471673,295671
2019-12-09,40.74177603,-74.00149746,295672
2019-12-09,40.76227205,-73.98788205,295672
2019-12-09,40.73535398,-74.00483091,295673
2019-12-09,40.7505853470215,-73.9946848154068,295673
2019-12-09,40.74734825,-73.99723551,295674
2019-12-09,40.74475148,-73.99915362,295674
2019-12-09,40.715143,-73.944507,295675
2019-12-09,40.72325,-73.94308,295675
2019-12-09,40.70838,-74.00495,295676
2019-12-09,40.70140317257725,-73.98672670125961,295676
2019-12-09,40.7505853470215,-73.9946848154068,295677
2019-12-09,40.7454973,-74.00197139,295677
2019-12-09,40.71893904,-73.99266288,295678
2019-12-09,40.72082834,-73.97793172,295678
2019-12-09,40.74177603,-74.00149746,295679
2019-12-09,40.73143724085228,-73.99490341544151,295679
2019-12-09,40.802692,-73.96295,295680
2019-12-09,40.7785669,-73.97754961,295680
2019-12-09,40.71146364,-74.00552427,295681
2019-12-09,40.72019576,-73.98997825,295681
2019-12-09,40.70255088,-73.98940236,295682
2019-12-09,40.6902375,-73.99203074,295682
2019-12-09,40.71910537,-73.99973337,295683
2019-12-09,40.72299208,-73.97995466,295683
2019-12-09,40.75022392,-73.97121414,295684
2019-12-09,40.736502,-73.97809472,295684
2019-12-09,40.73454567,-73.99074142,295685
2019-12-09,40.73532427,-73.99800419,295685
2019-12-09,40.7462009,-73.98855723,295686
2019-12-09,40.74322681432173,-73.97449783980846,295686
2019-12-09,40.7172274,-73.98802084,295687
2019-12-09,40.71173107,-73.99193043,295687
2019-12-09,40.697787,-73.973736,295688
2019-12-09,40.71406667,-73.99293911,295688
2019-12-09,40.7172274,-73.98802084,295689
2019-12-09,40.71173107,-73.99193043,295689
2019-12-09,40.7462009,-73.98855723,295690
2019-12-09,40.75466591,-73.99138152,295690
2019-12-09,40.73912601,-73.97973776,295691
2019-12-09,40.75640548,-73.9900262,295691
2019-12-09,40.6751622,-73.9814832,295692
2019-12-09,40.6662078,-73.98199886,295692
2019-12-09,40.73047747,-73.99906065,295693
2019-12-09,40.71485150526252,-74.01122331619263,295693
2019-12-09,40.73944820130404,-74.00507032871246,295694
2019-12-09,40.73223272,-73.98889957,295694
2019-12-09,40.746647,-73.993915,295695
2019-12-09,40.75640548,-73.9900262,295695
2019-12-09,40.76341379,-73.99667444,295696
2019-12-09,40.751551,-73.993934,295696
2019-12-09,40.78307,-73.95939,295697
2019-12-09,40.78499979,-73.97283406,295697
2019-12-09,40.749156,-73.9916,295698
2019-12-09,40.75466591,-73.99138152,295698
2019-12-09,40.72299208,-73.97995466,295699
2019-12-09,40.736502,-73.97809472,295699
2019-12-09,40.74232744,-73.95411749,295700
2019-12-09,40.73555,-73.95284,295700
2019-12-09,40.71427487,-73.98990025,295701
2019-12-09,40.71910537,-73.99973337,295701
2019-12-09,40.71929301,-73.94500379,295702
2019-12-09,40.71413311,-73.95234386,295702
2019-12-09,40.749156,-73.9916,295703
2019-12-09,40.72966729392978,-73.98067966103554,295703
2019-12-09,40.70365182,-74.01167797,295704
2019-12-09,40.711512,-74.015756,295704
2019-12-09,40.718822,-73.99596,295705
2019-12-09,40.72317958,-73.99480012,295705
2019-12-09,40.75323098,-73.97032517,295706
2019-12-09,40.72307749068673,-73.98583620786667,295706
2019-12-09,40.736502,-73.97809472,295707
2019-12-09,40.74096374,-73.98602213,295707
2019-12-09,40.71893904,-73.99266288,295708
2019-12-09,40.71739973,-73.98016555,295708
2019-12-09,40.707873,-74.00167,295709
2019-12-09,40.71605866,-73.99190759,295709
2019-12-09,40.689888,-73.981013,295710
2019-12-09,40.693261,-73.968896,295710
2019-12-09,40.74734825,-73.99723551,295711
2019-12-09,40.70569254,-74.01677685,295711
2019-12-09,40.71754834,-74.01322069,295712
2019-12-09,40.72706363348306,-73.99662137031554,295712
2019-12-09,40.69512845,-73.99595065,295713
2019-12-09,40.68763155,-74.0016256,295713
2019-12-09,40.749156,-73.9916,295714
2019-12-09,40.7457121,-73.98194829,295714
2019-12-09,40.8120562,-73.9612547,295715
2019-12-09,40.80698,-73.941747,295715
2019-12-09,40.715143,-73.944507,295716
2019-12-09,40.72577,-73.94173,295716
2019-12-09,40.75510267,-73.97498696,295717
2019-12-09,40.77140426,-73.9535166,295717
2019-12-09,40.7747878,-73.9125551,295718
2019-12-09,40.756913,-73.921631,295718
2019-12-09,40.75500254,-73.98014437,295719
2019-12-09,40.7457121,-73.98194829,295719
2019-12-09,40.77112927,-73.95772297,295720
2019-12-09,40.7687620293096,-73.95840793848038,295720
2019-12-09,40.69236178,-73.98631746,295721
2019-12-09,40.69308257,-73.97178913,295721
2019-12-09,40.70684203101325,-73.9544353965357,295722
2019-12-09,40.69527008,-73.95238108,295722
2019-12-09,40.72917025,-73.99810231,295723
2019-12-09,40.73454567,-73.99074142,295723
2019-12-09,40.71291224,-74.01020234,295724
2019-12-09,40.71406667,-73.99293911,295724
2019-12-09,40.749156,-73.9916,295725
2019-12-09,40.751581,-73.97791,295725
2019-12-09,40.72217444,-73.98368779,295726
2019-12-09,40.72521311,-73.97768752,295726
2019-12-09,40.73935542,-73.99931783,295727
2019-12-09,40.734232,-73.986923,295727
2019-12-09,40.72248188638219,-73.95921930670738,295728
2019-12-09,40.71605866,-73.99190759,295728
2019-12-09,40.77632142182271,-73.96427392959595,295729
2019-12-09,40.8045555,-73.9396861,295729
2019-12-09,40.71745169,-73.95850939,295730
2019-12-09,40.707644944175705,-73.96841526031494,295730
2019-12-09,40.72456089,-73.99565293,295731
2019-12-09,40.72453734,-73.98185424,295731
2019-12-09,40.71307916,-73.99851193,295732
2019-12-09,40.71754834,-74.01322069,295732
2019-12-09,40.70530954,-74.00612572,295733
2019-12-09,40.75797322,-73.96603308,295733
2019-12-09,40.734232,-73.986923,295734
2019-12-09,40.73587678,-73.98205027,295734
2019-12-09,40.69991755,-73.98971773,295735
2019-12-09,40.69241829257847,-73.98949474096298,295735
2019-12-09,40.751581,-73.97791,295736
2019-12-09,40.74144387,-73.97536082,295736
2019-12-09,40.69196566,-73.9813018,295737
2019-12-09,40.69196035,-73.96536851,295737
2019-12-09,40.72185379,-74.00771779,295738
2019-12-09,40.71929301,-73.94500379,295738
2019-12-09,40.71754834,-74.01322069,295739
2019-12-09,40.8013434,-73.9711457439,295739
2019-12-09,40.75992262,-73.97648516,295740
2019-12-09,40.76087502,-74.00277668,295740
2019-12-09,40.7047177,-74.00926027,295741
2019-12-09,40.71559509,-73.9870295,295741
2019-12-09,40.7568001,-73.98291153,295742
2019-12-09,40.76370739,-73.9851615,295742
2019-12-09,40.738046142482766,-73.99642959237099,295743
2019-12-09,40.746647,-73.993915,295743
2019-12-09,40.7158155,-73.99422366,295744
2019-12-09,40.7208736,-73.98085795,295744
2019-12-09,40.75594159,-74.0021163,295745
2019-12-09,40.77149671054441,-73.99046033620834,295745
2019-12-09,40.738046142482766,-73.99642959237099,295746
2019-12-09,40.75594159,-74.0021163,295746
2019-12-09,40.72243797,-74.00566443,295747
2019-12-09,40.68676793,-73.95928168,295747
2019-12-09,40.77966809007312,-73.98093044757842,295748
2019-12-09,40.76341379,-73.99667444,295748
2019-12-09,40.746745,-74.007756,295749
2019-12-09,40.73535398,-74.00483091,295749
2019-12-09,40.746745,-74.007756,295750
2019-12-09,40.754691750226016,-73.99740189313889,295750
2019-12-09,40.70924826276157,-73.96063148975372,295751
2019-12-09,40.71534825,-73.96024116,295751
2019-12-09,40.7729,-73.916142,295752
2019-12-09,40.774591,-73.918544,295752
2019-12-09,40.77163851,-73.98261428,295753
2019-12-09,40.7770575,-73.97898475,295753
2019-12-09,40.73172428,-74.00674436,295754
2019-12-09,40.73532427,-73.99800419,295754
2019-12-09,40.74286877312112,-73.98918628692627,295755
2019-12-09,40.72066442,-73.98517977,295755
2019-12-09,40.69296,-73.91605,295756
2019-12-09,40.710681,-73.93372,295756
2019-12-09,40.72217444,-73.98368779,295757
2019-12-09,40.74173969,-73.99415556,295757
2019-12-09,40.751551,-73.993934,295758
2019-12-09,40.74765947,-73.98490707,295758
2019-12-09,40.74444921,-73.98303529,295759
2019-12-09,40.730563,-73.973984,295759
2019-12-09,40.74144387,-73.97536082,295760
2019-12-09,40.751581,-73.97791,295760
2019-12-09,40.75724567911726,-73.97805914282799,295761
2019-12-09,40.78839,-73.9747,295761
2019-12-09,40.72317958,-73.99480012,295762
2019-12-09,40.74173969,-73.99415556,295762
2019-12-09,40.735445,-73.99431,295763
2019-12-09,40.72779126,-73.98564945,295763
2019-12-09,40.72494672359416,-74.00165855884552,295764
2019-12-09,40.72502876,-73.99069656,295764
2019-12-09,40.76800889305947,-73.96845281124115,295765
2019-12-09,40.76019252,-73.9912551,295765
2019-12-09,40.752269,-73.982079,295766
2019-12-09,40.74394314,-73.97966069,295766
2019-12-09,40.71605866,-73.99190759,295767
2019-12-09,40.72362738,-73.99949601,295767
2019-12-09,40.7867947,-73.977112,295768
2019-12-09,40.7770575,-73.97898475,295768
2019-12-09,40.697787,-73.973736,295769
2019-12-09,40.7003,-73.991581,295769
2019-12-09,40.754691750226016,-73.99740189313889,295770
2019-12-09,40.768254,-73.988639,295770
2019-12-09,40.73944820130404,-74.00507032871246,295771
2019-12-09,40.722055,-73.989111,295771
2019-12-09,40.7961535,-73.94782145,295772
2019-12-09,40.8086249,-73.9596214,295772
2019-12-09,40.73971301,-73.99456405,295773
2019-12-09,40.73454567,-73.99074142,295773
2019-12-09,40.728846,-74.008591,295774
2019-12-09,40.73020660529954,-73.99102628231049,295774
2019-12-09,40.70365182,-74.01167797,295775
2019-12-09,40.71559509,-73.9870295,295775
2019-12-09,40.75513557,-73.98658032,295776
2019-12-09,40.76228826,-73.98336183,295776
2019-12-09,40.7284186,-73.98713956,295777
2019-12-09,40.72779126,-73.98564945,295777
2019-12-09,40.710451,-73.960876,295778
2019-12-09,40.70907,-73.92157,295778
2019-12-09,40.73971301,-73.99456405,295779
2019-12-09,40.7454973,-74.00197139,295779
2019-12-09,40.75019995,-73.99093085,295780
2019-12-09,40.7381765,-73.97738662,295780
2019-12-09,40.72405549,-74.00965965,295781
2019-12-09,40.7403432,-73.98955109,295781
2019-12-09,40.8082,-73.9641,295782
2019-12-09,40.746745,-74.007756,295782
2019-12-09,40.70510918,-73.94407279,295783
2019-12-09,40.71260486,-73.96264403,295783
2019-12-09,40.76030096,-73.99884222,295784
2019-12-09,40.751551,-73.993934,295784
2019-12-09,40.6787242,-73.99599099,295785
2019-12-09,40.6786115,-73.99037292,295785
2019-12-09,40.746745,-74.007756,295786
2019-12-09,40.74177603,-74.00149746,295786
2019-12-09,40.754691750226016,-73.99740189313889,295787
2019-12-09,40.76009437,-73.99461843,295787
2019-12-09,40.71939226,-74.00247214,295788
2019-12-09,40.70706456,-74.00731853,295788
2019-12-09,40.74334935,-74.00681753,295789
2019-12-09,40.7454973,-74.00197139,295789
2019-12-09,40.72743423,-73.99379025,295790
2019-12-09,40.72606,-73.95621,295790
2019-12-09,40.76727216,-73.99392888,295791
2019-12-09,40.76370739,-73.9851615,295791
2019-12-09,40.76727216,-73.99392888,295792
2019-12-09,40.76030096,-73.99884222,295792
2019-12-09,40.71273266,-74.0046073,295793
2019-12-09,40.71427487,-73.98990025,295793
2019-12-09,40.71605866,-73.99190759,295794
2019-12-09,40.713126,-73.984844,295794
2019-12-09,40.73172428,-74.00674436,295795
2019-12-09,40.73038599,-74.00214988,295795
2019-12-09,40.715143,-73.944507,295796
2019-12-09,40.71929301,-73.94500379,295796
2019-12-09,40.77966809007312,-73.98093044757842,295797
2019-12-09,40.78414472,-73.98362492,295797
2019-12-09,40.711512,-74.015756,295798
2019-12-09,40.70834698,-74.01713445,295798
2019-12-09,40.74177603,-74.00149746,295799
2019-12-09,40.71850211,-73.98329859,295799
2019-12-09,40.71273266,-74.0046073,295800
2019-12-09,40.71602118,-73.99974372,295800
2019-12-09,40.69239502,-73.99337909,295801
2019-12-09,40.69089272,-73.99612349,295801
2019-12-09,40.72228087,-73.97668709,295802
2019-12-09,40.74286877312112,-73.98918628692627,295802
2019-12-09,40.71413089,-73.9970468,295803
2019-12-09,40.68841,-73.979458,295803
2019-12-09,40.77966809007312,-73.98093044757842,295804
2019-12-09,40.7882213,-73.97041561,295804
2019-12-09,40.74173969,-73.99415556,295805
2019-12-09,40.74286877312112,-73.98918628692627,295805
2019-12-09,40.72606,-73.95621,295806
2019-12-09,40.71745169,-73.95850939,295806
2019-12-09,40.75724567911726,-73.97805914282799,295807
2019-12-09,40.72917025,-73.99810231,295807
2019-12-09,40.741459,-73.983293,295808
2019-12-09,40.749156,-73.9916,295808
2019-12-09,40.72502876,-73.99069656,295809
2019-12-09,40.72953837,-73.98426726,295809
2019-12-09,40.72019521437465,-74.0103006362915,295810
2019-12-09,40.71939226,-74.00247214,295810
2019-12-09,40.76227205,-73.98788205,295811
2019-12-09,40.75660359,-73.9979009,295811
2019-12-09,40.693261,-73.968896,295812
2019-12-09,40.69236178,-73.98631746,295812
2019-12-09,40.73935542,-73.99931783,295813
2019-12-09,40.72746420692392,-73.97950418293476,295813
2019-12-09,40.7652654,-73.98192338,295814
2019-12-09,40.7785669,-73.97754961,295814
2019-12-09,40.71745169,-73.95850939,295815
2019-12-09,40.71260486,-73.96264403,295815
2019-12-09,40.6630619,-73.9538746,295816
2019-12-09,40.6630619,-73.9538746,295816
2019-12-09,40.78112229934166,-73.94965589046478,295817
2019-12-09,40.77477944895728,-73.95427465438843,295817
2019-12-09,40.73587678,-73.98205027,295818
2019-12-09,40.749156,-73.9916,295818
2019-12-09,40.68506807308177,-73.97790759801863,295819
2019-12-09,40.68415748,-73.96922273,295819
2019-12-09,40.75724567911726,-73.97805914282799,295820
2019-12-09,40.7612274,-73.96094022,295820
2019-12-09,40.75724567911726,-73.97805914282799,295821
2019-12-09,40.76500525,-73.95818491,295821
2019-12-09,40.77492513,-73.98266566,295822
2019-12-09,40.73047747,-73.99906065,295822
2019-12-09,40.75299641,-73.98721619,295823
2019-12-09,40.76030096,-73.99884222,295823
2019-12-09,40.71427487,-73.98990025,295824
2019-12-09,40.714211,-73.981095,295824
2019-12-09,40.76915505,-73.98191841,295825
2019-12-09,40.7785669,-73.97754961,295825
2019-12-09,40.739323,-74.008119,295826
2019-12-09,40.72917025,-73.99810231,295826
2019-12-09,40.73269,-73.98974,295827
2019-12-09,40.72966729392978,-73.98067966103554,295827
2019-12-09,40.71625008,-74.0091059,295828
2019-12-09,40.70862144,-74.00722156,295828
2019-12-09,40.74780373,-73.9734419,295829
2019-12-09,40.75640548,-73.9900262,295829
2019-12-09,40.7652654,-73.98192338,295830
2019-12-09,40.75510267,-73.97498696,295830
2019-12-09,40.73038599,-74.00214988,295831
2019-12-09,40.735367055605394,-73.98797392845154,295831
2019-12-09,40.751581,-73.97791,295832
2019-12-09,40.74290902,-73.97706058,295832
2019-12-09,40.7835016,-73.955327,295833
2019-12-09,40.77140426,-73.9535166,295833
2019-12-09,40.73026,-73.95394,295834
2019-12-09,40.724812564400175,-73.94752621650696,295834
2019-12-09,40.72710258,-74.00297088,295835
2019-12-09,40.73291553,-74.00711384,295835
2019-12-09,40.7489006,-73.97604882,295836
2019-12-09,40.74290902,-73.97706058,295836
2019-12-09,40.6662078,-73.98199886,295837
2019-12-09,40.675146838709786,-73.97523209452629,295837
2019-12-09,40.69128258,-73.9452416,295838
2019-12-09,40.68402,-73.94977,295838
2019-12-09,40.7403432,-73.98955109,295839
2019-12-09,40.7361967,-74.00859207,295839
2019-12-09,40.71915571696044,-73.94885390996933,295840
2019-12-09,40.697481,-73.935877,295840
2019-12-09,40.71911552,-74.00666661,295841
2019-12-09,40.72966729392978,-73.98067966103554,295841
2019-12-09,40.804213,-73.96699104,295842
2019-12-09,40.7973721,-73.97041192,295842
2019-12-09,40.76370739,-73.9851615,295843
2019-12-09,40.76269882,-73.99301222,295843
2019-12-09,40.75640548,-73.9900262,295844
2019-12-09,40.75898481399634,-73.99379968643188,295844
2019-12-09,40.73532427,-73.99800419,295845
2019-12-09,40.75066386,-74.00176802,295845
2019-12-09,40.6787242,-73.99599099,295846
2019-12-09,40.695065,-73.987167,295846
2019-12-09,40.75513557,-73.98658032,295847
2019-12-09,40.7575699,-73.99098507,295847
2019-12-09,40.74144387,-73.97536082,295848
2019-12-09,40.751873,-73.977706,295848
2019-12-09,40.75019995,-73.99093085,295849
2019-12-09,40.7457121,-73.98194829,295849
2019-12-09,40.76019252,-73.9912551,295850
2019-12-09,40.76312584,-73.96526895,295850
2019-12-09,40.71907891179564,-73.94223690032959,295851
2019-12-09,40.715143,-73.944507,295851
2019-12-09,40.76712840349542,-73.96224617958069,295852
2019-12-09,40.75640548,-73.9900262,295852
2019-12-09,40.75172632,-73.98753523,295853
2019-12-09,40.75466591,-73.99138152,295853
2019-12-09,40.69985,-73.97141,295854
2019-12-09,40.71286844,-73.95698119,295854
2019-12-09,40.73020660529954,-73.99102628231049,295855
2019-12-09,40.72453734,-73.98185424,295855
2019-12-09,40.74901271,-73.98848395,295856
2019-12-09,40.7435337324616,-74.00367558002472,295856
2019-12-09,40.776165,-73.9153175,295857
2019-12-09,40.7774552,-73.9225403,295857
2019-12-09,40.746745,-74.007756,295858
2019-12-09,40.73381219196632,-73.98054420948029,295858
2019-12-09,40.72917025,-73.99810231,295859
2019-12-09,40.67759206937376,-73.955637216568,295859
2019-12-09,40.75299641,-73.98721619,295860
2019-12-09,40.74964,-73.98805,295860
2019-12-09,40.69308257,-73.97178913,295861
2019-12-09,40.69128258,-73.9452416,295861
2019-12-09,40.74177603,-74.00149746,295862
2019-12-09,40.741459,-73.983293,295862
2019-12-09,40.73143724085228,-73.99490341544151,295863
2019-12-09,40.72299208,-73.97995466,295863
2019-12-09,40.70076,-73.93641,295864
2019-12-09,40.70076,-73.93641,295864
2019-12-09,40.74096374,-73.98602213,295865
2019-12-09,40.749156,-73.9916,295865
2019-12-09,40.76009437,-73.99461843,295866
2019-12-09,40.75299641,-73.98721619,295866
2019-12-09,40.72456089,-73.99565293,295867
2019-12-09,40.72953837,-73.98426726,295867
2019-12-09,40.73532427,-73.99800419,295868
2019-12-09,40.73781509,-73.99994661,295868
2019-12-09,40.72243797,-74.00566443,295869
2019-12-09,40.71146364,-74.00552427,295869
2019-12-09,40.77492513,-73.98266566,295870
2019-12-09,40.7829391,-73.9786517,295870
2019-12-09,40.716887,-73.963198,295871
2019-12-09,40.7169811,-73.94485918,295871
2019-12-09,40.72710258,-74.00297088,295872
2019-12-09,40.7158155,-73.99422366,295872
2019-12-09,40.778301,-73.9488134,295873
2019-12-09,40.7806284,-73.9521667,295873
2019-12-09,40.75255434,-73.97282625,295874
2019-12-09,40.76019252,-73.9912551,295874
2019-12-09,40.74964,-73.98805,295875
2019-12-09,40.744219,-73.97121214,295875
2019-12-09,40.80949534777948,-73.94776493310928,295876
2019-12-09,40.799484,-73.955613,295876
2019-12-09,40.71167351,-73.95141312,295877
2019-12-09,40.711863,-73.944024,295877
2019-12-09,40.72951496224949,-73.99075269699097,295878
2019-12-09,40.73381219196632,-73.98054420948029,295878
2019-12-09,40.74173969,-73.99415556,295879
2019-12-09,40.73454567,-73.99074142,295879
2019-12-09,40.7667405590595,-73.9790689945221,295880
2019-12-09,40.7687620293096,-73.95840793848038,295880
2019-12-09,40.75640548,-73.9900262,295881
2019-12-09,40.76227205,-73.98788205,295881
2019-12-09,40.73223272,-73.98889957,295882
2019-12-09,40.7208736,-73.98085795,295882
2019-12-09,40.7904828,-73.95033068,295883
2019-12-09,40.7989445,-73.944846,295883
2019-12-09,40.7489006,-73.97604882,295884
2019-12-09,40.782593,-73.971211,295884
2019-12-09,40.73291553,-74.00711384,295885
2019-12-09,40.71427487,-73.98990025,295885
2019-12-09,40.71605866,-73.99190759,295886
2019-12-09,40.72502876,-73.99069656,295886
2019-12-09,40.711863,-73.944024,295887
2019-12-09,40.72179134,-73.9504154,295887
2019-12-09,40.74444921,-73.98303529,295888
2019-12-09,40.7381765,-73.97738662,295888
2019-12-09,40.76227205,-73.98788205,295889
2019-12-09,40.76227205,-73.98788205,295889
2019-12-09,40.74322681432173,-73.97449783980846,295890
2019-12-09,40.7489006,-73.97604882,295890
2019-12-09,40.797911,-73.9423,295891
2019-12-09,40.8014866,-73.9442507,295891
2019-12-09,40.7451677,-73.98683077,295892
2019-12-09,40.73381219196632,-73.98054420948029,295892
2019-12-09,40.75510267,-73.97498696,295893
2019-12-09,40.76068327096592,-73.9845272898674,295893
2019-12-09,40.8086249,-73.9596214,295894
2019-12-09,40.8107922,-73.9430681,295894
2019-12-09,40.74487634,-73.99529885,295895
2019-12-09,40.75066386,-74.00176802,295895
2019-12-09,40.73020660529954,-73.99102628231049,295896
2019-12-09,40.73269,-73.98974,295896
2019-12-09,40.73971301,-73.99456405,295897
2019-12-09,40.746647,-73.993915,295897
2019-12-09,40.72456089,-73.99565293,295898
2019-12-09,40.73624527,-73.98473765,295898
2019-12-09,40.74177603,-74.00149746,295899
2019-12-09,40.7158155,-73.99422366,295899
2019-12-09,40.74173969,-73.99415556,295900
2019-12-09,40.73454567,-73.99074142,295900
2019-12-09,40.751551,-73.993934,295901
2019-12-09,40.75660359,-73.9979009,295901
2019-12-09,40.75828065,-73.97069431,295902
2019-12-09,40.73704984,-73.99009296,295902
2019-12-09,40.71939226,-74.00247214,295903
2019-12-09,40.72746420692392,-73.97950418293476,295903
2019-12-09,40.6867443,-73.99063168,295904
2019-12-09,40.6758324,-73.9561677,295904
2019-12-09,40.72746420692392,-73.97950418293476,295905
2019-12-09,40.73223272,-73.98889957,295905
2019-12-09,40.75934501,-73.96759673,295906
2019-12-09,40.75640548,-73.9900262,295906
2019-12-09,40.808442,-73.9452087,295907
2019-12-09,40.795,-73.9645,295907
2019-12-09,40.73944820130404,-74.00507032871246,295908
2019-12-09,40.73269,-73.98974,295908
2019-12-09,40.71334184275907,-74.00935515761375,295909
2019-12-09,40.71117444,-73.99682619,295909
2019-12-09,40.72621788,-73.98379855,295910
2019-12-09,40.7208736,-73.98085795,295910
2019-12-09,40.756913,-73.921631,295911
2019-12-09,40.7747878,-73.9125551,295911
2019-12-09,40.73726186,-73.99238967,295912
2019-12-09,40.74173969,-73.99415556,295912
2019-12-09,40.74444921,-73.98303529,295913
2019-12-09,40.749156,-73.9916,295913
2019-12-09,40.74334935,-74.00681753,295914
2019-12-09,40.72779126,-73.98564945,295914
2019-12-09,40.76350532,-73.97109243,295915
2019-12-09,40.77163851,-73.98261428,295915
2019-12-09,40.720747,-73.986274,295916
2019-12-09,40.72453734,-73.98185424,295916
2019-12-09,40.75929124,-73.98859651,295917
2019-12-09,40.76227205,-73.98788205,295917
2019-12-09,40.76068327096592,-73.9845272898674,295918
2019-12-09,40.8114323,-73.9518776,295918
2019-12-09,40.76302594280519,-73.97209525108337,295919
2019-12-09,40.76712840349542,-73.96224617958069,295919
2019-12-09,40.6803560840434,-73.9476791024208,295920
2019-12-09,40.6765198,-73.9596082,295920
2019-12-09,40.7462009,-73.98855723,295921
2019-12-09,40.72110063,-73.9919254,295921
2019-12-09,40.74096374,-73.98602213,295922
2019-12-09,40.74394314,-73.97966069,295922
2019-12-09,40.78112229934166,-73.94965589046478,295923
2019-12-09,40.782454175279874,-73.9489196240902,295923
2019-12-09,40.76370739,-73.9851615,295924
2019-12-09,40.76269882,-73.99301222,295924
2019-12-09,40.71044554,-73.96525063,295925
2019-12-09,40.71745169,-73.95850939,295925
2019-12-09,40.6662078,-73.98199886,295926
2019-12-09,40.6740886,-73.9787282,295926
2019-12-09,40.701907,-74.013942,295927
2019-12-09,40.71602118,-73.99974372,295927
2019-12-09,40.73912601,-73.97973776,295928
2019-12-09,40.7505853470215,-73.9946848154068,295928
2019-12-09,40.744219,-73.97121214,295929
2019-12-09,40.75110165,-73.94073717,295929
2019-12-09,40.680944723477296,-73.97567331790923,295930
2019-12-09,40.688417427540834,-73.98451656103134,295930
2019-12-09,40.6828003,-73.99990419,295931
2019-12-09,40.6828003,-73.99990419,295931
2019-12-09,40.73143724085228,-73.99490341544151,295932
2019-12-09,40.74937024193277,-73.99923384189606,295932
2019-12-09,40.71939226,-74.00247214,295933
2019-12-09,40.711066,-74.009447,295933
2019-12-09,40.746745,-74.007756,295934
2019-12-09,40.74475148,-73.99915362,295934
2019-12-09,40.76302594280519,-73.97209525108337,295935
2019-12-09,40.75513557,-73.98658032,295935
2019-12-09,40.70706456,-74.00731853,295936
2019-12-09,40.72229346,-73.99147535,295936
2019-12-09,40.77492513,-73.98266566,295937
2019-12-09,40.766368,-73.971518,295937
2019-12-09,40.73971301,-73.99456405,295938
2019-12-09,40.74487634,-73.99529885,295938
2019-12-09,40.7462009,-73.98855723,295939
2019-12-09,40.75066386,-74.00176802,295939
2019-12-09,40.71910537,-73.99973337,295940
2019-12-09,40.72953837,-73.98426726,295940
2019-12-09,40.74394314,-73.97966069,295941
2019-12-09,40.73587678,-73.98205027,295941
2019-12-09,40.72456089,-73.99565293,295942
2019-12-09,40.749156,-73.9916,295942
2019-12-09,40.680342423,-73.9557689392,295943
2019-12-09,40.6765198,-73.9596082,295943
2019-12-09,40.68382604,-73.97632328,295944
2019-12-09,40.68539567,-73.97431458,295944
2019-12-09,40.70411791,-73.94818595,295945
2019-12-09,40.69527008,-73.95238108,295945
2019-12-09,40.77748046,-73.98288594,295946
2019-12-09,40.768254,-73.988639,295946
2019-12-09,40.7770575,-73.97898475,295947
2019-12-09,40.7921,-73.9739,295947
2019-12-09,40.735445,-73.99431,295948
2019-12-09,40.72746420692392,-73.97950418293476,295948
2019-12-09,40.76727216,-73.99392888,295949
2019-12-09,40.76344058,-73.98268129,295949
2019-12-09,40.71745169,-73.95850939,295950
2019-12-09,40.72079821,-73.95484712,295950
2019-12-09,40.68506807308177,-73.97790759801863,295951
2019-12-09,40.69573398,-73.97129668,295951
2019-12-09,40.804038,-73.945925,295952
2019-12-09,40.809725,-73.953149,295952
2019-12-09,40.735445,-73.99431,295953
2019-12-09,40.72953837,-73.98426726,295953
2019-12-09,40.804213,-73.96699104,295954
2019-12-09,40.77140426,-73.9535166,295954
2019-12-09,40.75992262,-73.97648516,295955
2019-12-09,40.751396,-74.005226,295955
2019-12-09,40.73652889,-74.00618026,295956
2019-12-09,40.73172428,-74.00674436,295956
2019-12-09,40.7806284,-73.9521667,295957
2019-12-09,40.77118287540658,-73.96409422159195,295957
2019-12-09,40.73726186,-73.99238967,295958
2019-12-09,40.74311555376486,-73.98215353488922,295958
2019-12-09,40.71307916,-73.99851193,295959
2019-12-09,40.72185379,-74.00771779,295959
2019-12-09,40.7457121,-73.98194829,295960
2019-12-09,40.73532427,-73.99800419,295960
2019-12-09,40.6610633719006,-73.97945255041122,295961
2019-12-09,40.6711978,-73.97484126,295961
2019-12-09,40.74173969,-73.99415556,295962
2019-12-09,40.768254,-73.988639,295962
2019-12-09,40.8067581,-73.9607082,295963
2019-12-09,40.7973721,-73.97041192,295963
2019-12-09,40.70140317257725,-73.98672670125961,295964
2019-12-09,40.69795031569544,-73.97077560424805,295964
2019-12-09,40.809725,-73.953149,295965
2019-12-09,40.804038,-73.945925,295965
2019-12-09,40.72903917,-73.99404649,295966
2019-12-09,40.72229346,-73.99147535,295966
2019-12-09,40.71915571696044,-73.94885390996933,295967
2019-12-09,40.71907891179564,-73.94223690032959,295967
2019-12-09,40.713126,-73.984844,295968
2019-12-09,40.73704984,-73.99009296,295968
2019-12-09,40.73704984,-73.99009296,295969
2019-12-09,40.722103786686034,-73.99724900722504,295969
2019-12-09,40.7922553,-73.95249933,295970
2019-12-09,40.8011939,-73.9500739,295970
2019-12-09,40.72951496224949,-73.99075269699097,295971
2019-12-09,40.72362738,-73.99949601,295971
2019-12-09,40.68506807308177,-73.97790759801863,295972
2019-12-09,40.68940747,-73.96885458,295972
2019-12-09,40.74444921,-73.98303529,295973
2019-12-09,40.72217444,-73.98368779,295973
2019-12-09,40.74734825,-73.99723551,295974
2019-12-09,40.75066386,-74.00176802,295974
2019-12-09,40.73223272,-73.98889957,295975
2019-12-09,40.73047309,-73.98672378,295975
2019-12-09,40.72917025,-73.99810231,295976
2019-12-09,40.74238787,-73.99726235,295976
2019-12-09,40.730563,-73.973984,295977
2019-12-09,40.73587678,-73.98205027,295977
2019-12-09,40.68216564,-73.95399026,295978
2019-12-09,40.68186,-73.959432,295978
2019-12-09,40.751873,-73.977706,295979
2019-12-09,40.75660359,-73.9979009,295979
2019-12-09,40.76500525,-73.95818491,295980
2019-12-09,40.74322681432173,-73.97449783980846,295980
2019-12-09,40.805159,-73.954692,295981
2019-12-09,40.7839636,-73.9471673,295981
2019-12-09,40.73143724085228,-73.99490341544151,295982
2019-12-09,40.73726186,-73.99238967,295982
2019-12-09,40.7829391,-73.9786517,295983
2019-12-09,40.7882213,-73.97041561,295983
2019-12-09,40.74173969,-73.99415556,295984
2019-12-09,40.730563,-73.973984,295984
2019-12-09,40.73020660529954,-73.99102628231049,295985
2019-12-09,40.73381219196632,-73.98054420948029,295985
2019-12-09,40.69089272,-73.99612349,295986
2019-12-09,40.680611,-73.99475825,295986
2019-12-09,40.724812564400175,-73.94752621650696,295987
2019-12-09,40.72577,-73.94173,295987
2019-12-09,40.735445,-73.99431,295988
2019-12-09,40.72710258,-74.00297088,295988
2019-12-09,40.73454567,-73.99074142,295989
2019-12-09,40.72082834,-73.97793172,295989
2019-12-09,40.71910537,-73.99973337,295990
2019-12-09,40.71559509,-73.9870295,295990
2019-12-09,40.72362738,-73.99949601,295991
2019-12-09,40.722055,-73.989111,295991
2019-12-09,40.74901271,-73.98848395,295992
2019-12-09,40.74765947,-73.98490707,295992
2019-12-09,40.73020660529954,-73.99102628231049,295993
2019-12-09,40.73454567,-73.99074142,295993
2019-12-09,40.74395411,-73.99144871,295994
2019-12-09,40.73704984,-73.99009296,295994
2019-12-09,40.73971301,-73.99456405,295995
2019-12-09,40.74487634,-73.99529885,295995
2019-12-09,40.746745,-74.007756,295996
2019-12-09,40.73971301,-73.99456405,295996
2019-12-09,40.75594159,-74.0021163,295997
2019-12-09,40.7361967,-74.00859207,295997
2019-12-09,40.734814,-73.992085,295998
2019-12-09,40.72779126,-73.98564945,295998
2019-12-09,40.77677702,-73.9590097,295999
2019-12-09,40.7770575,-73.97898475,295999
2019-12-09,40.7190095,-73.95852515,296000
2019-12-09,40.72311651,-73.95212324,296000
2019-12-09,40.70255065,-74.0127234,296001
2019-12-09,40.70355377,-74.00670227,296001
2019-12-09,40.71748752,-74.0104554,296002
2019-12-09,40.711512,-74.015756,296002
2019-12-09,40.7835016,-73.955327,296003
2019-12-09,40.77862688,-73.95772073,296003
2019-12-09,40.71870987,-74.0090009,296004
2019-12-09,40.71117444,-73.99682619,296004
2019-12-09,40.734232,-73.986923,296005
2019-12-09,40.73221853,-73.98165557,296005
2019-12-09,40.72951496224949,-73.99075269699097,296006
2019-12-09,40.71413089,-73.9970468,296006
2019-12-09,40.73971301,-73.99456405,296007
2019-12-09,40.7390169121,-74.0026376103,296007
2019-12-09,40.72917025,-73.99810231,296008
2019-12-09,40.72966729392978,-73.98067966103554,296008
2019-12-09,40.722055,-73.989111,296009
2019-12-09,40.71076228,-73.99400398,296009
2019-12-09,40.675146838709786,-73.97523209452629,296010
2019-12-09,40.666287,-73.98895053,296010
2019-12-09,40.8086249,-73.9596214,296011
2019-12-09,40.787801,-73.953559,296011
2019-12-09,40.72243797,-74.00566443,296012
2019-12-09,40.71559509,-73.9870295,296012
2019-12-09,40.76227205,-73.98788205,296013
2019-12-09,40.751551,-73.993934,296013
2019-12-09,40.71485150526252,-74.01122331619263,296014
2019-12-09,40.76228826,-73.98336183,296014
2019-12-09,40.754691750226016,-73.99740189313889,296015
2019-12-09,40.74901271,-73.98848395,296015
2019-12-09,40.70905623,-74.01043382,296016
2019-12-09,40.717571,-74.005549,296016
2019-12-09,40.70862144,-74.00722156,296017
2019-12-09,40.71219906,-73.97948148,296017
2019-12-09,40.75724567911726,-73.97805914282799,296018
2019-12-09,40.74691959,-74.00451887,296018
2019-12-09,40.74765947,-73.98490707,296019
2019-12-09,40.75455731,-73.96592976,296019
2019-12-09,40.736502,-73.97809472,296020
2019-12-09,40.74487634,-73.99529885,296020
2019-12-09,40.6711978,-73.97484126,296021
2019-12-09,40.6831164,-73.99785267,296021
2019-12-09,40.77966809007312,-73.98093044757842,296022
2019-12-09,40.795346,-73.96186,296022
2019-12-09,40.73223272,-73.98889957,296023
2019-12-09,40.72966729392978,-73.98067966103554,296023
2019-12-09,40.69363137,-73.96223558,296024
2019-12-09,40.69681963,-73.93756926,296024
2019-12-09,40.7734066,-73.97782542,296025
2019-12-09,40.7973721,-73.97041192,296025
2019-12-09,40.74128309355993,-73.93725872039794,296026
2019-12-09,40.693261,-73.968896,296026
2019-12-09,40.73827428,-73.98751968,296027
2019-12-09,40.746745,-74.007756,296027
2019-12-09,40.734814,-73.992085,296028
2019-12-09,40.730563,-73.973984,296028
2019-12-09,40.71605866,-73.99190759,296029
2019-12-09,40.714211,-73.981095,296029
2019-12-09,40.73624527,-73.98473765,296030
2019-12-09,40.741459,-73.983293,296030
2019-12-09,40.720747,-73.986274,296031
2019-12-09,40.72779126,-73.98564945,296031
2019-12-09,40.77163851,-73.98261428,296032
2019-12-09,40.7575699,-73.99098507,296032
2019-12-09,40.74177603,-74.00149746,296033
2019-12-09,40.74317449,-74.00366443,296033
2019-12-09,40.75500254,-73.98014437,296034
2019-12-09,40.75455731,-73.96592976,296034
2019-12-09,40.751581,-73.97791,296035
2019-12-09,40.77112927,-73.95772297,296035
2019-12-09,40.69241829257847,-73.98949474096298,296036
2019-12-09,40.69165183,-73.9999786,296036
2019-12-09,40.6746957,-73.99785768,296037
2019-12-09,40.6753274,-74.0100698,296037
2019-12-09,40.718822,-73.99596,296038
2019-12-09,40.736502,-73.97809472,296038
2019-12-09,40.7575699,-73.99098507,296039
2019-12-09,40.76030096,-73.99884222,296039
2019-12-09,40.71816969454208,-73.95520135760307,296040
2019-12-09,40.72606,-73.95621,296040
2019-12-09,40.72317958,-73.99480012,296041
2019-12-09,40.72082834,-73.97793172,296041
2019-12-09,40.70905623,-74.01043382,296042
2019-12-09,40.71893904,-73.99266288,296042
2019-12-09,40.73143724085228,-73.99490341544151,296043
2019-12-09,40.734814,-73.992085,296043
2019-12-09,40.73564,-73.95866,296044
2019-12-09,40.7190095,-73.95852515,296044
2019-12-09,40.74290902,-73.97706058,296045
2019-12-09,40.73912601,-73.97973776,296045
2019-12-09,40.73291553,-74.00711384,296046
2019-12-09,40.74177603,-74.00149746,296046
2019-12-09,40.73020660529954,-73.99102628231049,296047
2019-12-09,40.72521311,-73.97768752,296047
2019-12-09,40.734232,-73.986923,296048
2019-12-09,40.74394314,-73.97966069,296048
2019-12-09,40.72494672359416,-74.00165855884552,296049
2019-12-09,40.722103786686034,-73.99724900722504,296049
2019-12-09,40.71485150526252,-74.01122331619263,296050
2019-12-09,40.71748752,-74.0104554,296050
2019-12-09,40.7687620293096,-73.95840793848038,296051
2019-12-09,40.77140426,-73.9535166,296051
2019-12-09,40.72746420692392,-73.97950418293476,296052
2019-12-09,40.722055,-73.989111,296052
2019-12-09,40.76915505,-73.98191841,296053
2019-12-09,40.77966809007312,-73.98093044757842,296053
2019-12-09,40.76227205,-73.98788205,296054
2019-12-09,40.77515953434235,-73.98918695747852,296054
2019-12-09,40.71485150526252,-74.01122331619263,296055
2019-12-09,40.73020660529954,-73.99102628231049,296055
2019-12-09,40.73291553,-74.00711384,296056
2019-12-09,40.74173969,-73.99415556,296056
2019-12-09,40.70838,-74.00495,296057
2019-12-09,40.72456089,-73.99565293,296057
2019-12-09,40.74238787,-73.99726235,296058
2019-12-09,40.73827428,-73.98751968,296058
2019-12-09,40.735238,-74.000271,296059
2019-12-09,40.72307749068673,-73.98583620786667,296059
2019-12-09,40.7149787,-74.013012,296060
2019-12-09,40.714211,-73.981095,296060
2019-12-09,40.72951496224949,-73.99075269699097,296061
2019-12-09,40.74173969,-73.99415556,296061
2019-12-09,40.735445,-73.99431,296062
2019-12-09,40.734232,-73.986923,296062
2019-12-09,40.728846,-74.008591,296063
2019-12-09,40.72228087,-73.97668709,296063
2019-12-09,40.74765947,-73.98490707,296064
2019-12-09,40.74345335,-74.00004031,296064
2019-12-09,40.68926942,-73.98912867,296065
2019-12-09,40.68926942,-73.98912867,296065
2019-12-09,40.73781509,-73.99994661,296066
2019-12-09,40.73704984,-73.99009296,296066
2019-12-09,40.73020660529954,-73.99102628231049,296067
2019-12-09,40.73269,-73.98974,296067
2019-12-09,40.72621788,-73.98379855,296068
2019-12-09,40.710451,-73.960876,296068
2019-12-09,40.7734066,-73.97782542,296069
2019-12-09,40.77140426,-73.9535166,296069
2019-12-09,40.75299641,-73.98721619,296070
2019-12-09,40.74691959,-74.00451887,296070
2019-12-09,40.773763,-73.96222088,296071
2019-12-09,40.76915505,-73.98191841,296071
2019-12-09,40.73020660529954,-73.99102628231049,296072
2019-12-09,40.72917025,-73.99810231,296072
2019-12-09,40.72229346,-73.99147535,296073
2019-12-09,40.72066442,-73.98517977,296073
2019-12-09,40.73291553,-74.00711384,296074
2019-12-09,40.74475148,-73.99915362,296074
2019-12-09,40.71754834,-74.01322069,296075
2019-12-09,40.73291553,-74.00711384,296075
2019-12-09,40.75510267,-73.97498696,296076
2019-12-09,40.759125,-73.962658,296076
2019-12-09,40.75992262,-73.97648516,296077
2019-12-09,40.76370739,-73.9851615,296077
2019-12-09,40.75500254,-73.98014437,296078
2019-12-09,40.74238787,-73.99726235,296078
2019-12-09,40.73454567,-73.99074142,296079
2019-12-09,40.73454567,-73.99074142,296079
2019-12-09,40.73269,-73.98974,296080
2019-12-09,40.730563,-73.973984,296080
2019-12-09,40.70140317257725,-73.98672670125961,296081
2019-12-09,40.71469,-73.95739,296081
2019-12-09,40.74232744,-73.95411749,296082
2019-12-09,40.72079821,-73.95484712,296082
2019-12-09,40.6791944,-73.9587903,296083
2019-12-09,40.68676793,-73.95928168,296083
2019-12-09,40.74487634,-73.99529885,296084
2019-12-09,40.75594159,-74.0021163,296084
2019-12-09,40.73020660529954,-73.99102628231049,296085
2019-12-09,40.72502876,-73.99069656,296085
2019-12-09,40.6883337,-73.950916,296086
2019-12-09,40.6851532,-73.94111,296086
2019-12-09,40.74317449,-74.00366443,296087
2019-12-09,40.73971301,-73.99456405,296087
2019-12-09,40.72917025,-73.99810231,296088
2019-12-09,40.75898481399634,-73.99379968643188,296088
2019-12-09,40.77632142182271,-73.96427392959595,296089
2019-12-09,40.7973721,-73.97041192,296089
2019-12-09,40.720747,-73.986274,296090
2019-12-09,40.7172274,-73.98802084,296090
2019-12-09,40.75001986,-73.96905301,296091
2019-12-09,40.744219,-73.97121214,296091
2019-12-09,40.75066386,-74.00176802,296092
2019-12-09,40.7454973,-74.00197139,296092
2019-12-09,40.680611,-73.99475825,296093
2019-12-09,40.68461653897949,-73.98721285164356,296093
2019-12-09,40.763189,-73.978434,296094
2019-12-09,40.74394314,-73.97966069,296094
2019-12-09,40.724812564400175,-73.94752621650696,296095
2019-12-09,40.72557,-73.94434,296095
2019-12-09,40.734814,-73.992085,296096
2019-12-09,40.74475148,-73.99915362,296096
2019-12-09,40.749717753,-74.002950346,296097
2019-12-09,40.751581,-73.97791,296097
2019-12-09,40.76500525,-73.95818491,296098
2019-12-09,40.74780373,-73.9734419,296098
2019-12-09,40.763189,-73.978434,296099
2019-12-09,40.7575699,-73.99098507,296099
2019-12-09,40.75594159,-74.0021163,296100
2019-12-09,40.77477944895728,-73.95427465438843,296100
2019-12-09,40.751873,-73.977706,296101
2019-12-09,40.74311555376486,-73.98215353488922,296101
2019-12-09,40.68312489,-73.97895137,296102
2019-12-09,40.6772744,-73.98282002,296102
2019-12-09,40.79017948095081,-73.97288918495178,296103
2019-12-09,40.7973721,-73.97041192,296103
2019-12-09,40.74173969,-73.99415556,296104
2019-12-09,40.75066386,-74.00176802,296104
2019-12-09,40.71754834,-74.01322069,296105
2019-12-09,40.69760127,-73.99344559,296105
2019-12-09,40.75186951421875,-73.93349289894103,296106
2019-12-09,40.7659,-73.930819,296106
2019-12-09,40.72502876,-73.99069656,296107
2019-12-09,40.72743423,-73.99379025,296107
2019-12-09,40.7284186,-73.98713956,296108
2019-12-09,40.73047747,-73.99906065,296108
2019-12-09,40.72779126,-73.98564945,296109
2019-12-09,40.72494672359416,-74.00165855884552,296109
2019-12-09,40.6791944,-73.9587903,296110
2019-12-09,40.68764484,-73.96968902,296110
2019-12-09,40.71739973,-73.98016555,296111
2019-12-09,40.72456089,-73.99565293,296111
2019-12-09,40.73143724085228,-73.99490341544151,296112
2019-12-09,40.74901271,-73.98848395,296112
2019-12-09,40.77163851,-73.98261428,296113
2019-12-09,40.746647,-73.993915,296113
2019-12-09,40.7284186,-73.98713956,296114
2019-12-09,40.72953837,-73.98426726,296114
2019-12-09,40.74487634,-73.99529885,296115
2019-12-09,40.7262807,-73.98978041,296115
2019-12-09,40.76344058,-73.98268129,296116
2019-12-09,40.7785669,-73.97754961,296116
2019-12-09,40.75206862,-73.96784384,296117
2019-12-09,40.75097711,-73.98765428,296117
2019-12-09,40.76727216,-73.99392888,296118
2019-12-09,40.75510267,-73.97498696,296118
2019-12-09,40.74173969,-73.99415556,296119
2019-12-09,40.71485150526252,-74.01122331619263,296119
2019-12-09,40.75929124,-73.98859651,296120
2019-12-09,40.741459,-73.983293,296120
2019-12-09,40.75038009,-73.98338988,296121
2019-12-09,40.76370739,-73.9851615,296121
2019-12-09,40.71485150526252,-74.01122331619263,296122
2019-12-09,40.724308321602166,-74.00473035871983,296122
2019-12-09,40.722103786686034,-73.99724900722504,296123
2019-12-09,40.71605866,-73.99190759,296123
2019-12-09,40.73912601,-73.97973776,296124
2019-12-09,40.72779126,-73.98564945,296124
2019-12-09,40.70355377,-74.00670227,296125
2019-12-09,40.71406667,-73.99293911,296125
2019-12-09,40.75500254,-73.98014437,296126
2019-12-09,40.75898481399634,-73.99379968643188,296126
2019-12-09,40.72917025,-73.99810231,296127
2019-12-09,40.74345335,-74.00004031,296127
2019-12-09,40.68691865,-73.976682,296128
2019-12-09,40.68900443,-73.96023854,296128
2019-12-09,40.72036775298455,-73.96165072917938,296129
2019-12-09,40.72606,-73.95621,296129
2019-12-09,40.75299641,-73.98721619,296130
2019-12-09,40.75066386,-74.00176802,296130
2019-12-09,40.73172428,-74.00674436,296131
2019-12-09,40.73143724085228,-73.99490341544151,296131
2019-12-09,40.711863,-73.944024,296132
2019-12-09,40.71167351,-73.95141312,296132
2019-12-09,40.72243797,-74.00566443,296133
2019-12-09,40.75019995,-73.99093085,296133
2019-12-09,40.73020660529954,-73.99102628231049,296134
2019-12-09,40.73038599,-74.00214988,296134
2019-12-09,40.7153379,-74.01658354,296135
2019-12-09,40.711512,-74.015756,296135
2019-12-09,40.70905623,-74.01043382,296136
2019-12-09,40.71413089,-73.9970468,296136
2019-12-09,40.74345335,-74.00004031,296137
2019-12-09,40.73827428,-73.98751968,296137
2019-12-09,40.76019252,-73.9912551,296138
2019-12-09,40.75500254,-73.98014437,296138
2019-12-09,40.6867443,-73.99063168,296139
2019-12-09,40.6881529,-73.99520919,296139
2019-12-09,40.74487634,-73.99529885,296140
2019-12-09,40.74487634,-73.99529885,296140
2019-12-09,40.736502,-73.97809472,296141
2019-12-09,40.74395411,-73.99144871,296141
2019-12-09,40.73221853,-73.98165557,296142
2019-12-09,40.73912601,-73.97973776,296142
2019-12-09,40.6729679,-73.97087984,296143
2019-12-09,40.665816,-73.956934,296143
2019-12-09,40.72917025,-73.99810231,296144
2019-12-09,40.72066442,-73.98517977,296144
2019-12-09,40.75992262,-73.97648516,296145
2019-12-09,40.75640548,-73.9900262,296145
2019-12-09,40.7505853470215,-73.9946848154068,296146
2019-12-09,40.73454567,-73.99074142,296146
2019-12-09,40.69196035,-73.96536851,296147
2019-12-09,40.689888,-73.981013,296147
2019-12-09,40.71534825,-73.96024116,296148
2019-12-09,40.70684203101325,-73.9544353965357,296148
2019-12-09,40.72903917,-73.99404649,296149
2019-12-09,40.71602118,-73.99974372,296149
2019-12-09,40.6729679,-73.97087984,296150
2019-12-09,40.68461653897949,-73.98721285164356,296150
2019-12-09,40.74765947,-73.98490707,296151
2019-12-09,40.751873,-73.977706,296151
2019-12-09,40.734232,-73.986923,296152
2019-12-09,40.741459,-73.983293,296152
2019-12-09,40.6750705,-73.98775226,296153
2019-12-09,40.680342423,-73.9557689392,296153
2019-12-09,40.7785669,-73.97754961,296154
2019-12-09,40.7941654,-73.974124,296154
2019-12-09,40.7675487799971,-73.9209334552288,296155
2019-12-09,40.7711528,-73.9170074,296155
2019-12-09,40.7643971,-73.97371465,296156
2019-12-09,40.751873,-73.977706,296156
2019-12-09,40.71605866,-73.99190759,296157
2019-12-09,40.7047177,-74.00926027,296157
2019-12-09,40.7403432,-73.98955109,296158
2019-12-09,40.738046142482766,-73.99642959237099,296158
2019-12-09,40.74394314,-73.97966069,296159
2019-12-09,40.75797322,-73.96603308,296159
2019-12-09,40.68841,-73.979458,296160
2019-12-09,40.68764484,-73.96968902,296160
2019-12-09,40.69991755,-73.98971773,296161
2019-12-09,40.70255088,-73.98940236,296161
2019-12-09,40.71939226,-74.00247214,296162
2019-12-09,40.676368,-73.952918,296162
2019-12-09,40.74734825,-73.99723551,296163
2019-12-09,40.7262807,-73.98978041,296163
2019-12-09,40.69196566,-73.9813018,296164
2019-12-09,40.69196035,-73.96536851,296164
2019-12-09,40.69196035,-73.96536851,296165
2019-12-09,40.680944723477296,-73.97567331790923,296165
2019-12-09,40.73781509,-73.99994661,296166
2019-12-09,40.7361967,-74.00859207,296166
2019-12-09,40.7489006,-73.97604882,296167
2019-12-09,40.75513557,-73.98658032,296167
2019-12-09,40.74475148,-73.99915362,296168
2019-12-09,40.751396,-74.005226,296168
2019-12-09,40.722055,-73.989111,296169
2019-12-09,40.76030096,-73.99884222,296169
2019-12-09,40.734232,-73.986923,296170
2019-12-09,40.73827428,-73.98751968,296170
2019-12-09,40.7462009,-73.98855723,296171
2019-12-09,40.74395411,-73.99144871,296171
2019-12-09,40.7937704,-73.971888,296172
2019-12-09,40.789622,-73.97757,296172
2019-12-09,40.746745,-74.007756,296173
2019-12-09,40.72229346,-73.99147535,296173
2019-12-09,40.746745,-74.007756,296174
2019-12-09,40.75929124,-73.98859651,296174
2019-12-09,40.734232,-73.986923,296175
2019-12-09,40.74144387,-73.97536082,296175
2019-12-09,40.716887,-73.963198,296176
2019-12-09,40.72577,-73.94173,296176
2019-12-09,40.73532427,-73.99800419,296177
2019-12-09,40.73223272,-73.98889957,296177
2019-12-09,40.70853074,-73.96408963,296178
2019-12-09,40.6809833854,-73.9500479759,296178
2019-12-09,40.768254,-73.988639,296179
2019-12-09,40.746647,-73.993915,296179
2019-12-09,40.71893904,-73.99266288,296180
2019-12-09,40.72066442,-73.98517977,296180
2019-12-09,40.73726186,-73.99238967,296181
2019-12-09,40.7505853470215,-73.9946848154068,296181
2019-12-09,40.71146364,-74.00552427,296182
2019-12-09,40.71893904,-73.99266288,296182
2019-12-09,40.717571,-74.005549,296183
2019-12-09,40.74238787,-73.99726235,296183
2019-12-09,40.71745169,-73.95850939,296184
2019-12-09,40.72325,-73.94308,296184
2019-12-09,40.7568001,-73.98291153,296185
2019-12-09,40.76019252,-73.9912551,296185
2019-12-09,40.734232,-73.986923,296186
2019-12-09,40.73587678,-73.98205027,296186
2019-12-09,40.7728384,-73.94989233,296187
2019-12-09,40.7687620293096,-73.95840793848038,296187
2019-12-09,40.72966729392978,-73.98067966103554,296188
2019-12-09,40.730563,-73.973984,296188
2019-12-09,40.71745169,-73.95850939,296189
2019-12-09,40.71285887,-73.96590294,296189
2019-12-09,40.722103786686034,-73.99724900722504,296190
2019-12-09,40.730563,-73.973984,296190
2019-12-09,40.71534825,-73.96024116,296191
2019-12-09,40.71285887,-73.96590294,296191
2019-12-09,40.746745,-74.007756,296192
2019-12-09,40.7403432,-73.98955109,296192
2019-12-09,40.76009437,-73.99461843,296193
2019-12-09,40.76269882,-73.99301222,296193
2019-12-09,40.7190095,-73.95852515,296194
2019-12-09,40.72708584,-73.95299117,296194
2019-12-09,40.71745169,-73.95850939,296195
2019-12-09,40.71285887,-73.96590294,296195
2019-12-09,40.7172274,-73.98802084,296196
2019-12-09,40.71622644,-73.98261206,296196
2019-12-09,40.77966809007312,-73.98093044757842,296197
2019-12-09,40.78839,-73.9747,296197
2019-12-09,40.763189,-73.978434,296198
2019-12-09,40.7779453,-73.946041,296198
2019-12-09,40.72903917,-73.99404649,296199
2019-12-09,40.7208736,-73.98085795,296199
2019-12-09,40.7505853470215,-73.9946848154068,296200
2019-12-09,40.744219,-73.97121214,296200
2019-12-09,40.69146,-73.92146,296201
2019-12-09,40.68989,-73.91458,296201
2019-12-09,40.75500254,-73.98014437,296202
2019-12-09,40.76269882,-73.99301222,296202
2019-12-09,40.78112229934166,-73.94965589046478,296203
2019-12-09,40.7806284,-73.9521667,296203
2019-12-09,40.741459,-73.983293,296204
2019-12-09,40.72966729392978,-73.98067966103554,296204
2019-12-09,40.6707767,-73.9576801,296205
2019-12-09,40.6642406,-73.9574686,296205
2019-12-09,40.6902375,-73.99203074,296206
2019-12-09,40.69165183,-73.9999786,296206
2019-12-09,40.72966729392978,-73.98067966103554,296207
2019-12-09,40.72299208,-73.97995466,296207
2019-12-09,40.69512845,-73.99595065,296208
2019-12-09,40.68763155,-74.0016256,296208
2019-12-09,40.782593,-73.971211,296209
2019-12-09,40.75019995,-73.99093085,296209
2019-12-09,40.7262807,-73.98978041,296210
2019-12-09,40.7208736,-73.98085795,296210
2019-12-09,40.734232,-73.986923,296211
2019-12-09,40.72299208,-73.97995466,296211
2019-12-09,40.74275382865903,-74.00747358798981,296212
2019-12-09,40.73587678,-73.98205027,296212
2019-12-09,40.7172274,-73.98802084,296213
2019-12-09,40.73047747,-73.99906065,296213
2019-12-09,40.73827428,-73.98751968,296214
2019-12-09,40.7284186,-73.98713956,296214
2019-12-09,40.76068327096592,-73.9845272898674,296215
2019-12-09,40.7475739589548,-73.9788007736206,296215
2019-12-09,40.73704984,-73.99009296,296216
2019-12-09,40.73827428,-73.98751968,296216
2019-12-09,40.72580614,-73.97422494,296217
2019-12-09,40.72746420692392,-73.97950418293476,296217
2019-12-09,40.75022392,-73.97121414,296218
2019-12-09,40.752269,-73.982079,296218
2019-12-09,40.751873,-73.977706,296219
2019-12-09,40.7284186,-73.98713956,296219
2019-12-09,40.77565541,-73.95068615,296220
2019-12-09,40.77112927,-73.95772297,296220
2019-12-09,40.689888,-73.981013,296221
2019-12-09,40.693261,-73.968896,296221
2019-12-09,40.71602118,-73.99974372,296222
2019-12-09,40.73381219196632,-73.98054420948029,296222
2019-12-09,40.7575699,-73.99098507,296223
2019-12-09,40.76030096,-73.99884222,296223
2019-12-09,40.71754834,-74.01322069,296224
2019-12-09,40.73401143,-74.00293877,296224
2019-12-09,40.7869946,-73.94164802,296225
2019-12-09,40.7839636,-73.9471673,296225
2019-12-09,40.75934501,-73.96759673,296226
2019-12-09,40.7687620293096,-73.95840793848038,296226
2019-12-09,40.76019252,-73.9912551,296227
2019-12-09,40.752269,-73.982079,296227
2019-12-09,40.72066442,-73.98517977,296228
2019-12-09,40.722103786686034,-73.99724900722504,296228
2019-12-09,40.74144387,-73.97536082,296229
2019-12-09,40.72746420692392,-73.97950418293476,296229
2019-12-09,40.73226398,-73.99852205,296230
2019-12-09,40.7454973,-74.00197139,296230
2019-12-09,40.73047747,-73.99906065,296231
2019-12-09,40.70717936,-74.00887308,296231
2019-12-09,40.6867443,-73.99063168,296232
2019-12-09,40.68763155,-74.0016256,296232
2019-12-09,40.73381219196632,-73.98054420948029,296233
2019-12-09,40.734232,-73.986923,296233
2019-12-09,40.76712840349542,-73.96224617958069,296234
2019-12-09,40.778301,-73.9488134,296234
2019-12-09,40.72456089,-73.99565293,296235
2019-12-09,40.72307749068673,-73.98583620786667,296235
2019-12-09,40.72917025,-73.99810231,296236
2019-12-09,40.71485150526252,-74.01122331619263,296236
2019-12-09,40.72299208,-73.97995466,296237
2019-12-09,40.7149787,-74.013012,296237
2019-12-09,40.8025566,-73.9490782,296238
2019-12-09,40.7403432,-73.98955109,296238
2019-12-09,40.74937024193277,-73.99923384189606,296239
2019-12-09,40.741459,-73.983293,296239
2019-12-09,40.71605866,-73.99190759,296240
2019-12-09,40.71559509,-73.9870295,296240
2019-12-09,40.70140317257725,-73.98672670125961,296241
2019-12-09,40.688417427540834,-73.98451656103134,296241
2019-12-09,40.76344058,-73.98268129,296242
2019-12-09,40.7869946,-73.94164802,296242
2019-12-09,40.7149787,-74.013012,296243
2019-12-09,40.70834698,-74.01713445,296243
2019-12-09,40.69196566,-73.9813018,296244
2019-12-09,40.69363137,-73.96223558,296244
2019-12-09,40.72311651,-73.95212324,296245
2019-12-09,40.71924,-73.95242,296245
2019-12-09,40.741459,-73.983293,296246
2019-12-09,40.75299641,-73.98721619,296246
2019-12-09,40.73223272,-73.98889957,296247
2019-12-09,40.718822,-73.99596,296247
2019-12-09,40.75038009,-73.98338988,296248
2019-12-09,40.7904828,-73.95033068,296248
2019-12-09,40.7262807,-73.98978041,296249
2019-12-09,40.73912601,-73.97973776,296249
2019-12-09,40.7921,-73.9739,296250
2019-12-09,40.7770575,-73.97898475,296250
2019-12-09,40.71748752,-74.0104554,296251
2019-12-09,40.71273266,-74.0046073,296251
2019-12-09,40.76269882,-73.99301222,296252
2019-12-09,40.76360467795863,-73.98917958140373,296252
2019-12-09,40.7770575,-73.97898475,296253
2019-12-09,40.76370739,-73.9851615,296253
2019-12-09,40.72307749068673,-73.98583620786667,296254
2019-12-09,40.72453734,-73.98185424,296254
2019-12-09,40.75466591,-73.99138152,296255
2019-12-09,40.74238787,-73.99726235,296255
2019-12-09,40.72743423,-73.99379025,296256
2019-12-09,40.72228087,-73.97668709,296256
2019-12-09,40.735445,-73.99431,296257
2019-12-09,40.7454973,-74.00197139,296257
2019-12-09,40.74345335,-74.00004031,296258
2019-12-09,40.75594159,-74.0021163,296258
2019-12-09,40.7806284,-73.9521667,296259
2019-12-09,40.75797322,-73.96603308,296259
2019-12-09,40.7839636,-73.9471673,296260
2019-12-09,40.77477944895728,-73.95427465438843,296260
2019-12-09,40.71939226,-74.00247214,296261
2019-12-09,40.739445,-73.976806,296261
2019-12-09,40.71559509,-73.9870295,296262
2019-12-09,40.71850211,-73.98329859,296262
2019-12-09,40.734232,-73.986923,296263
2019-12-09,40.6902375,-73.99203074,296263
2019-12-09,40.6765304,-73.97846879,296264
2019-12-09,40.6786115,-73.99037292,296264
2019-12-09,40.7262807,-73.98978041,296265
2019-12-09,40.73827428,-73.98751968,296265
2019-12-09,40.734232,-73.986923,296266
2019-12-09,40.735238,-74.000271,296266
2019-12-09,40.75724567911726,-73.97805914282799,296267
2019-12-09,40.743,-73.93561,296267
2019-12-09,40.741459,-73.983293,296268
2019-12-09,40.73221853,-73.98165557,296268
2019-12-09,40.8109494,-73.9634,296269
2019-12-09,40.7941654,-73.974124,296269
2019-12-09,40.7390169121,-74.0026376103,296270
2019-12-09,40.746745,-74.007756,296270
2019-12-09,40.75455731,-73.96592976,296271
2019-12-09,40.7919557,-73.968087,296271
2019-12-09,40.72743423,-73.99379025,296272
2019-12-09,40.73912601,-73.97973776,296272
2019-12-09,40.73971301,-73.99456405,296273
2019-12-09,40.72953837,-73.98426726,296273
2019-12-09,40.71273266,-74.0046073,296274
2019-12-09,40.71427487,-73.98990025,296274
2019-12-09,40.7937704,-73.971888,296275
2019-12-09,40.7989445,-73.944846,296275
2019-12-09,40.75640548,-73.9900262,296276
2019-12-09,40.75455731,-73.96592976,296276
2019-12-09,40.713126,-73.984844,296277
2019-12-09,40.71076228,-73.99400398,296277
2019-12-09,40.73827428,-73.98751968,296278
2019-12-09,40.74173969,-73.99415556,296278
2019-12-09,40.746745,-74.007756,296279
2019-12-09,40.74177603,-74.00149746,296279
2019-12-09,40.74173969,-73.99415556,296280
2019-12-09,40.751581,-73.97791,296280
2019-12-09,40.7575699,-73.99098507,296281
2019-12-09,40.75066386,-74.00176802,296281
2019-12-09,40.73971301,-73.99456405,296282
2019-12-09,40.74780373,-73.9734419,296282
2019-12-09,40.746745,-74.007756,296283
2019-12-09,40.71605866,-73.99190759,296283
2019-12-09,40.74487634,-73.99529885,296284
2019-12-09,40.73038599,-74.00214988,296284
2019-12-09,40.74144387,-73.97536082,296285
2019-12-09,40.751873,-73.977706,296285
2019-12-09,40.74290902,-73.97706058,296286
2019-12-09,40.74901271,-73.98848395,296286
2019-12-09,40.73221853,-73.98165557,296287
2019-12-09,40.76269882,-73.99301222,296287
2019-12-09,40.711066,-74.009447,296288
2019-12-09,40.711512,-74.015756,296288
2019-12-09,40.76915505,-73.98191841,296289
2019-12-09,40.770513,-73.988038,296289
2019-12-09,40.73704984,-73.99009296,296290
2019-12-09,40.73781509,-73.99994661,296290
2019-12-09,40.7451677,-73.98683077,296291
2019-12-09,40.73331967,-73.99510132,296291
2019-12-09,40.7535992020056,-73.93795609474182,296292
2019-12-09,40.74718234,-73.9432635,296292
2019-12-09,40.72317958,-73.99480012,296293
2019-12-09,40.72779126,-73.98564945,296293
2019-12-09,40.76360467795863,-73.98917958140373,296294
2019-12-09,40.7454973,-74.00197139,296294
2019-12-09,40.734232,-73.986923,296295
2019-12-09,40.73912601,-73.97973776,296295
2019-12-09,40.68539567,-73.97431458,296296
2019-12-09,40.675146838709786,-73.97523209452629,296296
2019-12-09,40.73047747,-73.99906065,296297
2019-12-09,40.73047309,-73.98672378,296297
2019-12-09,40.73020660529954,-73.99102628231049,296298
2019-12-09,40.73291553,-74.00711384,296298
2019-12-09,40.8082,-73.9641,296299
2019-12-09,40.749717753,-74.002950346,296299
2019-12-09,40.695065,-73.987167,296300
2019-12-09,40.666287,-73.98895053,296300
2019-12-09,40.75898481399634,-73.99379968643188,296301
2019-12-09,40.75066386,-74.00176802,296301
2019-12-09,40.7671,-73.9169858,296302
2019-12-09,40.7747878,-73.9125551,296302
2019-12-09,40.746745,-74.007756,296303
2019-12-09,40.73381219196632,-73.98054420948029,296303
2019-12-09,40.749156,-73.9916,296304
2019-12-09,40.74394314,-73.97966069,296304
2019-12-09,40.73454567,-73.99074142,296305
2019-12-09,40.72453734,-73.98185424,296305
2019-12-09,40.74964,-73.98805,296306
2019-12-09,40.76009437,-73.99461843,296306
2019-12-09,40.71485150526252,-74.01122331619263,296307
2019-12-09,40.71910537,-73.99973337,296307
2019-12-09,40.74966,-73.9521,296308
2019-12-09,40.74718234,-73.9432635,296308
2019-12-09,40.75660359,-73.9979009,296309
2019-12-09,40.7575699,-73.99098507,296309
2019-12-09,40.754120810779256,-73.98025184869766,296310
2019-12-09,40.74177603,-74.00149746,296310
2019-12-09,40.73912601,-73.97973776,296311
2019-12-09,40.76019252,-73.9912551,296311
2019-12-09,40.72299208,-73.97995466,296312
2019-12-09,40.72966729392978,-73.98067966103554,296312
2019-12-09,40.7997568,-73.9621128676,296313
2019-12-09,40.763954,-73.9646,296313
2019-12-09,40.789622,-73.97757,296314
2019-12-09,40.7973721,-73.97041192,296314
2019-12-09,40.75466591,-73.99138152,296315
2019-12-09,40.718822,-73.99596,296315
2019-12-09,40.72502876,-73.99069656,296316
2019-12-09,40.73587678,-73.98205027,296316
2019-12-09,40.73223272,-73.98889957,296317
2019-12-09,40.72779126,-73.98564945,296317
2019-12-09,40.71450451,-74.00562789,296318
2019-12-09,40.71939226,-74.00247214,296318
2019-12-09,40.72066442,-73.98517977,296319
2019-12-09,40.72621788,-73.98379855,296319
2019-12-09,40.74734825,-73.99723551,296320
2019-12-09,40.74937024193277,-73.99923384189606,296320
2019-12-09,40.72606,-73.95621,296321
2019-12-09,40.69991755,-73.98971773,296321
2019-12-09,40.7047177,-74.00926027,296322
2019-12-09,40.72953837,-73.98426726,296322
2019-12-09,40.76132983124814,-73.97982001304626,296323
2019-12-09,40.7575699,-73.99098507,296323
2019-12-09,40.74238787,-73.99726235,296324
2019-12-09,40.73827428,-73.98751968,296324
2019-12-09,40.7658346,-73.9265474,296325
2019-12-09,40.7557327,-73.9236611,296325
2019-12-09,40.735367055605394,-73.98797392845154,296326
2019-12-09,40.74475148,-73.99915362,296326
2019-12-09,40.711512,-74.015756,296327
2019-12-09,40.70463,-74.01507,296327
2019-12-09,40.741459,-73.983293,296328
2019-12-09,40.751581,-73.97791,296328
2019-12-09,40.73704984,-73.99009296,296329
2019-12-09,40.70538,-73.92535,296329
2019-12-09,40.71427487,-73.98990025,296330
2019-12-09,40.714211,-73.981095,296330
2019-12-09,40.75466591,-73.99138152,296331
2019-12-09,40.73532427,-73.99800419,296331
2019-12-09,40.710451,-73.960876,296332
2019-12-09,40.710451,-73.960876,296332
2019-12-09,40.7969347,-73.9643412291,296333
2019-12-09,40.7785669,-73.97754961,296333
2019-12-09,40.72710258,-74.00297088,296334
2019-12-09,40.722055,-73.989111,296334
2019-12-09,40.7403432,-73.98955109,296335
2019-12-09,40.734232,-73.986923,296335
2019-12-09,40.72743423,-73.99379025,296336
2019-12-09,40.72299208,-73.97995466,296336
2019-12-09,40.76712840349542,-73.96224617958069,296337
2019-12-09,40.74290902,-73.97706058,296337
2019-12-09,40.761573,-73.972628,296338
2019-12-09,40.77149671054441,-73.99046033620834,296338
2019-12-09,40.72362738,-73.99949601,296339
2019-12-09,40.72453734,-73.98185424,296339
2019-12-09,40.72743423,-73.99379025,296340
2019-12-09,40.73269,-73.98974,296340
2019-12-09,40.72951496224949,-73.99075269699097,296341
2019-12-09,40.7284186,-73.98713956,296341
2019-12-09,40.73223272,-73.98889957,296342
2019-12-09,40.72779126,-73.98564945,296342
2019-12-09,40.714211,-73.981095,296343
2019-12-09,40.71559509,-73.9870295,296343
2019-12-09,40.77801203,-73.95407149,296344
2019-12-09,40.76500525,-73.95818491,296344
2019-12-09,40.72706363348306,-73.99662137031554,296345
2019-12-09,40.72217444,-73.98368779,296345
2019-12-09,40.71939226,-74.00247214,296346
2019-12-09,40.70834698,-74.01713445,296346
2019-12-09,40.75066386,-74.00176802,296347
2019-12-09,40.7475739589548,-73.9788007736206,296347
2019-12-09,40.75466591,-73.99138152,296348
2019-12-09,40.746647,-73.993915,296348
2019-12-09,40.74937024193277,-73.99923384189606,296349
2019-12-09,40.74734825,-73.99723551,296349
2019-12-09,40.71605866,-73.99190759,296350
2019-12-09,40.71782143,-73.97628939,296350
2019-12-09,40.74964,-73.98805,296351
2019-12-09,40.8109494,-73.9634,296351
2019-12-09,40.7451677,-73.98683077,296352
2019-12-09,40.75172632,-73.98753523,296352
2019-12-09,40.7652654,-73.98192338,296353
2019-12-09,40.76360467795863,-73.98917958140373,296353
2019-12-09,40.76663814,-73.95348296,296354
2019-12-09,40.7839636,-73.9471673,296354
2019-12-09,40.68506807308177,-73.97790759801863,296355
2019-12-09,40.68488,-73.96304,296355
2019-12-09,40.6740886,-73.9787282,296356
2019-12-09,40.668127,-73.98377641,296356
2019-12-09,40.73912601,-73.97973776,296357
2019-12-09,40.73726186,-73.99238967,296357
2019-12-09,40.76344058,-73.98268129,296358
2019-12-09,40.76360467795863,-73.98917958140373,296358
2019-12-09,40.751581,-73.97791,296359
2019-12-09,40.74177603,-74.00149746,296359
2019-12-09,40.73587678,-73.98205027,296360
2019-12-09,40.72966729392978,-73.98067966103554,296360
2019-12-09,40.7981856,-73.9605909006,296361
2019-12-09,40.7882213,-73.97041561,296361
2019-12-09,40.74964,-73.98805,296362
2019-12-09,40.736502,-73.97809472,296362
2019-12-09,40.761584,-73.925921,296363
2019-12-09,40.76315481910373,-73.93985509872437,296363
2019-12-09,40.74765947,-73.98490707,296364
2019-12-09,40.789622,-73.97757,296364
2019-12-09,40.76915505,-73.98191841,296365
2019-12-09,40.77149671054441,-73.99046033620834,296365
2019-12-09,40.76030096,-73.99884222,296366
2019-12-09,40.751873,-73.977706,296366
2019-12-09,40.76009437,-73.99461843,296367
2019-12-09,40.75898481399634,-73.99379968643188,296367
2019-12-09,40.77149671054441,-73.99046033620834,296368
2019-12-09,40.76360467795863,-73.98917958140373,296368
2019-12-09,40.71754834,-74.01322069,296369
2019-12-09,40.746745,-74.007756,296369
2019-12-09,40.72079821,-73.95484712,296370
2019-12-09,40.710451,-73.960876,296370
2019-12-09,40.76360467795863,-73.98917958140373,296371
2019-12-09,40.76269882,-73.99301222,296371
2019-12-09,40.74096374,-73.98602213,296372
2019-12-09,40.74394314,-73.97966069,296372
2019-12-09,40.734814,-73.992085,296373
2019-12-09,40.74173969,-73.99415556,296373
2019-12-09,40.73971301,-73.99456405,296374
2019-12-09,40.74173969,-73.99415556,296374
2019-12-09,40.72740794,-73.98142006,296375
2019-12-09,40.73532427,-73.99800419,296375
2019-12-09,40.7462009,-73.98855723,296376
2019-12-09,40.74322681432173,-73.97449783980846,296376
2019-12-09,40.75466591,-73.99138152,296377
2019-12-09,40.77149671054441,-73.99046033620834,296377
2019-12-09,40.72082834,-73.97793172,296378
2019-12-09,40.72307749068673,-73.98583620786667,296378
2019-12-09,40.71260486,-73.96264403,296379
2019-12-09,40.707644944175705,-73.96841526031494,296379
2019-12-09,40.8013434,-73.9711457439,296380
2019-12-09,40.79747,-73.93504,296380
2019-12-09,40.7390169121,-74.0026376103,296381
2019-12-09,40.76269882,-73.99301222,296381
2019-12-09,40.71219906,-73.97948148,296382
2019-12-09,40.7172274,-73.98802084,296382
2019-12-09,40.69089272,-73.99612349,296383
2019-12-09,40.686371,-73.99383324,296383
2019-12-09,40.746647,-73.993915,296384
2019-12-09,40.72966729392978,-73.98067966103554,296384
2019-12-09,40.74096374,-73.98602213,296385
2019-12-09,40.73226398,-73.99852205,296385
2019-12-09,40.734232,-73.986923,296386
2019-12-09,40.7390169121,-74.0026376103,296386
2019-12-09,40.746745,-74.007756,296387
2019-12-09,40.746745,-74.007756,296387
2019-12-09,40.746745,-74.007756,296388
2019-12-09,40.73781509,-73.99994661,296388
2019-12-09,40.744219,-73.97121214,296389
2019-12-09,40.75640548,-73.9900262,296389
2019-12-09,40.73223272,-73.98889957,296390
2019-12-09,40.72917025,-73.99810231,296390
2019-12-09,40.71469,-73.95739,296391
2019-12-09,40.7169811,-73.94485918,296391
2019-12-09,40.73269,-73.98974,296392
2019-12-09,40.72951496224949,-73.99075269699097,296392
2019-12-09,40.76360467795863,-73.98917958140373,296393
2019-12-09,40.75466591,-73.99138152,296393
2019-12-09,40.751551,-73.993934,296394
2019-12-09,40.754691750226016,-73.99740189313889,296394
2019-12-09,40.76341379,-73.99667444,296395
2019-12-09,40.76068327096592,-73.9845272898674,296395
2019-12-09,40.722055,-73.989111,296396
2019-12-09,40.73381219196632,-73.98054420948029,296396
2019-12-09,40.72228087,-73.97668709,296397
2019-12-09,40.72082834,-73.97793172,296397
2019-12-09,40.72606,-73.95621,296398
2019-12-09,40.72606,-73.95621,296398
2019-12-09,40.71625008,-74.0091059,296399
2019-12-09,40.72082834,-73.97793172,296399
2019-12-09,40.734232,-73.986923,296400
2019-12-09,40.735367055605394,-73.98797392845154,296400
2019-12-09,40.746745,-74.007756,296401
2019-12-09,40.7770575,-73.97898475,296401
2019-12-09,40.68539567,-73.97431458,296402
2019-12-09,40.68506807308177,-73.97790759801863,296402
2019-12-09,40.70706456,-74.00731853,296403
2019-12-09,40.751581,-73.97791,296403
2019-12-09,40.71754834,-74.01322069,296404
2019-12-09,40.746745,-74.007756,296404
2019-12-09,40.73624527,-73.98473765,296405
2019-12-09,40.75066386,-74.00176802,296405
2019-12-09,40.71816969454208,-73.95520135760307,296406
2019-12-09,40.72036775298455,-73.96165072917938,296406
2019-12-09,40.73827428,-73.98751968,296407
2019-12-09,40.73381219196632,-73.98054420948029,296407
2019-12-09,40.718822,-73.99596,296408
2019-12-09,40.72110063,-73.9919254,296408
2019-12-09,40.72953837,-73.98426726,296409
2019-12-09,40.72966729392978,-73.98067966103554,296409
2019-12-09,40.738046142482766,-73.99642959237099,296410
2019-12-09,40.73624527,-73.98473765,296410
2019-12-09,40.73535398,-74.00483091,296411
2019-12-09,40.73944820130404,-74.00507032871246,296411
2019-12-09,40.75714758,-73.97207836,296412
2019-12-09,40.751873,-73.977706,296412
2019-12-09,40.759125,-73.962658,296413
2019-12-09,40.74394314,-73.97966069,296413
2019-12-09,40.77748046,-73.98288594,296414
2019-12-09,40.77515953434235,-73.98918695747852,296414
2019-12-09,40.75828065,-73.97069431,296415
2019-12-09,40.76915505,-73.98191841,296415
2019-12-09,40.73020660529954,-73.99102628231049,296416
2019-12-09,40.73781509,-73.99994661,296416
2019-12-09,40.77579376683666,-73.9762057363987,296417
2019-12-09,40.76019252,-73.9912551,296417
2019-12-09,40.770513,-73.988038,296418
2019-12-09,40.7801839724239,-73.97728532552719,296418
2019-12-09,40.72743423,-73.99379025,296419
2019-12-09,40.72453734,-73.98185424,296419
2019-12-09,40.741459,-73.983293,296420
2019-12-09,40.75640548,-73.9900262,296420
2019-12-09,40.722103786686034,-73.99724900722504,296421
2019-12-09,40.72317958,-73.99480012,296421
2019-12-09,40.736502,-73.97809472,296422
2019-12-09,40.73381219196632,-73.98054420948029,296422
2019-12-09,40.77163851,-73.98261428,296423
2019-12-09,40.77149671054441,-73.99046033620834,296423
2019-12-09,40.71605866,-73.99190759,296424
2019-12-09,40.722103786686034,-73.99724900722504,296424
2019-12-09,40.70717936,-74.00887308,296425
2019-12-09,40.724308321602166,-74.00473035871983,296425
2019-12-09,40.76663814,-73.95348296,296426
2019-12-09,40.77518615,-73.94446054,296426
2019-12-09,40.72953837,-73.98426726,296427
2019-12-09,40.72966729392978,-73.98067966103554,296427
2019-12-09,40.749156,-73.9916,296428
2019-12-09,40.73912601,-73.97973776,296428
2019-12-09,40.72456089,-73.99565293,296429
2019-12-09,40.73269,-73.98974,296429
2019-12-09,40.7489006,-73.97604882,296430
2019-12-09,40.75828065,-73.97069431,296430
2019-12-09,40.748,-73.9460927,296431
2019-12-09,40.76108,-73.930562,296431
2019-12-09,40.77163851,-73.98261428,296432
2019-12-09,40.76030096,-73.99884222,296432
2019-12-09,40.7262807,-73.98978041,296433
2019-12-09,40.73221853,-73.98165557,296433
2019-12-09,40.74173969,-73.99415556,296434
2019-12-09,40.76030096,-73.99884222,296434
2019-12-09,40.72779126,-73.98564945,296435
2019-12-09,40.74395411,-73.99144871,296435
2019-12-09,40.72743423,-73.99379025,296436
2019-12-09,40.72953837,-73.98426726,296436
2019-12-09,40.71559509,-73.9870295,296437
2019-12-09,40.72456089,-73.99565293,296437
2019-12-09,40.75594159,-74.0021163,296438
2019-12-09,40.78414472,-73.98362492,296438
2019-12-09,40.73221853,-73.98165557,296439
2019-12-09,40.7158155,-73.99422366,296439
2019-12-09,40.71146364,-74.00552427,296440
2019-12-09,40.74322681432173,-73.97449783980846,296440
2019-12-09,40.70717936,-74.00887308,296441
2019-12-09,40.75001986,-73.96905301,296441
2019-12-09,40.7937704,-73.971888,296442
2019-12-09,40.7921,-73.9739,296442
2019-12-09,40.77149671054441,-73.99046033620834,296443
2019-12-09,40.76344058,-73.98268129,296443
2019-12-09,40.7659,-73.930819,296444
2019-12-09,40.7767,-73.927631,296444
2019-12-09,40.702461,-73.986842,296445
2019-12-09,40.68506807308177,-73.97790759801863,296445
2019-12-09,40.73047747,-73.99906065,296446
2019-12-09,40.734814,-73.992085,296446
2019-12-09,40.69072549,-73.95133465,296447
2019-12-09,40.69128258,-73.9452416,296447
2019-12-09,40.71915571696044,-73.94885390996933,296448
2019-12-09,40.71335226222875,-73.9491033554077,296448
2019-12-09,40.69236178,-73.98631746,296449
2019-12-09,40.69760127,-73.99344559,296449
2019-12-09,40.72405549,-74.00965965,296450
2019-12-09,40.711512,-74.015756,296450
2019-12-09,40.7172274,-73.98802084,296451
2019-12-09,40.72243797,-74.00566443,296451
2019-12-09,40.72368361,-73.97574813,296452
2019-12-09,40.72307749068673,-73.98583620786667,296452
2019-12-09,40.804213,-73.96699104,296453
2019-12-09,40.78524672,-73.97667321,296453
2019-12-09,40.73704984,-73.99009296,296454
2019-12-09,40.73224119,-74.00026394,296454
2019-12-09,40.702461,-73.986842,296455
2019-12-09,40.68683208,-73.9796772,296455
2019-12-09,40.7284186,-73.98713956,296456
2019-12-09,40.72217444,-73.98368779,296456
2019-12-09,40.72453734,-73.98185424,296457
2019-12-09,40.73226398,-73.99852205,296457
2019-12-09,40.76350532,-73.97109243,296458
2019-12-09,40.73143724085228,-73.99490341544151,296458
2019-12-09,40.7390169121,-74.0026376103,296459
2019-12-09,40.734232,-73.986923,296459
2019-12-09,40.71939226,-74.00247214,296460
2019-12-09,40.71117416,-74.00016545,296460
2019-12-09,40.75640548,-73.9900262,296461
2019-12-09,40.77515953434235,-73.98918695747852,296461
2019-12-09,40.70955958,-74.00653609,296462
2019-12-09,40.70955958,-74.00653609,296462
2019-12-09,40.73221853,-73.98165557,296463
2019-12-09,40.73454567,-73.99074142,296463
2019-12-09,40.74937024193277,-73.99923384189606,296464
2019-12-09,40.73401143,-74.00293877,296464
2019-12-09,40.72953837,-73.98426726,296465
2019-12-09,40.72953837,-73.98426726,296465
2019-12-09,40.75510267,-73.97498696,296466
2019-12-09,40.75660359,-73.9979009,296466
2019-12-09,40.78839,-73.9747,296467
2019-12-09,40.77966809007312,-73.98093044757842,296467
2019-12-09,40.69196566,-73.9813018,296468
2019-12-09,40.69308257,-73.97178913,296468
2019-12-09,40.71602118,-73.99974372,296469
2019-12-09,40.722103786686034,-73.99724900722504,296469
2019-12-09,40.7687620293096,-73.95840793848038,296470
2019-12-09,40.76663814,-73.95348296,296470
2019-12-09,40.73226398,-73.99852205,296471
2019-12-09,40.7208736,-73.98085795,296471
2019-12-09,40.75110165,-73.94073717,296472
2019-12-09,40.7601853,-73.9362726,296472
2019-12-09,40.718822,-73.99596,296473
2019-12-09,40.72710258,-74.00297088,296473
2019-12-09,40.7462009,-73.98855723,296474
2019-12-09,40.7652654,-73.98192338,296474
2019-12-09,40.773763,-73.96222088,296475
2019-12-09,40.782454175279874,-73.9489196240902,296475
2019-12-09,40.71622644,-73.98261206,296476
2019-12-09,40.72110063,-73.9919254,296476
2019-12-09,40.675146838709786,-73.97523209452629,296477
2019-12-09,40.6776147,-73.97324283,296477
2019-12-09,40.752165280621966,-73.97992193698882,296478
2019-12-09,40.75172632,-73.98753523,296478
2019-12-09,40.7687620293096,-73.95840793848038,296479
2019-12-09,40.77140426,-73.9535166,296479
2019-12-09,40.746745,-74.007756,296480
2019-12-09,40.73291553,-74.00711384,296480
2019-12-09,40.71939226,-74.00247214,296481
2019-12-09,40.7149787,-74.013012,296481
2019-12-09,40.72229346,-73.99147535,296482
2019-12-09,40.71260486,-73.96264403,296482
2019-12-09,40.71893904,-73.99266288,296483
2019-12-09,40.71269042,-73.98776323,296483
2019-12-09,40.7462009,-73.98855723,296484
2019-12-09,40.74311555376486,-73.98215353488922,296484
2019-12-09,40.71559509,-73.9870295,296485
2019-12-09,40.71427487,-73.98990025,296485
2019-12-09,40.741459,-73.983293,296486
2019-12-09,40.75500254,-73.98014437,296486
2019-12-09,40.72917025,-73.99810231,296487
2019-12-09,40.718822,-73.99596,296487
2019-12-09,40.6802133,-73.98432695,296488
2019-12-09,40.69196566,-73.9813018,296488
2019-12-09,40.74144387,-73.97536082,296489
2019-12-09,40.76500525,-73.95818491,296489
2019-12-09,40.75110165,-73.94073717,296490
2019-12-09,40.770845,-73.934171,296490
2019-12-09,40.73047747,-73.99906065,296491
2019-12-09,40.7403432,-73.98955109,296491
2019-12-09,40.744219,-73.97121214,296492
2019-12-09,40.71219906,-73.97948148,296492
2019-12-09,40.8021174,-73.9681805305,296493
2019-12-09,40.7987859,-73.9523,296493
2019-12-09,40.72494672359416,-74.00165855884552,296494
2019-12-09,40.73038599,-74.00214988,296494
2019-12-09,40.71782143,-73.97628939,296495
2019-12-09,40.71939226,-74.00247214,296495
2019-12-09,40.718822,-73.99596,296496
2019-12-09,40.714211,-73.981095,296496
2019-12-09,40.73704984,-73.99009296,296497
2019-12-09,40.71413089,-73.9970468,296497
2019-12-09,40.76302594280519,-73.97209525108337,296498
2019-12-09,40.805159,-73.954692,296498
2019-12-09,40.71870987,-74.0090009,296499
2019-12-09,40.70955958,-74.00653609,296499
2019-12-09,40.714211,-73.981095,296500
2019-12-09,40.71406667,-73.99293911,296500
2019-12-09,40.80698,-73.941747,296501
2019-12-09,40.8107922,-73.9430681,296501
2019-12-09,40.73971301,-73.99456405,296502
2019-12-09,40.738046142482766,-73.99642959237099,296502
2019-12-09,40.749717753,-74.002950346,296503
2019-12-09,40.75255434,-73.97282625,296503
2019-12-09,40.71559509,-73.9870295,296504
2019-12-09,40.70706456,-74.00731853,296504
2019-12-09,40.71273266,-74.0046073,296505
2019-12-09,40.71427487,-73.98990025,296505
2019-12-09,40.710451,-73.960876,296506
2019-12-09,40.70684203101325,-73.9544353965357,296506
2019-12-09,40.7284186,-73.98713956,296507
2019-12-09,40.7381765,-73.97738662,296507
2019-12-09,40.782593,-73.971211,296508
2019-12-09,40.75019995,-73.99093085,296508
2019-12-09,40.72951496224949,-73.99075269699097,296509
2019-12-09,40.7208736,-73.98085795,296509
2019-12-09,40.76227205,-73.98788205,296510
2019-12-09,40.76269882,-73.99301222,296510
2019-12-09,40.72317958,-73.99480012,296511
2019-12-09,40.74173969,-73.99415556,296511
2019-12-09,40.7734066,-73.97782542,296512
2019-12-09,40.78112229934166,-73.94965589046478,296512
2019-12-09,40.734814,-73.992085,296513
2019-12-09,40.73401143,-74.00293877,296513
2019-12-09,40.77966809007312,-73.98093044757842,296514
2019-12-09,40.7801839724239,-73.97728532552719,296514
2019-12-09,40.7403432,-73.98955109,296515
2019-12-09,40.74444921,-73.98303529,296515
2019-12-09,40.73704984,-73.99009296,296516
2019-12-09,40.749717753,-74.002950346,296516
2019-12-09,40.71291224,-74.01020234,296517
2019-12-09,40.72019521437465,-74.0103006362915,296517
2019-12-09,40.75513557,-73.98658032,296518
2019-12-09,40.76068327096592,-73.9845272898674,296518
2019-12-09,40.71146364,-74.00552427,296519
2019-12-09,40.71413089,-73.9970468,296519
2019-12-09,40.7922553,-73.95249933,296520
2019-12-09,40.77966809007312,-73.98093044757842,296520
2019-12-09,40.741459,-73.983293,296521
2019-12-09,40.74901271,-73.98848395,296521
2019-12-09,40.74286877312112,-73.98918628692627,296522
2019-12-09,40.74444921,-73.98303529,296522
2019-12-09,40.7505853470215,-73.9946848154068,296523
2019-12-09,40.76370739,-73.9851615,296523
2019-12-09,40.7643971,-73.97371465,296524
2019-12-09,40.77966809007312,-73.98093044757842,296524
2019-12-09,40.735445,-73.99431,296525
2019-12-09,40.7284186,-73.98713956,296525
2019-12-09,40.75724567911726,-73.97805914282799,296526
2019-12-09,40.72746420692392,-73.97950418293476,296526
2019-12-09,40.74444921,-73.98303529,296527
2019-12-09,40.75466591,-73.99138152,296527
2019-12-09,40.7770575,-73.97898475,296528
2019-12-09,40.7937704,-73.971888,296528
2019-12-09,40.741459,-73.983293,296529
2019-12-09,40.72299208,-73.97995466,296529
2019-12-09,40.72951496224949,-73.99075269699097,296530
2019-12-09,40.73314259,-73.97573881,296530
2019-12-09,40.73454567,-73.99074142,296531
2019-12-09,40.71291224,-74.01020234,296531
2019-12-09,40.71173107,-73.99193043,296532
2019-12-09,40.7158155,-73.99422366,296532
2019-12-09,40.766368,-73.971518,296533
2019-12-09,40.77801203,-73.95407149,296533
2019-12-09,40.73143724085228,-73.99490341544151,296534
2019-12-09,40.7208736,-73.98085795,296534
2019-12-09,40.72951496224949,-73.99075269699097,296535
2019-12-09,40.73381219196632,-73.98054420948029,296535
2019-12-09,40.75640548,-73.9900262,296536
2019-12-09,40.7172274,-73.98802084,296536
2019-12-09,40.72362738,-73.99949601,296537
2019-12-09,40.722103786686034,-73.99724900722504,296537
2019-12-09,40.759107,-73.959223,296538
2019-12-09,40.75510267,-73.97498696,296538
2019-12-09,40.699304,-73.923044,296539
2019-12-09,40.70113,-73.91422,296539
2019-12-09,40.76228826,-73.98336183,296540
2019-12-09,40.76227205,-73.98788205,296540
2019-12-09,40.76095756,-73.96724467,296541
2019-12-09,40.77862688,-73.95772073,296541
2019-12-09,40.73232194,-73.9550858,296542
2019-12-09,40.710451,-73.960876,296542
2019-12-09,40.72951496224949,-73.99075269699097,296543
2019-12-09,40.73314259,-73.97573881,296543
2019-12-09,40.73291553,-74.00711384,296544
2019-12-09,40.73401143,-74.00293877,296544
2019-12-09,40.72706363348306,-73.99662137031554,296545
2019-12-09,40.7208736,-73.98085795,296545
2019-12-09,40.73038599,-74.00214988,296546
2019-12-09,40.71754834,-74.01322069,296546
2019-12-09,40.8086249,-73.9596214,296547
2019-12-09,40.7919557,-73.968087,296547
2019-12-09,40.746745,-74.007756,296548
2019-12-09,40.75898481399634,-73.99379968643188,296548
2019-12-09,40.7047177,-74.00926027,296549
2019-12-09,40.71076228,-73.99400398,296549
2019-12-09,40.76068327096592,-73.9845272898674,296550
2019-12-09,40.76269882,-73.99301222,296550
2019-12-09,40.735367055605394,-73.98797392845154,296551
2019-12-09,40.73314259,-73.97573881,296551
2019-12-09,40.69308257,-73.97178913,296552
2019-12-09,40.69236178,-73.98631746,296552
2019-12-09,40.7284186,-73.98713956,296553
2019-12-09,40.72019576,-73.98997825,296553
2019-12-09,40.7747878,-73.9125551,296554
2019-12-09,40.774591,-73.918544,296554
2019-12-09,40.69308257,-73.97178913,296555
2019-12-09,40.69236178,-73.98631746,296555
2019-12-09,40.75466591,-73.99138152,296556
2019-12-09,40.76009437,-73.99461843,296556
2019-12-09,40.76370739,-73.9851615,296557
2019-12-09,40.76019252,-73.9912551,296557
2019-12-09,40.68506807308177,-73.97790759801863,296558
2019-12-09,40.69128258,-73.9452416,296558
2019-12-09,40.74238787,-73.99726235,296559
2019-12-09,40.74177603,-74.00149746,296559
2019-12-09,40.72307749068673,-73.98583620786667,296560
2019-12-09,40.7208736,-73.98085795,296560
2019-12-09,40.73624527,-73.98473765,296561
2019-12-09,40.76873687,-73.96119945,296561
2019-12-09,40.73038599,-74.00214988,296562
2019-12-09,40.718822,-73.99596,296562
2019-12-09,40.6751622,-73.9814832,296563
2019-12-09,40.671907,-73.993612,296563
2019-12-09,40.77314236,-73.95856158,296564
2019-12-09,40.7596276,-73.9321455,296564
2019-12-09,40.746647,-73.993915,296565
2019-12-09,40.768254,-73.988639,296565
2019-12-09,40.74173969,-73.99415556,296566
2019-12-09,40.76915505,-73.98191841,296566
2019-12-09,40.722055,-73.989111,296567
2019-12-09,40.711863,-73.944024,296567
2019-12-09,40.69535693320225,-73.99344027042389,296568
2019-12-09,40.694281141397326,-73.99230033159256,296568
2019-12-09,40.751551,-73.993934,296569
2019-12-09,40.75594159,-74.0021163,296569
2019-12-09,40.7284186,-73.98713956,296570
2019-12-09,40.7262807,-73.98978041,296570
2019-12-09,40.77896784,-73.97374737,296571
2019-12-09,40.777507027547976,-73.98888587951659,296571
2019-12-09,40.722103786686034,-73.99724900722504,296572
2019-12-09,40.710451,-73.960876,296572
2019-12-09,40.702013,-73.923769,296573
2019-12-09,40.703545,-73.917775,296573
2019-12-09,40.74395411,-73.99144871,296574
2019-12-09,40.74286877312112,-73.98918628692627,296574
2019-12-09,40.72743423,-73.99379025,296575
2019-12-09,40.73587678,-73.98205027,296575
2019-12-09,40.73143724085228,-73.99490341544151,296576
2019-12-09,40.73624527,-73.98473765,296576
2019-12-09,40.711512,-74.015756,296577
2019-12-09,40.717571,-74.005549,296577
2019-12-09,40.722103786686034,-73.99724900722504,296578
2019-12-09,40.72966729392978,-73.98067966103554,296578
2019-12-09,40.72082834,-73.97793172,296579
2019-12-09,40.72966729392978,-73.98067966103554,296579
2019-12-09,40.79747,-73.93504,296580
2019-12-09,40.7862586,-73.94552579,296580
2019-12-09,40.73038599,-74.00214988,296581
2019-12-09,40.73224119,-74.00026394,296581
2019-12-09,40.71485150526252,-74.01122331619263,296582
2019-12-09,40.70463,-74.01507,296582
2019-12-09,40.7457121,-73.98194829,296583
2019-12-09,40.75066386,-74.00176802,296583
2019-12-09,40.746647,-73.993915,296584
2019-12-09,40.7284186,-73.98713956,296584
2019-12-09,40.746745,-74.007756,296585
2019-12-09,40.74345335,-74.00004031,296585
2019-12-09,40.752269,-73.982079,296586
2019-12-09,40.74394314,-73.97966069,296586
2019-12-09,40.759125,-73.962658,296587
2019-12-09,40.75797322,-73.96603308,296587
2019-12-09,40.724308321602166,-74.00473035871983,296588
2019-12-09,40.73047747,-73.99906065,296588
2019-12-09,40.763154,-73.920827,296589
2019-12-09,40.7658346,-73.9265474,296589
2019-12-09,40.7457121,-73.98194829,296590
2019-12-09,40.736502,-73.97809472,296590
2019-12-09,40.70122128,-74.01234218,296591
2019-12-09,40.707873,-74.00167,296591
2019-12-09,40.722103786686034,-73.99724900722504,296592
2019-12-09,40.72951496224949,-73.99075269699097,296592
2019-12-09,40.717571,-74.005549,296593
2019-12-09,40.71291224,-74.01020234,296593
2019-12-09,40.76095756,-73.96724467,296594
2019-12-09,40.71559509,-73.9870295,296594
2019-12-09,40.7390169121,-74.0026376103,296595
2019-12-09,40.735238,-74.000271,296595
2019-12-09,40.6882,-73.90798,296596
2019-12-09,40.69055,-73.91181,296596
2019-12-09,40.6831164,-73.99785267,296597
2019-12-09,40.69239502,-73.99337909,296597
2019-12-09,40.722103786686034,-73.99724900722504,296598
2019-12-09,40.71605866,-73.99190759,296598
2019-12-09,40.74238787,-73.99726235,296599
2019-12-09,40.74238787,-73.99726235,296599
2019-12-09,40.78948541553215,-73.95242929458618,296600
2019-12-09,40.7687620293096,-73.95840793848038,296600
2019-12-09,40.6758329439129,-74.01472628116608,296601
2019-12-09,40.663779,-73.98396846,296601
2019-12-09,40.74691959,-74.00451887,296602
2019-12-09,40.73314259,-73.97573881,296602
2019-12-09,40.6786115,-73.99037292,296603
2019-12-09,40.6786115,-73.99037292,296603
2019-12-09,40.73047747,-73.99906065,296604
2019-12-09,40.72110063,-73.9919254,296604
2019-12-09,40.74901271,-73.98848395,296605
2019-12-09,40.76344058,-73.98268129,296605
2019-12-09,40.71413089,-73.9970468,296606
2019-12-09,40.7037992,-74.00838676,296606
2019-12-09,40.751873,-73.977706,296607
2019-12-09,40.74394314,-73.97966069,296607
2019-12-09,40.72903917,-73.99404649,296608
2019-12-09,40.72307749068673,-73.98583620786667,296608
2019-12-09,40.75206862,-73.96784384,296609
2019-12-09,40.6773429,-74.01275056,296609
2019-12-09,40.74238787,-73.99726235,296610
2019-12-09,40.73038599,-74.00214988,296610
2019-12-09,40.71745169,-73.95850939,296611
2019-12-09,40.71285887,-73.96590294,296611
2019-12-09,40.73944820130404,-74.00507032871246,296612
2019-12-09,40.72299208,-73.97995466,296612
2019-12-09,40.734814,-73.992085,296613
2019-12-09,40.72966729392978,-73.98067966103554,296613
2019-12-09,40.73266,-73.95826,296614
2019-12-09,40.72179134,-73.9504154,296614
2019-12-09,40.72405549,-74.00965965,296615
2019-12-09,40.751581,-73.97791,296615
2019-12-09,40.73587678,-73.98205027,296616
2019-12-09,40.718822,-73.99596,296616
2019-12-09,40.7457121,-73.98194829,296617
2019-12-09,40.73381219196632,-73.98054420948029,296617
2019-12-09,40.72951496224949,-73.99075269699097,296618
2019-12-09,40.73269,-73.98974,296618
2019-12-09,40.77314236,-73.95856158,296619
2019-12-09,40.77896784,-73.97374737,296619
2019-12-09,40.79904139288298,-73.96649479866028,296620
2019-12-09,40.7987859,-73.9523,296620
2019-12-09,40.728846,-74.008591,296621
2019-12-09,40.71893904,-73.99266288,296621
2019-12-09,40.74173969,-73.99415556,296622
2019-12-09,40.7505853470215,-73.9946848154068,296622
2019-12-09,40.7381765,-73.97738662,296623
2019-12-09,40.74096374,-73.98602213,296623
2019-12-09,40.74238787,-73.99726235,296624
2019-12-09,40.73827428,-73.98751968,296624
2019-12-09,40.746745,-74.007756,296625
2019-12-09,40.76019252,-73.9912551,296625
2019-12-09,40.73331967,-73.99510132,296626
2019-12-09,40.73912601,-73.97973776,296626
2019-12-09,40.71939226,-74.00247214,296627
2019-12-09,40.73381219196632,-73.98054420948029,296627
2019-12-09,40.78307,-73.95939,296628
2019-12-09,40.76590936,-73.97634151,296628
2019-12-09,40.73047747,-73.99906065,296629
2019-12-09,40.724308321602166,-74.00473035871983,296629
2019-12-09,40.677027,-73.9865,296630
2019-12-09,40.6828003,-73.99990419,296630
2019-12-09,40.74286877312112,-73.98918628692627,296631
2019-12-09,40.74173969,-73.99415556,296631
2019-12-09,40.759125,-73.962658,296632
2019-12-09,40.76500525,-73.95818491,296632
2019-12-09,40.78307,-73.95939,296633
2019-12-09,40.76590936,-73.97634151,296633
2019-12-09,40.76500525,-73.95818491,296634
2019-12-09,40.7779453,-73.946041,296634
2019-12-09,40.68506807308177,-73.97790759801863,296635
2019-12-09,40.693261,-73.968896,296635
2019-12-09,40.71534825,-73.96024116,296636
2019-12-09,40.71413311,-73.95234386,296636
2019-12-09,40.7390169121,-74.0026376103,296637
2019-12-09,40.73935542,-73.99931783,296637
2019-12-09,40.74334935,-74.00681753,296638
2019-12-09,40.74734825,-73.99723551,296638
2019-12-09,40.77112927,-73.95772297,296639
2019-12-09,40.782454175279874,-73.9489196240902,296639
2019-12-09,40.69681963,-73.93756926,296640
2019-12-09,40.69237074,-73.93705428,296640
2019-12-09,40.71559509,-73.9870295,296641
2019-12-09,40.72082834,-73.97793172,296641
2019-12-09,40.72362738,-73.99949601,296642
2019-12-09,40.71173107,-73.99193043,296642
2019-12-09,40.7489006,-73.97604882,296643
2019-12-09,40.74395411,-73.99144871,296643
2019-12-09,40.735367055605394,-73.98797392845154,296644
2019-12-09,40.74475148,-73.99915362,296644
2019-12-09,40.71291224,-74.01020234,296645
2019-12-09,40.71291224,-74.01020234,296645
2019-12-09,40.73381219196632,-73.98054420948029,296646
2019-12-09,40.75466591,-73.99138152,296646
2019-12-09,40.768254,-73.988639,296647
2019-12-09,40.76019252,-73.9912551,296647
2019-12-09,40.75172632,-73.98753523,296648
2019-12-09,40.7454973,-74.00197139,296648
2019-12-09,40.76030096,-73.99884222,296649
2019-12-09,40.7904828,-73.95033068,296649
2019-12-09,40.71173107,-73.99193043,296650
2019-12-09,40.71605866,-73.99190759,296650
2019-12-09,40.72362738,-73.99949601,296651
2019-12-09,40.72066442,-73.98517977,296651
2019-12-09,40.741459,-73.983293,296652
2019-12-09,40.749156,-73.9916,296652
2019-12-09,40.76360467795863,-73.98917958140373,296653
2019-12-09,40.7475739589548,-73.9788007736206,296653
2019-12-09,40.74322681432173,-73.97449783980846,296654
2019-12-09,40.75019995,-73.99093085,296654
2019-12-09,40.74096374,-73.98602213,296655
2019-12-09,40.71427487,-73.98990025,296655
2019-12-09,40.7546011026,-73.971878855,296656
2019-12-09,40.72740794,-73.98142006,296656
2019-12-09,40.7381765,-73.97738662,296657
2019-12-09,40.74322681432173,-73.97449783980846,296657
2019-12-09,40.77140426,-73.9535166,296658
2019-12-09,40.7728384,-73.94989233,296658
2019-12-09,40.72307749068673,-73.98583620786667,296659
2019-12-09,40.734814,-73.992085,296659
2019-12-09,40.72456089,-73.99565293,296660
2019-12-09,40.73912601,-73.97973776,296660
2019-12-09,40.6809741,-73.9710097,296661
2019-12-09,40.66514681533792,-73.97637605667114,296661
2019-12-09,40.741459,-73.983293,296662
2019-12-09,40.71559509,-73.9870295,296662
2019-12-09,40.73454567,-73.99074142,296663
2019-12-09,40.72966729392978,-73.98067966103554,296663
2019-12-09,40.75255434,-73.97282625,296664
2019-12-09,40.75097711,-73.98765428,296664
2019-12-09,40.73624527,-73.98473765,296665
2019-12-09,40.734814,-73.992085,296665
2019-12-09,40.722055,-73.989111,296666
2019-12-09,40.72362738,-73.99949601,296666
2019-12-09,40.744219,-73.97121214,296667
2019-12-09,40.72521311,-73.97768752,296667
2019-12-09,40.759125,-73.962658,296668
2019-12-09,40.75206862,-73.96784384,296668
2019-12-09,40.7949879,-73.9333349,296669
2019-12-09,40.7839636,-73.9471673,296669
2019-12-09,40.76370739,-73.9851615,296670
2019-12-09,40.76344058,-73.98268129,296670
2019-12-09,40.72743423,-73.99379025,296671
2019-12-09,40.711066,-74.009447,296671
2019-12-09,40.71291224,-74.01020234,296672
2019-12-09,40.72082834,-73.97793172,296672
2019-12-09,40.71307916,-73.99851193,296673
2019-12-09,40.72317958,-73.99480012,296673
2019-12-09,40.74173969,-73.99415556,296674
2019-12-09,40.73587678,-73.98205027,296674
2019-12-09,40.71307916,-73.99851193,296675
2019-12-09,40.70838,-74.00495,296675
2019-12-09,40.73172428,-74.00674436,296676
2019-12-09,40.72317958,-73.99480012,296676
2019-12-09,40.72953837,-73.98426726,296677
2019-12-09,40.73331967,-73.99510132,296677
2019-12-09,40.68506807308177,-73.97790759801863,296678
2019-12-09,40.68415748,-73.96922273,296678
2019-12-09,40.751551,-73.993934,296679
2019-12-09,40.74322681432173,-73.97449783980846,296679
2019-12-09,40.77748046,-73.98288594,296680
2019-12-09,40.777507027547976,-73.98888587951659,296680
2019-12-09,40.749156,-73.9916,296681
2019-12-09,40.7403432,-73.98955109,296681
2019-12-09,40.72743423,-73.99379025,296682
2019-12-09,40.72307749068673,-73.98583620786667,296682
2019-12-09,40.73269,-73.98974,296683
2019-12-09,40.73381219196632,-73.98054420948029,296683
2019-12-09,40.73454567,-73.99074142,296684
2019-12-09,40.722055,-73.989111,296684
2019-12-09,40.72494672359416,-74.00165855884552,296685
2019-12-09,40.72743423,-73.99379025,296685
2019-12-09,40.74345335,-74.00004031,296686
2019-12-09,40.74334935,-74.00681753,296686
2019-12-09,40.73587678,-73.98205027,296687
2019-12-09,40.72779126,-73.98564945,296687
2019-12-09,40.722103786686034,-73.99724900722504,296688
2019-12-09,40.70717936,-74.00887308,296688
2019-12-09,40.69327018,-73.97703874,296689
2019-12-09,40.68900443,-73.96023854,296689
2019-12-09,40.74487634,-73.99529885,296690
2019-12-09,40.74691959,-74.00451887,296690
2019-12-09,40.77579376683666,-73.9762057363987,296691
2019-12-09,40.78307,-73.95939,296691
2019-12-09,40.75513557,-73.98658032,296692
2019-12-09,40.74322681432173,-73.97449783980846,296692
2019-12-09,40.72917025,-73.99810231,296693
2019-12-09,40.78057799010334,-73.98562431335449,296693
2019-12-09,40.77149671054441,-73.99046033620834,296694
2019-12-09,40.76030096,-73.99884222,296694
2019-12-09,40.73454567,-73.99074142,296695
2019-12-09,40.72521311,-73.97768752,296695
2019-12-09,40.7172274,-73.98802084,296696
2019-12-09,40.72966729392978,-73.98067966103554,296696
2019-12-09,40.75929124,-73.98859651,296697
2019-12-09,40.76009437,-73.99461843,296697
2019-12-09,40.77163851,-73.98261428,296698
2019-12-09,40.76500525,-73.95818491,296698
2019-12-09,40.74322681432173,-73.97449783980846,296699
2019-12-09,40.7575699,-73.99098507,296699
2019-12-09,40.68926942,-73.98912867,296700
2019-12-09,40.6867443,-73.99063168,296700
2019-12-09,40.7647,-73.9240312,296701
2019-12-09,40.768692,-73.9249574,296701
2019-12-09,40.711512,-74.015756,296702
2019-12-09,40.71754834,-74.01322069,296702
2019-12-09,40.72494672359416,-74.00165855884552,296703
2019-12-09,40.72966729392978,-73.98067966103554,296703
2019-12-09,40.77966809007312,-73.98093044757842,296704
2019-12-09,40.77966809007312,-73.98093044757842,296704
2019-12-09,40.72317958,-73.99480012,296705
2019-12-09,40.724308321602166,-74.00473035871983,296705
2019-12-09,40.7505853470215,-73.9946848154068,296706
2019-12-09,40.7652654,-73.98192338,296706
2019-12-09,40.7801839724239,-73.97728532552719,296707
2019-12-09,40.77966809007312,-73.98093044757842,296707
2019-12-09,40.74734825,-73.99723551,296708
2019-12-09,40.73652889,-74.00618026,296708
2019-12-09,40.71427487,-73.98990025,296709
2019-12-09,40.71427487,-73.98990025,296709
2019-12-09,40.74394314,-73.97966069,296710
2019-12-09,40.759125,-73.962658,296710
2019-12-09,40.76341379,-73.99667444,296711
2019-12-09,40.75510267,-73.97498696,296711
2019-12-09,40.72019521437465,-74.0103006362915,296712
2019-12-09,40.71625008,-74.0091059,296712
2019-12-09,40.70140317257725,-73.98672670125961,296713
2019-12-09,40.69221589,-73.9842844,296713
2019-12-09,40.73381219196632,-73.98054420948029,296714
2019-12-09,40.73381219196632,-73.98054420948029,296714
2019-12-09,40.714211,-73.981095,296715
2019-12-09,40.72502876,-73.99069656,296715
2019-12-09,40.706237,-73.933871,296716
2019-12-09,40.69757,-73.93098,296716
2019-12-09,40.7724607,-73.9468208,296717
2019-12-09,40.7779453,-73.946041,296717
2019-12-09,40.6704922,-73.98541675,296718
2019-12-09,40.6751622,-73.9814832,296718
2019-12-09,40.72079821,-73.95484712,296719
2019-12-09,40.71413311,-73.95234386,296719
2019-12-09,40.73223272,-73.98889957,296720
2019-12-09,40.71044554,-73.96525063,296720
2019-12-09,40.71469,-73.95739,296721
2019-12-09,40.70924826276157,-73.96063148975372,296721
2019-12-09,40.7575699,-73.99098507,296722
2019-12-09,40.77149671054441,-73.99046033620834,296722
2019-12-09,40.77966809007312,-73.98093044757842,296723
2019-12-09,40.77966809007312,-73.98093044757842,296723
2019-12-09,40.74096374,-73.98602213,296724
2019-12-09,40.71605866,-73.99190759,296724
2019-12-09,40.74394314,-73.97966069,296725
2019-12-09,40.7475739589548,-73.9788007736206,296725
2019-12-09,40.7169811,-73.94485918,296726
2019-12-09,40.715143,-73.944507,296726
2019-12-09,40.74144387,-73.97536082,296727
2019-12-09,40.749156,-73.9916,296727
2019-12-09,40.73047747,-73.99906065,296728
2019-12-09,40.7390169121,-74.0026376103,296728
2019-12-09,40.69196566,-73.9813018,296729
2019-12-09,40.69795031569544,-73.97077560424805,296729
2019-12-09,40.74173969,-73.99415556,296730
2019-12-09,40.73781509,-73.99994661,296730
2019-12-09,40.7867947,-73.977112,296731
2019-12-09,40.7919557,-73.968087,296731
2019-12-09,40.74487634,-73.99529885,296732
2019-12-09,40.74334935,-74.00681753,296732
2019-12-09,40.666287,-73.98895053,296733
2019-12-09,40.6729679,-73.97087984,296733
2019-12-09,40.73454567,-73.99074142,296734
2019-12-09,40.72710258,-74.00297088,296734
2019-12-09,40.722055,-73.989111,296735
2019-12-09,40.73587678,-73.98205027,296735
2019-12-09,40.74394314,-73.97966069,296736
2019-12-09,40.759125,-73.962658,296736
2019-12-09,40.7016657,-73.9437303,296737
2019-12-09,40.71907891179564,-73.94223690032959,296737
2019-12-09,40.71335226222875,-73.9491033554077,296738
2019-12-09,40.7103685423523,-73.94705951213837,296738
2019-12-09,40.74708586,-73.94977234,296739
2019-12-09,40.745038,-73.957539,296739
2019-12-09,40.782593,-73.971211,296740
2019-12-09,40.795,-73.9645,296740
2019-12-09,40.73381219196632,-73.98054420948029,296741
2019-12-09,40.72951496224949,-73.99075269699097,296741
2019-12-09,40.76471851944339,-73.96222069859505,296742
2019-12-09,40.76500525,-73.95818491,296742
2019-12-09,40.722103786686034,-73.99724900722504,296743
2019-12-09,40.72453734,-73.98185424,296743
2019-12-09,40.75898481399634,-73.99379968643188,296744
2019-12-09,40.75500254,-73.98014437,296744
2019-12-09,40.72743423,-73.99379025,296745
2019-12-09,40.7208736,-73.98085795,296745
2019-12-09,40.70684203101325,-73.9544353965357,296746
2019-12-09,40.70767788,-73.94016171,296746
2019-12-09,40.68506807308177,-73.97790759801863,296747
2019-12-09,40.68753406,-73.97265183,296747
2019-12-09,40.711066,-74.009447,296748
2019-12-09,40.72743423,-73.99379025,296748
2019-12-09,40.6776147,-73.97324283,296749
2019-12-09,40.6703837,-73.97839676,296749
2019-12-09,40.72502876,-73.99069656,296750
2019-12-09,40.71117444,-73.99682619,296750
2019-12-09,40.73971301,-73.99456405,296751
2019-12-09,40.73935542,-73.99931783,296751
2019-12-09,40.751551,-73.993934,296752
2019-12-09,40.75660359,-73.9979009,296752
2019-12-09,40.76344058,-73.98268129,296753
2019-12-09,40.74765947,-73.98490707,296753
2019-12-09,40.7462009,-73.98855723,296754
2019-12-09,40.76019252,-73.9912551,296754
2019-12-09,40.7160751,-73.952029,296755
2019-12-09,40.715143,-73.944507,296755
2019-12-09,40.715143,-73.944507,296756
2019-12-09,40.72577,-73.94173,296756
2019-12-09,40.6630619,-73.9538746,296757
2019-12-09,40.6707767,-73.9576801,296757
2019-12-09,40.73827428,-73.98751968,296758
2019-12-09,40.72299208,-73.97995466,296758
2019-12-09,40.73020660529954,-73.99102628231049,296759
2019-12-09,40.74177603,-74.00149746,296759
2019-12-09,40.72299208,-73.97995466,296760
2019-12-09,40.71625008,-74.0091059,296760
2019-12-09,40.756913,-73.921631,296761
2019-12-09,40.7671,-73.9169858,296761
2019-12-09,40.76095756,-73.96724467,296762
2019-12-09,40.749156,-73.9916,296762
2019-12-09,40.6729679,-73.97087984,296763
2019-12-09,40.6716493,-73.9631145,296763
2019-12-09,40.763189,-73.978434,296764
2019-12-09,40.77573034,-73.9567526,296764
2019-12-09,40.718822,-73.99596,296765
2019-12-09,40.73020660529954,-73.99102628231049,296765
2019-12-09,40.746745,-74.007756,296766
2019-12-09,40.74238787,-73.99726235,296766
2019-12-09,40.74173969,-73.99415556,296767
2019-12-09,40.73704984,-73.99009296,296767
2019-12-09,40.7475739589548,-73.9788007736206,296768
2019-12-09,40.752269,-73.982079,296768
2019-12-09,40.6794388,-73.9680438,296769
2019-12-09,40.68764484,-73.96968902,296769
2019-12-09,40.72906,-73.95779,296770
2019-12-09,40.7190095,-73.95852515,296770
2019-12-09,40.7829391,-73.9786517,296771
2019-12-09,40.75455731,-73.96592976,296771
2019-12-09,40.74475148,-73.99915362,296772
2019-12-09,40.7568001,-73.98291153,296772
2019-12-09,40.71754834,-74.01322069,296773
2019-12-09,40.75640548,-73.9900262,296773
2019-12-09,40.71117416,-74.00016545,296774
2019-12-09,40.70955958,-74.00653609,296774
2019-12-09,40.746647,-73.993915,296775
2019-12-09,40.7454973,-74.00197139,296775
2019-12-09,40.68753406,-73.97265183,296776
2019-12-09,40.6917823,-73.9737299,296776
2019-12-09,40.68312489,-73.97895137,296777
2019-12-09,40.68199044270703,-73.99079024791718,296777
2019-12-09,40.70255088,-73.98940236,296778
2019-12-09,40.6787242,-73.99599099,296778
2019-12-09,40.7713615,-73.9246145,296779
2019-12-09,40.7675487799971,-73.9209334552288,296779
2019-12-09,40.72903917,-73.99404649,296780
2019-12-09,40.73624527,-73.98473765,296780
2019-12-09,40.74322681432173,-73.97449783980846,296781
2019-12-09,40.74901271,-73.98848395,296781
2019-12-09,40.72903917,-73.99404649,296782
2019-12-09,40.73047309,-73.98672378,296782
2019-12-09,40.72179134,-73.9504154,296783
2019-12-09,40.715143,-73.944507,296783
2019-12-09,40.746647,-73.993915,296784
2019-12-09,40.74173969,-73.99415556,296784
2019-12-09,40.73314259,-73.97573881,296785
2019-12-09,40.72951496224949,-73.99075269699097,296785
2019-12-09,40.746647,-73.993915,296786
2019-12-09,40.7451677,-73.98683077,296786
2019-12-09,40.73944820130404,-74.00507032871246,296787
2019-12-09,40.734814,-73.992085,296787
2019-12-09,40.75797322,-73.96603308,296788
2019-12-09,40.768692,-73.9249574,296788
2019-12-09,40.72243797,-74.00566443,296789
2019-12-09,40.72066442,-73.98517977,296789
2019-12-09,40.735367055605394,-73.98797392845154,296790
2019-12-09,40.71850211,-73.98329859,296790
2019-12-09,40.71260486,-73.96264403,296791
2019-12-09,40.69544,-73.93223,296791
2019-12-09,40.746745,-74.007756,296792
2019-12-09,40.74238787,-73.99726235,296792
2019-12-09,40.735367055605394,-73.98797392845154,296793
2019-12-09,40.71850211,-73.98329859,296793
2019-12-09,40.72405549,-74.00965965,296794
2019-12-09,40.71870987,-74.0090009,296794
2019-12-09,40.72706363348306,-73.99662137031554,296795
2019-12-09,40.72217444,-73.98368779,296795
2019-12-09,40.74286877312112,-73.98918628692627,296796
2019-12-09,40.73454567,-73.99074142,296796
2019-12-09,40.75466591,-73.99138152,296797
2019-12-09,40.75660359,-73.9979009,296797
2019-12-09,40.7462009,-73.98855723,296798
2019-12-09,40.730563,-73.973984,296798
2019-12-09,40.7390169121,-74.0026376103,296799
2019-12-09,40.74734825,-73.99723551,296799
2019-12-09,40.7687620293096,-73.95840793848038,296800
2019-12-09,40.77140426,-73.9535166,296800
2019-12-09,40.73381219196632,-73.98054420948029,296801
2019-12-09,40.7489006,-73.97604882,296801
2019-12-09,40.69539817,-73.94954908,296802
2019-12-09,40.69363137,-73.96223558,296802
2019-12-09,40.694281141397326,-73.99230033159256,296803
2019-12-09,40.6867443,-73.99063168,296803
2019-12-09,40.68415748,-73.96922273,296804
2019-12-09,40.680944723477296,-73.97567331790923,296804
2019-12-09,40.72953837,-73.98426726,296805
2019-12-09,40.73454567,-73.99074142,296805
2019-12-09,40.75513557,-73.98658032,296806
2019-12-09,40.7668,-73.9347774,296806
2019-12-09,40.705614,-73.92153,296807
2019-12-09,40.69905,-73.91516,296807
2019-12-09,40.7527085,-73.9397405,296808
2019-12-09,40.75651272984955,-73.92957486212252,296808
2019-12-09,40.74734825,-73.99723551,296809
2019-12-09,40.751873,-73.977706,296809
2019-12-09,40.71625008,-74.0091059,296810
2019-12-09,40.71307916,-73.99851193,296810
2019-12-09,40.75097711,-73.98765428,296811
2019-12-09,40.72746420692392,-73.97950418293476,296811
2019-12-09,40.702461,-73.986842,296812
2019-12-09,40.68506807308177,-73.97790759801863,296812
2019-12-09,40.69055,-73.91181,296813
2019-12-09,40.69811,-73.90904,296813
2019-12-09,40.711066,-74.009447,296814
2019-12-09,40.711512,-74.015756,296814
2019-12-09,40.72953837,-73.98426726,296815
2019-12-09,40.72229346,-73.99147535,296815
2019-12-09,40.72966729392978,-73.98067966103554,296816
2019-12-09,40.72229346,-73.99147535,296816
2019-12-09,40.72325,-73.94308,296817
2019-12-09,40.71907891179564,-73.94223690032959,296817
2019-12-09,40.73454567,-73.99074142,296818
2019-12-09,40.73038599,-74.00214988,296818
2019-12-09,40.72243797,-74.00566443,296819
2019-12-09,40.71850211,-73.98329859,296819
2019-12-09,40.72521311,-73.97768752,296820
2019-12-09,40.72453734,-73.98185424,296820
2019-12-09,40.75594159,-74.0021163,296821
2019-12-09,40.751551,-73.993934,296821
2019-12-09,40.717571,-74.005549,296822
2019-12-09,40.71427487,-73.98990025,296822
2019-12-09,40.722103786686034,-73.99724900722504,296823
2019-12-09,40.72951496224949,-73.99075269699097,296823
2019-12-09,40.75724567911726,-73.97805914282799,296824
2019-12-09,40.76019252,-73.9912551,296824
2019-12-09,40.74394314,-73.97966069,296825
2019-12-09,40.71269042,-73.98776323,296825
2019-12-09,40.73555,-73.95284,296826
2019-12-09,40.74232744,-73.95411749,296826
2019-12-09,40.7801839724239,-73.97728532552719,296827
2019-12-09,40.7829391,-73.9786517,296827
2019-12-09,40.74096374,-73.98602213,296828
2019-12-09,40.74394314,-73.97966069,296828
2019-12-09,40.73047747,-73.99906065,296829
2019-12-09,40.73020660529954,-73.99102628231049,296829
2019-12-09,40.76019252,-73.9912551,296830
2019-12-09,40.73381219196632,-73.98054420948029,296830
2019-12-09,40.715143,-73.944507,296831
2019-12-09,40.71929301,-73.94500379,296831
2019-12-09,40.759125,-73.962658,296832
2019-12-09,40.73181401720966,-73.95995020866394,296832
2019-12-09,40.7149787,-74.013012,296833
2019-12-09,40.711066,-74.009447,296833
2019-12-09,40.74096374,-73.98602213,296834
2019-12-09,40.73143724085228,-73.99490341544151,296834
2019-12-09,40.72019576,-73.98997825,296835
2019-12-09,40.73935542,-73.99931783,296835
2019-12-09,40.8143256,-73.9590255,296836
2019-12-09,40.8125511,-73.9492286,296836
2019-12-09,40.73291553,-74.00711384,296837
2019-12-09,40.71602118,-73.99974372,296837
2019-12-09,40.77477944895728,-73.95427465438843,296838
2019-12-09,40.75797322,-73.96603308,296838
2019-12-09,40.74395411,-73.99144871,296839
2019-12-09,40.7489006,-73.97604882,296839
2019-12-09,40.71559509,-73.9870295,296840
2019-12-09,40.71173107,-73.99193043,296840
2019-12-09,40.722103786686034,-73.99724900722504,296841
2019-12-09,40.71605866,-73.99190759,296841
2019-12-09,40.711512,-74.015756,296842
2019-12-09,40.70255065,-74.0127234,296842
2019-12-09,40.71605866,-73.99190759,296843
2019-12-09,40.722055,-73.989111,296843
2019-12-09,40.711066,-74.009447,296844
2019-12-09,40.71173107,-73.99193043,296844
2019-12-09,40.76068327096592,-73.9845272898674,296845
2019-12-09,40.71117416,-74.00016545,296845
2019-12-09,40.71893904,-73.99266288,296846
2019-12-09,40.714211,-73.981095,296846
2019-12-09,40.680944723477296,-73.97567331790923,296847
2019-12-09,40.6686273,-73.98700053,296847
2019-12-09,40.74708586,-73.94977234,296848
2019-12-09,40.74232744,-73.95411749,296848
2019-12-09,40.73143724085228,-73.99490341544151,296849
2019-12-09,40.73223272,-73.98889957,296849
2019-12-09,40.73532427,-73.99800419,296850
2019-12-09,40.73223272,-73.98889957,296850
2019-12-09,40.77515953434235,-73.98918695747852,296851
2019-12-09,40.77515953434235,-73.98918695747852,296851
2019-12-09,40.752165280621966,-73.97992193698882,296852
2019-12-09,40.73587678,-73.98205027,296852
2019-12-09,40.77515953434235,-73.98918695747852,296853
2019-12-09,40.77966809007312,-73.98093044757842,296853
2019-12-09,40.75299641,-73.98721619,296854
2019-12-09,40.74964,-73.98805,296854
2019-12-09,40.69236178,-73.98631746,296855
2019-12-09,40.6802133,-73.98432695,296855
2019-12-09,40.74173969,-73.99415556,296856
2019-12-09,40.74286877312112,-73.98918628692627,296856
2019-12-09,40.75172632,-73.98753523,296857
2019-12-09,40.74322681432173,-73.97449783980846,296857
2019-12-09,40.71413311,-73.95234386,296858
2019-12-09,40.694546087246025,-73.95801365375519,296858
2019-12-09,40.7973721,-73.97041192,296859
2019-12-09,40.7937704,-73.971888,296859
2019-12-09,40.76873687,-73.96119945,296860
2019-12-09,40.75797322,-73.96603308,296860
2019-12-09,40.72779126,-73.98564945,296861
2019-12-09,40.73587678,-73.98205027,296861
2019-12-09,40.75323098,-73.97032517,296862
2019-12-09,40.76009437,-73.99461843,296862
2019-12-09,40.72951496224949,-73.99075269699097,296863
2019-12-09,40.734814,-73.992085,296863
2019-12-09,40.69236178,-73.98631746,296864
2019-12-09,40.68199044270703,-73.99079024791718,296864
2019-12-09,40.749156,-73.9916,296865
2019-12-09,40.74937024193277,-73.99923384189606,296865
2019-12-09,40.735238,-74.000271,296866
2019-12-09,40.722055,-73.989111,296866
2019-12-09,40.77966809007312,-73.98093044757842,296867
2019-12-09,40.76915505,-73.98191841,296867
2019-12-09,40.713126,-73.984844,296868
2019-12-09,40.73535398,-74.00483091,296868
2019-12-09,40.73912601,-73.97973776,296869
2019-12-09,40.73020660529954,-73.99102628231049,296869
2019-12-09,40.74322681432173,-73.97449783980846,296870
2019-12-09,40.78720869,-73.98128127,296870
2019-12-09,40.7806284,-73.9521667,296871
2019-12-09,40.7934337,-73.94945003,296871
2019-12-09,40.72179134,-73.9504154,296872
2019-12-09,40.711863,-73.944024,296872
2019-12-09,40.68488,-73.96304,296873
2019-12-09,40.676368,-73.952918,296873
2019-12-09,40.76915505,-73.98191841,296874
2019-12-09,40.77149671054441,-73.99046033620834,296874
2019-12-09,40.746745,-74.007756,296875
2019-12-09,40.73935542,-73.99931783,296875
2019-12-09,40.77801203,-73.95407149,296876
2019-12-09,40.71850211,-73.98329859,296876
2019-12-09,40.77801203,-73.95407149,296877
2019-12-09,40.805159,-73.954692,296877
2019-12-09,40.71273266,-74.0046073,296878
2019-12-09,40.70530954,-74.00612572,296878
2019-12-09,40.71816969454208,-73.95520135760307,296879
2019-12-09,40.724812564400175,-73.94752621650696,296879
2019-12-09,40.71534825,-73.96024116,296880
2019-12-09,40.71907891179564,-73.94223690032959,296880
2019-12-09,40.74275382865903,-74.00747358798981,296881
2019-12-09,40.7277140777778,-74.01129573583603,296881
2019-12-09,40.73912601,-73.97973776,296882
2019-12-09,40.739445,-73.976806,296882
2019-12-09,40.751551,-73.993934,296883
2019-12-09,40.744219,-73.97121214,296883
2019-12-09,40.69622937,-73.94371094,296884
2019-12-09,40.69757,-73.93098,296884
2019-12-09,40.72453734,-73.98185424,296885
2019-12-09,40.720747,-73.986274,296885
2019-12-09,40.7779453,-73.946041,296886
2019-12-09,40.76663814,-73.95348296,296886
2019-12-09,40.74286877312112,-73.98918628692627,296887
2019-12-09,40.73291553,-74.00711384,296887
2019-12-09,40.75898481399634,-73.99379968643188,296888
2019-12-09,40.75898481399634,-73.99379968643188,296888
2019-12-09,40.74734825,-73.99723551,296889
2019-12-09,40.7457121,-73.98194829,296889
2019-12-09,40.6763744,-74.00324957,296890
2019-12-09,40.679043,-74.011169,296890
2019-12-09,40.77314236,-73.95856158,296891
2019-12-09,40.77140426,-73.9535166,296891
2019-12-09,40.7675487799971,-73.9209334552288,296892
2019-12-09,40.7658346,-73.9265474,296892
2019-12-09,40.75066386,-74.00176802,296893
2019-12-09,40.73454567,-73.99074142,296893
2019-12-09,40.75929124,-73.98859651,296894
2019-12-09,40.76727216,-73.99392888,296894
2019-12-09,40.7262807,-73.98978041,296895
2019-12-09,40.73454567,-73.99074142,296895
2019-12-09,40.7403432,-73.98955109,296896
2019-12-09,40.74780373,-73.9734419,296896
2019-12-09,40.715143,-73.944507,296897
2019-12-09,40.71907891179564,-73.94223690032959,296897
2019-12-09,40.73314259,-73.97573881,296898
2019-12-09,40.74322681432173,-73.97449783980846,296898
2019-12-09,40.73226398,-73.99852205,296899
2019-12-09,40.72746420692392,-73.97950418293476,296899
2019-12-09,40.671907,-73.993612,296900
2019-12-09,40.6751622,-73.9814832,296900
2019-12-09,40.763189,-73.978434,296901
2019-12-09,40.72740794,-73.98142006,296901
2019-12-09,40.74734825,-73.99723551,296902
2019-12-09,40.74286877312112,-73.98918628692627,296902
2019-12-09,40.768254,-73.988639,296903
2019-12-09,40.754120810779256,-73.98025184869766,296903
2019-12-09,40.7451677,-73.98683077,296904
2019-12-09,40.751396,-74.005226,296904
2019-12-09,40.73223272,-73.98889957,296905
2019-12-09,40.7158155,-73.99422366,296905
2019-12-09,40.7361967,-74.00859207,296906
2019-12-09,40.7361967,-74.00859207,296906
2019-12-09,40.71273266,-74.0046073,296907
2019-12-09,40.710451,-73.960876,296907
2019-12-09,40.71602118,-73.99974372,296908
2019-12-09,40.728846,-74.008591,296908
2019-12-09,40.751581,-73.97791,296909
2019-12-09,40.73047309,-73.98672378,296909
2019-12-09,40.76009437,-73.99461843,296910
2019-12-09,40.76370739,-73.9851615,296910
2019-12-09,40.72317958,-73.99480012,296911
2019-12-09,40.722103786686034,-73.99724900722504,296911
2019-12-09,40.76370739,-73.9851615,296912
2019-12-09,40.75097711,-73.98765428,296912
2019-12-09,40.81,-73.9551508,296913
2019-12-09,40.804038,-73.945925,296913
2019-12-09,40.71450451,-74.00562789,296914
2019-12-09,40.70955958,-74.00653609,296914
2019-12-09,40.74444921,-73.98303529,296915
2019-12-09,40.73381219196632,-73.98054420948029,296915
2019-12-09,40.7727966,-73.95577801,296916
2019-12-09,40.77314236,-73.95856158,296916
2019-12-09,40.6902375,-73.99203074,296917
2019-12-09,40.6783563,-74.00014502,296917
2019-12-09,40.73454567,-73.99074142,296918
2019-12-09,40.72740794,-73.98142006,296918
2019-12-09,40.804213,-73.96699104,296919
2019-12-09,40.8067581,-73.9607082,296919
2019-12-09,40.75660359,-73.9979009,296920
2019-12-09,40.76269882,-73.99301222,296920
2019-12-09,40.76009437,-73.99461843,296921
2019-12-09,40.76019252,-73.9912551,296921
2019-12-09,40.746745,-74.007756,296922
2019-12-09,40.74177603,-74.00149746,296922
2019-12-09,40.71413089,-73.9970468,296923
2019-12-09,40.72082834,-73.97793172,296923
2019-12-09,40.72307749068673,-73.98583620786667,296924
2019-12-09,40.7381765,-73.97738662,296924
2019-12-09,40.73935542,-73.99931783,296925
2019-12-09,40.7381765,-73.97738662,296925
2019-12-09,40.71413089,-73.9970468,296926
2019-12-09,40.69580705,-73.97355569,296926
2019-12-09,40.6707767,-73.9576801,296927
2019-12-09,40.6767,-73.969024,296927
2019-12-09,40.73912601,-73.97973776,296928
2019-12-09,40.72082834,-73.97793172,296928
2019-12-09,40.7361967,-74.00859207,296929
2019-12-09,40.74487634,-73.99529885,296929
2019-12-09,40.7612274,-73.96094022,296930
2019-12-09,40.76500525,-73.95818491,296930
2019-12-09,40.7158155,-73.99422366,296931
2019-12-09,40.70140317257725,-73.98672670125961,296931
2019-12-09,40.73047309,-73.98672378,296932
2019-12-09,40.72082834,-73.97793172,296932
2019-12-09,40.75019995,-73.99093085,296933
2019-12-09,40.71850211,-73.98329859,296933
2019-12-09,40.713126,-73.984844,296934
2019-12-09,40.72405549,-74.00965965,296934
2019-12-09,40.71413311,-73.95234386,296935
2019-12-09,40.71929301,-73.94500379,296935
2019-12-09,40.77748046,-73.98288594,296936
2019-12-09,40.76873687,-73.96119945,296936
2019-12-09,40.6853761,-73.98302136,296937
2019-12-09,40.69165183,-73.9999786,296937
2019-12-09,40.73143724085228,-73.99490341544151,296938
2019-12-09,40.72502876,-73.99069656,296938
2019-12-09,40.7546011026,-73.971878855,296939
2019-12-09,40.73912601,-73.97973776,296939
2019-12-09,40.73038599,-74.00214988,296940
2019-12-09,40.73381219196632,-73.98054420948029,296940
2019-12-09,40.75097711,-73.98765428,296941
2019-12-09,40.74964,-73.98805,296941
2019-12-09,40.748,-73.9460927,296942
2019-12-09,40.73555,-73.95284,296942
2019-12-09,40.7403432,-73.98955109,296943
2019-12-09,40.73314259,-73.97573881,296943
2019-12-09,40.72706363348306,-73.99662137031554,296944
2019-12-09,40.69474881,-73.98362464,296944
2019-12-09,40.72903917,-73.99404649,296945
2019-12-09,40.73291553,-74.00711384,296945
2019-12-09,40.72743423,-73.99379025,296946
2019-12-09,40.73331967,-73.99510132,296946
2019-12-09,40.71494807,-74.00234482,296947
2019-12-09,40.71117416,-74.00016545,296947
2019-12-09,40.76227205,-73.98788205,296948
2019-12-09,40.76019252,-73.9912551,296948
2019-12-09,40.81,-73.9551508,296949
2019-12-09,40.8086249,-73.9596214,296949
2019-12-09,40.722055,-73.989111,296950
2019-12-09,40.72082834,-73.97793172,296950
2019-12-09,40.70463,-74.01507,296951
2019-12-09,40.69760127,-73.99344559,296951
2019-12-09,40.75038009,-73.98338988,296952
2019-12-09,40.73944820130404,-74.00507032871246,296952
2019-12-09,40.69757,-73.93098,296953
2019-12-09,40.70029511,-73.95032283,296953
2019-12-09,40.8045555,-73.9396861,296954
2019-12-09,40.80295,-73.942954,296954
2019-12-09,40.72307749068673,-73.98583620786667,296955
2019-12-09,40.736502,-73.97809472,296955
2019-12-09,40.75660359,-73.9979009,296956
2019-12-09,40.751873,-73.977706,296956
2019-12-09,40.71605866,-73.99190759,296957
2019-12-09,40.73224119,-74.00026394,296957
2019-12-09,40.6809741,-73.9710097,296958
2019-12-09,40.6881529,-73.99520919,296958
2019-12-09,40.75038009,-73.98338988,296959
2019-12-09,40.73944820130404,-74.00507032871246,296959
2019-12-09,40.71427487,-73.98990025,296960
2019-12-09,40.722103786686034,-73.99724900722504,296960
2019-12-09,40.68506807308177,-73.97790759801863,296961
2019-12-09,40.69363137,-73.96223558,296961
2019-12-09,40.728846,-74.008591,296962
2019-12-09,40.73935542,-73.99931783,296962
2019-12-09,40.73224119,-74.00026394,296963
2019-12-09,40.72621788,-73.98379855,296963
2019-12-09,40.74286877312112,-73.98918628692627,296964
2019-12-09,40.73704984,-73.99009296,296964
2019-12-09,40.76344058,-73.98268129,296965
2019-12-09,40.763189,-73.978434,296965
2019-12-09,40.7103685423523,-73.94705951213837,296966
2019-12-09,40.715353,-73.93856,296966
2019-12-09,40.713126,-73.984844,296967
2019-12-09,40.72779126,-73.98564945,296967
2019-12-09,40.791976,-73.945993,296968
2019-12-09,40.7869946,-73.94164802,296968
2019-12-09,40.71019,-73.93734,296969
2019-12-09,40.72746420692392,-73.97950418293476,296969
2019-12-09,40.70934,-73.95608,296970
2019-12-09,40.680944723477296,-73.97567331790923,296970
2019-12-09,40.7647,-73.9240312,296971
2019-12-09,40.763154,-73.920827,296971
2019-12-09,40.678045,-73.962408,296972
2019-12-09,40.6776147,-73.97324283,296972
2019-12-09,40.76360467795863,-73.98917958140373,296973
2019-12-09,40.76360467795863,-73.98917958140373,296973
2019-12-09,40.74232744,-73.95411749,296974
2019-12-09,40.74336608027021,-73.95960688591003,296974
2019-12-09,40.6772744,-73.98282002,296975
2019-12-09,40.68382604,-73.97632328,296975
2019-12-09,40.71748752,-74.0104554,296976
2019-12-09,40.720747,-73.986274,296976
2019-12-09,40.6740886,-73.9787282,296977
2019-12-09,40.6686273,-73.98700053,296977
2019-12-09,40.77118287540658,-73.96409422159195,296978
2019-12-09,40.7781314,-73.96069399,296978
2019-12-09,40.74286877312112,-73.98918628692627,296979
2019-12-09,40.74487634,-73.99529885,296979
2019-12-09,40.705614,-73.92153,296980
2019-12-09,40.7098,-73.91727,296980
2019-12-09,40.77140426,-73.9535166,296981
2019-12-09,40.809725,-73.953149,296981
2019-12-09,40.735238,-74.000271,296982
2019-12-09,40.74444921,-73.98303529,296982
2019-12-09,40.752269,-73.982079,296983
2019-12-09,40.75022392,-73.97121414,296983
2019-12-09,40.71816969454208,-73.95520135760307,296984
2019-12-09,40.71915571696044,-73.94885390996933,296984
2019-12-09,40.76915505,-73.98191841,296985
2019-12-09,40.76727216,-73.99392888,296985
2019-12-09,40.711066,-74.009447,296986
2019-12-09,40.711512,-74.015756,296986
2019-12-09,40.72229346,-73.99147535,296987
2019-12-09,40.72307749068673,-73.98583620786667,296987
2019-12-09,40.76227205,-73.98788205,296988
2019-12-09,40.74394314,-73.97966069,296988
2019-12-09,40.75066386,-74.00176802,296989
2019-12-09,40.7505853470215,-73.9946848154068,296989
2019-12-09,40.79329668,-73.9432083,296990
2019-12-09,40.787801,-73.953559,296990
2019-12-09,40.7643971,-73.97371465,296991
2019-12-09,40.76269882,-73.99301222,296991
2019-12-09,40.6829151,-73.99318208,296992
2019-12-09,40.6828003,-73.99990419,296992
2019-12-09,40.73020660529954,-73.99102628231049,296993
2019-12-09,40.72746420692392,-73.97950418293476,296993
2019-12-09,40.75325964,-73.94335788,296994
2019-12-09,40.770845,-73.934171,296994
2019-12-09,40.7835016,-73.955327,296995
2019-12-09,40.751873,-73.977706,296995
2019-12-09,40.69539817,-73.94954908,296996
2019-12-09,40.698617,-73.941342,296996
2019-12-09,40.76269882,-73.99301222,296997
2019-12-09,40.75714758,-73.97207836,296997
2019-12-09,40.720747,-73.986274,296998
2019-12-09,40.76030096,-73.99884222,296998
2019-12-09,40.73454567,-73.99074142,296999
2019-12-09,40.739323,-74.008119,296999
2019-12-09,40.71427487,-73.98990025,297000
2019-12-09,40.71076228,-73.99400398,297000
2019-12-09,40.751396,-74.005226,297001
2019-12-09,40.74286877312112,-73.98918628692627,297001
2019-12-09,40.722103786686034,-73.99724900722504,297002
2019-12-09,40.72746420692392,-73.97950418293476,297002
2019-12-09,40.77518615,-73.94446054,297003
2019-12-09,40.77801203,-73.95407149,297003
2019-12-09,40.7961535,-73.94782145,297004
2019-12-09,40.7954121,-73.9441232,297004
2019-12-09,40.72307749068673,-73.98583620786667,297005
2019-12-09,40.71559509,-73.9870295,297005
2019-12-09,40.70924826276157,-73.96063148975372,297006
2019-12-09,40.70924826276157,-73.96063148975372,297006
2019-12-09,40.76360467795863,-73.98917958140373,297007
2019-12-09,40.76019252,-73.9912551,297007
2019-12-09,40.73704984,-73.99009296,297008
2019-12-09,40.746745,-74.007756,297008
2019-12-09,40.751047,-73.93797,297009
2019-12-09,40.76408932350688,-73.91065120697021,297009
2019-12-09,40.73020660529954,-73.99102628231049,297010
2019-12-09,40.72453734,-73.98185424,297010
2019-12-09,40.751873,-73.977706,297011
2019-12-09,40.74780373,-73.9734419,297011
2019-12-09,40.7580583,-73.9242751,297012
2019-12-09,40.7671,-73.9169858,297012
2019-12-09,40.741459,-73.983293,297013
2019-12-09,40.73221853,-73.98165557,297013
2019-12-09,40.70924826276157,-73.96063148975372,297014
2019-12-09,40.69573398,-73.97129668,297014
2019-12-09,40.73704984,-73.99009296,297015
2019-12-09,40.73047309,-73.98672378,297015
2019-12-09,40.73781509,-73.99994661,297016
2019-12-09,40.735238,-74.000271,297016
2019-12-09,40.7973721,-73.97041192,297017
2019-12-09,40.7867947,-73.977112,297017
2019-12-09,40.72951496224949,-73.99075269699097,297018
2019-12-09,40.73314259,-73.97573881,297018
2019-12-09,40.735367055605394,-73.98797392845154,297019
2019-12-09,40.73587678,-73.98205027,297019
2019-12-09,40.809725,-73.953149,297020
2019-12-09,40.804038,-73.945925,297020
2019-12-09,40.71754834,-74.01322069,297021
2019-12-09,40.746745,-74.007756,297021
2019-12-09,40.73704984,-73.99009296,297022
2019-12-09,40.735238,-74.000271,297022
2019-12-09,40.74173969,-73.99415556,297023
2019-12-09,40.73935542,-73.99931783,297023
2019-12-09,40.75097711,-73.98765428,297024
2019-12-09,40.74173969,-73.99415556,297024
2019-12-09,40.711066,-74.009447,297025
2019-12-09,40.70955958,-74.00653609,297025
2019-12-09,40.76500525,-73.95818491,297026
2019-12-09,40.7689738,-73.95482273,297026
2019-12-09,40.7934337,-73.94945003,297027
2019-12-09,40.7987859,-73.9523,297027
2019-12-09,40.736502,-73.97809472,297028
2019-12-09,40.72299208,-73.97995466,297028
2019-12-09,40.78524672,-73.97667321,297029
2019-12-09,40.76590936,-73.97634151,297029
2019-12-09,40.70108,-73.9179,297030
2019-12-09,40.699304,-73.923044,297030
2019-12-09,40.74290902,-73.97706058,297031
2019-12-09,40.72966729392978,-73.98067966103554,297031
2019-12-09,40.74901271,-73.98848395,297032
2019-12-09,40.751396,-74.005226,297032
2019-12-09,40.73381219196632,-73.98054420948029,297033
2019-12-09,40.73221853,-73.98165557,297033
2019-12-09,40.73226398,-73.99852205,297034
2019-12-09,40.73226398,-73.99852205,297034
2019-12-09,40.71534825,-73.96024116,297035
2019-12-09,40.70684203101325,-73.9544353965357,297035
2019-12-09,40.72019576,-73.98997825,297036
2019-12-09,40.73047747,-73.99906065,297036
2019-12-09,40.8045555,-73.9396861,297037
2019-12-09,40.8025566,-73.9490782,297037
2019-12-09,40.71450451,-74.00562789,297038
2019-12-09,40.71850211,-73.98329859,297038
2019-12-09,40.789622,-73.97757,297039
2019-12-09,40.76873687,-73.96119945,297039
2019-12-09,40.75466591,-73.99138152,297040
2019-12-09,40.76360467795863,-73.98917958140373,297040
2019-12-09,40.7381765,-73.97738662,297041
2019-12-09,40.74901271,-73.98848395,297041
2019-12-09,40.72743423,-73.99379025,297042
2019-12-09,40.7262807,-73.98978041,297042
2019-12-09,40.7770575,-73.97898475,297043
2019-12-09,40.78499979,-73.97283406,297043
2019-12-09,40.8025566,-73.9490782,297044
2019-12-09,40.8005385,-73.9419949,297044
2019-12-09,40.7747878,-73.9125551,297045
2019-12-09,40.7729,-73.916142,297045
2019-12-09,40.734814,-73.992085,297046
2019-12-09,40.739323,-74.008119,297046
2019-12-09,40.751873,-73.977706,297047
2019-12-09,40.73314259,-73.97573881,297047
2019-12-09,40.7921,-73.9739,297048
2019-12-09,40.7981856,-73.9605909006,297048
2019-12-09,40.6809833854,-73.9500479759,297049
2019-12-09,40.68402,-73.94977,297049
2019-12-09,40.7208736,-73.98085795,297050
2019-12-09,40.72966729392978,-73.98067966103554,297050
2019-12-09,40.746647,-73.993915,297051
2019-12-09,40.73454567,-73.99074142,297051
2019-12-09,40.74177603,-74.00149746,297052
2019-12-09,40.738046142482766,-73.99642959237099,297052
2019-12-09,40.74286877312112,-73.98918628692627,297053
2019-12-09,40.768254,-73.988639,297053
2019-12-09,40.7667405590595,-73.9790689945221,297054
2019-12-09,40.75640548,-73.9900262,297054
2019-12-09,40.7954121,-73.9441232,297055
2019-12-09,40.8013066,-73.9398167,297055
2019-12-09,40.75500254,-73.98014437,297056
2019-12-09,40.7801839724239,-73.97728532552719,297056
2019-12-09,40.75038009,-73.98338988,297057
2019-12-09,40.72621788,-73.98379855,297057
2019-12-09,40.73232194,-73.9550858,297058
2019-12-09,40.73564,-73.95866,297058
2019-12-09,40.69811,-73.90904,297059
2019-12-09,40.69055,-73.91181,297059
2019-12-09,40.68763155,-74.0016256,297060
2019-12-09,40.6867443,-73.99063168,297060
2019-12-09,40.73226398,-73.99852205,297061
2019-12-09,40.73143724085228,-73.99490341544151,297061
2019-12-09,40.72966729392978,-73.98067966103554,297062
2019-12-09,40.71427487,-73.98990025,297062
2019-12-09,40.75797322,-73.96603308,297063
2019-12-09,40.755293,-73.967641,297063
2019-12-09,40.739323,-74.008119,297064
2019-12-09,40.7277140777778,-74.01129573583603,297064
2019-12-09,40.77282817,-73.96685276,297065
2019-12-09,40.7568001,-73.98291153,297065
2019-12-09,40.754691750226016,-73.99740189313889,297066
2019-12-09,40.73624527,-73.98473765,297066
2019-12-09,40.7475739589548,-73.9788007736206,297067
2019-12-09,40.73047309,-73.98672378,297067
2019-12-09,40.69580705,-73.97355569,297068
2019-12-09,40.7158155,-73.99422366,297068
2019-12-09,40.71745169,-73.95850939,297069
2019-12-09,40.72036775298455,-73.96165072917938,297069
2019-12-09,40.77163851,-73.98261428,297070
2019-12-09,40.76344058,-73.98268129,297070
2019-12-09,40.7859201,-73.94860294,297071
2019-12-09,40.795508,-73.941606,297071
2019-12-09,40.74317449,-74.00366443,297072
2019-12-09,40.70706456,-74.00731853,297072
2019-12-09,40.7489006,-73.97604882,297073
2019-12-09,40.75714758,-73.97207836,297073
2019-12-09,40.74173969,-73.99415556,297074
2019-12-09,40.72019576,-73.98997825,297074
2019-12-09,40.751047,-73.93797,297075
2019-12-09,40.6823687,-73.944118,297075
2019-12-09,40.69535693320225,-73.99344027042389,297076
2019-12-09,40.668127,-73.98377641,297076
2019-12-09,40.7839636,-73.9471673,297077
2019-12-09,40.7862586,-73.94552579,297077
2019-12-09,40.7568001,-73.98291153,297078
2019-12-09,40.76019252,-73.9912551,297078
2019-12-09,40.7403432,-73.98955109,297079
2019-12-09,40.73912601,-73.97973776,297079
2019-12-09,40.7462009,-73.98855723,297080
2019-12-09,40.74395411,-73.99144871,297080
2019-12-09,40.7691572,-73.96703464,297081
2019-12-09,40.8008363,-73.9664492472,297081
2019-12-09,40.71413089,-73.9970468,297082
2019-12-09,40.72710258,-74.00297088,297082
2019-12-09,40.72502876,-73.99069656,297083
2019-12-09,40.73331967,-73.99510132,297083
2019-12-09,40.6686744,-73.9618148,297084
2019-12-09,40.68676793,-73.95928168,297084
2019-12-09,40.73971301,-73.99456405,297085
2019-12-09,40.73291553,-74.00711384,297085
2019-12-09,40.7675487799971,-73.9209334552288,297086
2019-12-09,40.7739825,-73.9309134,297086
2019-12-09,40.76360467795863,-73.98917958140373,297087
2019-12-09,40.76370739,-73.9851615,297087
2019-12-09,40.75510267,-73.97498696,297088
2019-12-09,40.76030096,-73.99884222,297088
2019-12-09,40.7987859,-73.9523,297089
2019-12-09,40.799484,-73.955613,297089
2019-12-09,40.75797322,-73.96603308,297090
2019-12-09,40.7612274,-73.96094022,297090
2019-12-09,40.73020660529954,-73.99102628231049,297091
2019-12-09,40.73454567,-73.99074142,297091
2019-12-09,40.73221853,-73.98165557,297092
2019-12-09,40.7691572,-73.96703464,297092
2019-12-09,40.73781509,-73.99994661,297093
2019-12-09,40.73221853,-73.98165557,297093
2019-12-09,40.71269042,-73.98776323,297094
2019-12-09,40.70862144,-74.00722156,297094
2019-12-09,40.75455731,-73.96592976,297095
2019-12-09,40.76095756,-73.96724467,297095
2019-12-09,40.74096374,-73.98602213,297096
2019-12-09,40.72299208,-73.97995466,297096
2019-12-09,40.75640548,-73.9900262,297097
2019-12-09,40.75992262,-73.97648516,297097
2019-12-09,40.73535398,-74.00483091,297098
2019-12-09,40.73652889,-74.00618026,297098
2019-12-09,40.751551,-73.993934,297099
2019-12-09,40.7462009,-73.98855723,297099
2019-12-09,40.74937024193277,-73.99923384189606,297100
2019-12-09,40.76727216,-73.99392888,297100
2019-12-09,40.76915505,-73.98191841,297101
2019-12-09,40.77966809007312,-73.98093044757842,297101
2019-12-09,40.746647,-73.993915,297102
2019-12-09,40.74334935,-74.00681753,297102
2019-12-09,40.72521311,-73.97768752,297103
2019-12-09,40.72521311,-73.97768752,297103
2019-12-09,40.678045,-73.962408,297104
2019-12-09,40.6741806,-73.9564947,297104
2019-12-09,40.73781509,-73.99994661,297105
2019-12-09,40.728846,-74.008591,297105
2019-12-09,40.69236178,-73.98631746,297106
2019-12-09,40.6851443,-73.95380904,297106
2019-12-09,40.7643971,-73.97371465,297107
2019-12-09,40.76019252,-73.9912551,297107
2019-12-09,40.72229346,-73.99147535,297108
2019-12-09,40.73704984,-73.99009296,297108
2019-12-09,40.74734825,-73.99723551,297109
2019-12-09,40.75066386,-74.00176802,297109
2019-12-09,40.6703837,-73.97839676,297110
2019-12-09,40.668127,-73.98377641,297110
2019-12-09,40.710451,-73.960876,297111
2019-12-09,40.72557,-73.94434,297111
2019-12-09,40.756913,-73.921631,297112
2019-12-09,40.7711528,-73.9170074,297112
2019-12-09,40.7277140777778,-74.01129573583603,297113
2019-12-09,40.71754834,-74.01322069,297113
2019-12-09,40.71406667,-73.99293911,297114
2019-12-09,40.72746420692392,-73.97950418293476,297114
2019-12-09,40.718822,-73.99596,297115
2019-12-09,40.70905623,-74.01043382,297115
2019-12-09,40.702461,-73.986842,297116
2019-12-09,40.69794,-73.96986848,297116
2019-12-09,40.713126,-73.984844,297117
2019-12-09,40.73454567,-73.99074142,297117
2019-12-09,40.72019576,-73.98997825,297118
2019-12-09,40.71173107,-73.99193043,297118
2019-12-09,40.76727216,-73.99392888,297119
2019-12-09,40.75898481399634,-73.99379968643188,297119
2019-12-09,40.74964,-73.98805,297120
2019-12-09,40.74395411,-73.99144871,297120
2019-12-09,40.7262807,-73.98978041,297121
2019-12-09,40.7489006,-73.97604882,297121
2019-12-09,40.805159,-73.954692,297122
2019-12-09,40.8107922,-73.9430681,297122
2019-12-09,40.72966729392978,-73.98067966103554,297123
2019-12-09,40.739445,-73.976806,297123
2019-12-09,40.69089272,-73.99612349,297124
2019-12-09,40.693261,-73.968896,297124
2019-12-09,40.72453734,-73.98185424,297125
2019-12-09,40.72453734,-73.98185424,297125
2019-12-09,40.76370739,-73.9851615,297126
2019-12-09,40.76030096,-73.99884222,297126
2019-12-09,40.722103786686034,-73.99724900722504,297127
2019-12-09,40.72217444,-73.98368779,297127
2019-12-09,40.75038009,-73.98338988,297128
2019-12-09,40.74487634,-73.99529885,297128
2019-12-09,40.69128258,-73.9452416,297129
2019-12-09,40.682601,-73.938037,297129
2019-12-09,40.6737236,-73.9631611,297130
2019-12-09,40.68216564,-73.95399026,297130
2019-12-09,40.72019576,-73.98997825,297131
2019-12-09,40.72453734,-73.98185424,297131
2019-12-09,40.7919557,-73.968087,297132
2019-12-09,40.7937704,-73.971888,297132
2019-12-09,40.738046142482766,-73.99642959237099,297133
2019-12-09,40.72521311,-73.97768752,297133
2019-12-09,40.77163851,-73.98261428,297134
2019-12-09,40.7770575,-73.97898475,297134
2019-12-09,40.6867443,-73.99063168,297135
2019-12-09,40.6737236,-73.9631611,297135
2019-12-09,40.74173969,-73.99415556,297136
2019-12-09,40.74238787,-73.99726235,297136
2019-12-09,40.73704984,-73.99009296,297137
2019-12-09,40.73314259,-73.97573881,297137
2019-12-09,40.76360467795863,-73.98917958140373,297138
2019-12-09,40.75513557,-73.98658032,297138
2019-12-09,40.73454567,-73.99074142,297139
2019-12-09,40.720747,-73.986274,297139
2019-12-09,40.751873,-73.977706,297140
2019-12-09,40.7454973,-74.00197139,297140
2019-12-09,40.77515953434235,-73.98918695747852,297141
2019-12-09,40.76227205,-73.98788205,297141
2019-12-09,40.72710258,-74.00297088,297142
2019-12-09,40.73038599,-74.00214988,297142
2019-12-09,40.73454567,-73.99074142,297143
2019-12-09,40.72521311,-73.97768752,297143
2019-12-09,40.68989,-73.91458,297144
2019-12-09,40.7103685423523,-73.94705951213837,297144
2019-12-09,40.71816969454208,-73.95520135760307,297145
2019-12-09,40.72325,-73.94308,297145
2019-12-09,40.7457121,-73.98194829,297146
2019-12-09,40.74290902,-73.97706058,297146
2019-12-09,40.6737236,-73.9631611,297147
2019-12-09,40.6740886,-73.9787282,297147
2019-12-09,40.71816969454208,-73.95520135760307,297148
2019-12-09,40.72179134,-73.9504154,297148
2019-12-09,40.7652654,-73.98192338,297149
2019-12-09,40.76019252,-73.9912551,297149
2019-12-09,40.76370739,-73.9851615,297150
2019-12-09,40.739445,-73.976806,297150
2019-12-09,40.73143724085228,-73.99490341544151,297151
2019-12-09,40.72521311,-73.97768752,297151
2019-12-09,40.76350532,-73.97109243,297152
2019-12-09,40.7475739589548,-73.9788007736206,297152
2019-12-09,40.77492513,-73.98266566,297153
2019-12-09,40.77748046,-73.98288594,297153
2019-12-09,40.7390169121,-74.0026376103,297154
2019-12-09,40.71219906,-73.97948148,297154
2019-12-09,40.763189,-73.978434,297155
2019-12-09,40.7652654,-73.98192338,297155
2019-12-09,40.814394437915816,-73.95324736833572,297156
2019-12-09,40.7892105,-73.94370784,297156
2019-12-09,40.72494672359416,-74.00165855884552,297157
2019-12-09,40.73172428,-74.00674436,297157
2019-12-09,40.73454567,-73.99074142,297158
2019-12-09,40.73047747,-73.99906065,297158
2019-12-09,40.71269042,-73.98776323,297159
2019-12-09,40.71146364,-74.00552427,297159
2019-12-09,40.76227205,-73.98788205,297160
2019-12-09,40.76228826,-73.98336183,297160
2019-12-09,40.752269,-73.982079,297161
2019-12-09,40.75323098,-73.97032517,297161
2019-12-09,40.746745,-74.007756,297162
2019-12-09,40.75660359,-73.9979009,297162
2019-12-09,40.7451677,-73.98683077,297163
2019-12-09,40.74144387,-73.97536082,297163
2019-12-09,40.752165280621966,-73.97992193698882,297164
2019-12-09,40.74901271,-73.98848395,297164
2019-12-09,40.688417427540834,-73.98451656103134,297165
2019-12-09,40.68539567,-73.97431458,297165
2019-12-09,40.72456089,-73.99565293,297166
2019-12-09,40.739445,-73.976806,297166
2019-12-09,40.7785669,-73.97754961,297167
2019-12-09,40.76019252,-73.9912551,297167
2019-12-09,40.746647,-73.993915,297168
2019-12-09,40.74901271,-73.98848395,297168
2019-12-09,40.7801839724239,-73.97728532552719,297169
2019-12-09,40.7801839724239,-73.97728532552719,297169
2019-12-09,40.73704984,-73.99009296,297170
2019-12-09,40.73704984,-73.99009296,297170
2019-12-09,40.72453734,-73.98185424,297171
2019-12-09,40.72580614,-73.97422494,297171
2019-12-09,40.7597108,-73.97402311,297172
2019-12-09,40.7652654,-73.98192338,297172
2019-12-09,40.695065,-73.987167,297173
2019-12-09,40.6751622,-73.9814832,297173
2019-12-09,40.74173969,-73.99415556,297174
2019-12-09,40.72966729392978,-73.98067966103554,297174
2019-12-09,40.72951496224949,-73.99075269699097,297175
2019-12-09,40.72779126,-73.98564945,297175
2019-12-09,40.70411791,-73.94818595,297176
2019-12-09,40.70870368,-73.9448625,297176
2019-12-09,40.71117444,-73.99682619,297177
2019-12-09,40.71307916,-73.99851193,297177
2019-12-09,40.7903051,-73.94755757,297178
2019-12-09,40.7892105,-73.94370784,297178
2019-12-09,40.70569254,-74.01677685,297179
2019-12-09,40.72521311,-73.97768752,297179
2019-12-09,40.677027,-73.9865,297180
2019-12-09,40.6728155,-73.98352355,297180
2019-12-09,40.75172632,-73.98753523,297181
2019-12-09,40.7668,-73.9347774,297181
2019-12-09,40.724812564400175,-73.94752621650696,297182
2019-12-09,40.72577,-73.94173,297182
2019-12-09,40.72456089,-73.99565293,297183
2019-12-09,40.71427487,-73.98990025,297183
2019-12-09,40.7457121,-73.98194829,297184
2019-12-09,40.74322681432173,-73.97449783980846,297184
2019-12-09,40.73704984,-73.99009296,297185
2019-12-09,40.73221853,-73.98165557,297185
2019-12-09,40.73971301,-73.99456405,297186
2019-12-09,40.75513557,-73.98658032,297186
2019-12-09,40.6867443,-73.99063168,297187
2019-12-09,40.68199044270703,-73.99079024791718,297187
2019-12-09,40.746745,-74.007756,297188
2019-12-09,40.7575699,-73.99098507,297188
2019-12-09,40.72557,-73.94434,297189
2019-12-09,40.74128309355993,-73.93725872039794,297189
2019-12-09,40.74901271,-73.98848395,297190
2019-12-09,40.751873,-73.977706,297190
2019-12-09,40.75594159,-74.0021163,297191
2019-12-09,40.73038599,-74.00214988,297191
2019-12-09,40.73532427,-73.99800419,297192
2019-12-09,40.74290902,-73.97706058,297192
2019-12-09,40.76019252,-73.9912551,297193
2019-12-09,40.7505853470215,-73.9946848154068,297193
2019-12-09,40.734232,-73.986923,297194
2019-12-09,40.73381219196632,-73.98054420948029,297194
2019-12-09,40.72456089,-73.99565293,297195
2019-12-09,40.7208736,-73.98085795,297195
2019-12-09,40.75724567911726,-73.97805914282799,297196
2019-12-09,40.755293,-73.967641,297196
2019-12-09,40.711863,-73.944024,297197
2019-12-09,40.71893904,-73.99266288,297197
2019-12-09,40.6783563,-74.00014502,297198
2019-12-09,40.6783563,-74.00014502,297198
2019-12-09,40.74232744,-73.95411749,297199
2019-12-09,40.73555,-73.95284,297199
2019-12-09,40.73047309,-73.98672378,297200
2019-12-09,40.72229346,-73.99147535,297200
2019-12-09,40.77966809007312,-73.98093044757842,297201
2019-12-09,40.77966809007312,-73.98093044757842,297201
2019-12-09,40.71754834,-74.01322069,297202
2019-12-09,40.73401143,-74.00293877,297202
2019-12-09,40.74322681432173,-73.97449783980846,297203
2019-12-09,40.7489006,-73.97604882,297203
2019-12-09,40.746745,-74.007756,297204
2019-12-09,40.777507027547976,-73.98888587951659,297204
2019-12-09,40.76500525,-73.95818491,297205
2019-12-09,40.72621788,-73.98379855,297205
2019-12-09,40.71773,-73.94051,297206
2019-12-09,40.715143,-73.944507,297206
2019-12-09,40.78112229934166,-73.94965589046478,297207
2019-12-09,40.7724607,-73.9468208,297207
2019-12-09,40.722103786686034,-73.99724900722504,297208
2019-12-09,40.722103786686034,-73.99724900722504,297208
2019-12-09,40.8025566,-73.9490782,297209
2019-12-09,40.804038,-73.945925,297209
2019-12-09,40.73454567,-73.99074142,297210
2019-12-09,40.72317958,-73.99480012,297210
2019-12-09,40.72185379,-74.00771779,297211
2019-12-09,40.71602118,-73.99974372,297211
2019-12-09,40.73971301,-73.99456405,297212
2019-12-09,40.73454567,-73.99074142,297212
2019-12-09,40.74780373,-73.9734419,297213
2019-12-09,40.73587678,-73.98205027,297213
2019-12-09,40.754120810779256,-73.98025184869766,297214
2019-12-09,40.7801839724239,-73.97728532552719,297214
2019-12-09,40.68663,-73.9168,297215
2019-12-09,40.702013,-73.923769,297215
2019-12-09,40.77149671054441,-73.99046033620834,297216
2019-12-09,40.76341379,-73.99667444,297216
2019-12-09,40.759125,-73.962658,297217
2019-12-09,40.7671863,-73.9373554,297217
2019-12-09,40.73454567,-73.99074142,297218
2019-12-09,40.72740794,-73.98142006,297218
2019-12-09,40.795,-73.9645,297219
2019-12-09,40.8011939,-73.9500739,297219
2019-12-09,40.77896784,-73.97374737,297220
2019-12-09,40.76019252,-73.9912551,297220
2019-12-09,40.71754834,-74.01322069,297221
2019-12-09,40.71117416,-74.00016545,297221
2019-12-09,40.759125,-73.962658,297222
2019-12-09,40.73587678,-73.98205027,297222
2019-12-09,40.74334935,-74.00681753,297223
2019-12-09,40.75066386,-74.00176802,297223
2019-12-09,40.72917025,-73.99810231,297224
2019-12-09,40.75594159,-74.0021163,297224
2019-12-09,40.73047309,-73.98672378,297225
2019-12-09,40.7262807,-73.98978041,297225
2019-12-09,40.7568001,-73.98291153,297226
2019-12-09,40.722103786686034,-73.99724900722504,297226
2019-12-09,40.75660359,-73.9979009,297227
2019-12-09,40.741459,-73.983293,297227
2019-12-09,40.75299641,-73.98721619,297228
2019-12-09,40.75022392,-73.97121414,297228
2019-12-09,40.7284186,-73.98713956,297229
2019-12-09,40.74290902,-73.97706058,297229
2019-12-09,40.749156,-73.9916,297230
2019-12-09,40.72779126,-73.98564945,297230
2019-12-09,40.751396,-74.005226,297231
2019-12-09,40.74475148,-73.99915362,297231
2019-12-09,40.755293,-73.967641,297232
2019-12-09,40.76500525,-73.95818491,297232
2019-12-09,40.6851443,-73.95380904,297233
2019-12-09,40.69622937,-73.94371094,297233
2019-12-09,40.74144387,-73.97536082,297234
2019-12-09,40.739445,-73.976806,297234
2019-12-09,40.72243797,-74.00566443,297235
2019-12-09,40.711066,-74.009447,297235
2019-12-09,40.72746420692392,-73.97950418293476,297236
2019-12-09,40.72307749068673,-73.98583620786667,297236
2019-12-09,40.74765947,-73.98490707,297237
2019-12-09,40.7489006,-73.97604882,297237
2019-12-09,40.711863,-73.944024,297238
2019-12-09,40.71286844,-73.95698119,297238
2019-12-09,40.76780080148132,-73.96592080593109,297239
2019-12-09,40.739445,-73.976806,297239
2019-12-09,40.72580614,-73.97422494,297240
2019-12-09,40.72502876,-73.99069656,297240
2019-12-09,40.72917025,-73.99810231,297241
2019-12-09,40.71269042,-73.98776323,297241
2019-12-09,40.6767,-73.969024,297242
2019-12-09,40.6707767,-73.9576801,297242
2019-12-09,40.68851534,-73.9647628,297243
2019-12-09,40.68186,-73.959432,297243
2019-12-09,40.74734825,-73.99723551,297244
2019-12-09,40.73935542,-73.99931783,297244
2019-12-09,40.76095756,-73.96724467,297245
2019-12-09,40.755293,-73.967641,297245
2019-12-09,40.70862144,-74.00722156,297246
2019-12-09,40.70365182,-74.01167797,297246
2019-12-09,40.70255065,-74.0127234,297247
2019-12-09,40.75206862,-73.96784384,297247
2019-12-09,40.68539567,-73.97431458,297248
2019-12-09,40.6894932,-73.942061,297248
2019-12-09,40.73038599,-74.00214988,297249
2019-12-09,40.71605866,-73.99190759,297249
2019-12-09,40.70877084,-73.95095259,297250
2019-12-09,40.71638031973561,-73.94821286201477,297250
2019-12-09,40.75797322,-73.96603308,297251
2019-12-09,40.7597108,-73.97402311,297251
2019-12-09,40.7652654,-73.98192338,297252
2019-12-09,40.751873,-73.977706,297252
2019-12-09,40.72217444,-73.98368779,297253
2019-12-09,40.71605866,-73.99190759,297253
2019-12-09,40.73232194,-73.9550858,297254
2019-12-09,40.724812564400175,-73.94752621650696,297254
2019-12-09,40.74317449,-74.00366443,297255
2019-12-09,40.74096374,-73.98602213,297255
2019-12-09,40.710681,-73.93372,297256
2019-12-09,40.69296,-73.91605,297256
2019-12-09,40.69474881,-73.98362464,297257
2019-12-09,40.71285887,-73.96590294,297257
2019-12-09,40.73935542,-73.99931783,297258
2019-12-09,40.73935542,-73.99931783,297258
2019-12-09,40.744219,-73.97121214,297259
2019-12-09,40.72521311,-73.97768752,297259
2019-12-09,40.71939226,-74.00247214,297260
2019-12-09,40.71910537,-73.99973337,297260
2019-12-09,40.734814,-73.992085,297261
2019-12-09,40.73047747,-73.99906065,297261
2019-12-09,40.797911,-73.9423,297262
2019-12-09,40.7949879,-73.9333349,297262
2019-12-09,40.75172632,-73.98753523,297263
2019-12-09,40.73314259,-73.97573881,297263
2019-12-09,40.71534825,-73.96024116,297264
2019-12-09,40.72325,-73.94308,297264
2019-12-09,40.77163851,-73.98261428,297265
2019-12-09,40.782593,-73.971211,297265
2019-12-09,40.7987859,-73.9523,297266
2019-12-09,40.801694,-73.957145,297266
2019-12-09,40.738046142482766,-73.99642959237099,297267
2019-12-09,40.73221853,-73.98165557,297267
2019-12-09,40.73291553,-74.00711384,297268
2019-12-09,40.71911552,-74.00666661,297268
2019-12-09,40.72951496224949,-73.99075269699097,297269
2019-12-09,40.72453734,-73.98185424,297269
2019-12-09,40.75992262,-73.97648516,297270
2019-12-09,40.7597108,-73.97402311,297270
2019-12-09,40.70355377,-74.00670227,297271
2019-12-09,40.707873,-74.00167,297271
2019-12-09,40.73020660529954,-73.99102628231049,297272
2019-12-09,40.73912601,-73.97973776,297272
2019-12-09,40.74394314,-73.97966069,297273
2019-12-09,40.7489006,-73.97604882,297273
2019-12-09,40.741459,-73.983293,297274
2019-12-09,40.71260486,-73.96264403,297274
2019-12-09,40.749156,-73.9916,297275
2019-12-09,40.74444921,-73.98303529,297275
2019-12-09,40.76132983124814,-73.97982001304626,297276
2019-12-09,40.75898481399634,-73.99379968643188,297276
2019-12-09,40.71939226,-74.00247214,297277
2019-12-09,40.713126,-73.984844,297277
2019-12-09,40.722055,-73.989111,297278
2019-12-09,40.72966729392978,-73.98067966103554,297278
2019-12-09,40.722055,-73.989111,297279
2019-12-09,40.72746420692392,-73.97950418293476,297279
2019-12-09,40.6851443,-73.95380904,297280
2019-12-09,40.693261,-73.968896,297280
2019-12-09,40.72248188638219,-73.95921930670738,297281
2019-12-09,40.71260486,-73.96264403,297281
2019-12-09,40.7489006,-73.97604882,297282
2019-12-09,40.759125,-73.962658,297282
2019-12-09,40.72966729392978,-73.98067966103554,297283
2019-12-09,40.72966729392978,-73.98067966103554,297283
2019-12-09,40.735238,-74.000271,297284
2019-12-09,40.73944820130404,-74.00507032871246,297284
2019-12-09,40.78524672,-73.97667321,297285
2019-12-09,40.78524672,-73.97667321,297285
2019-12-09,40.74765947,-73.98490707,297286
2019-12-09,40.739445,-73.976806,297286
2019-12-09,40.73224119,-74.00026394,297287
2019-12-09,40.73172428,-74.00674436,297287
2019-12-09,40.71469,-73.95739,297288
2019-12-09,40.70924826276157,-73.96063148975372,297288
2019-12-09,40.805159,-73.954692,297289
2019-12-09,40.8107922,-73.9430681,297289
2019-12-09,40.72307749068673,-73.98583620786667,297290
2019-12-09,40.72740794,-73.98142006,297290
2019-12-09,40.7652654,-73.98192338,297291
2019-12-09,40.770513,-73.988038,297291
2019-12-09,40.722055,-73.989111,297292
2019-12-09,40.71406667,-73.99293911,297292
2019-12-09,40.73532427,-73.99800419,297293
2019-12-09,40.72217444,-73.98368779,297293
2019-12-09,40.7262807,-73.98978041,297294
2019-12-09,40.7158155,-73.99422366,297294
2019-12-09,40.7835016,-73.955327,297295
2019-12-09,40.7687620293096,-73.95840793848038,297295
2019-12-09,40.75929124,-73.98859651,297296
2019-12-09,40.76915505,-73.98191841,297296
2019-12-09,40.72453734,-73.98185424,297297
2019-12-09,40.72779126,-73.98564945,297297
2019-12-09,40.72453734,-73.98185424,297298
2019-12-09,40.72779126,-73.98564945,297298
2019-12-09,40.7403432,-73.98955109,297299
2019-12-09,40.77149671054441,-73.99046033620834,297299
2019-12-09,40.72917025,-73.99810231,297300
2019-12-09,40.72299208,-73.97995466,297300
2019-12-09,40.73291553,-74.00711384,297301
2019-12-09,40.76095756,-73.96724467,297301
2019-12-09,40.735367055605394,-73.98797392845154,297302
2019-12-09,40.73587678,-73.98205027,297302
2019-12-09,40.755293,-73.967641,297303
2019-12-09,40.759125,-73.962658,297303
2019-12-09,40.68488,-73.96304,297304
2019-12-09,40.68506807308177,-73.97790759801863,297304
2019-12-09,40.76030096,-73.99884222,297305
2019-12-09,40.74238787,-73.99726235,297305
2019-12-09,40.74275382865903,-74.00747358798981,297306
2019-12-09,40.75797322,-73.96603308,297306
2019-12-09,40.74780373,-73.9734419,297307
2019-12-09,40.76009437,-73.99461843,297307
2019-12-09,40.7390169121,-74.0026376103,297308
2019-12-09,40.73038599,-74.00214988,297308
2019-12-09,40.76915505,-73.98191841,297309
2019-12-09,40.77149671054441,-73.99046033620834,297309
2019-12-09,40.70277159,-73.99383605,297310
2019-12-09,40.6859296,-74.00242364,297310
2019-12-09,40.76341379,-73.99667444,297311
2019-12-09,40.76228826,-73.98336183,297311
2019-12-09,40.72740794,-73.98142006,297312
2019-12-09,40.73401143,-74.00293877,297312
2019-12-09,40.7284186,-73.98713956,297313
2019-12-09,40.71406667,-73.99293911,297313
2019-12-09,40.68488,-73.96304,297314
2019-12-09,40.68506807308177,-73.97790759801863,297314
2019-12-09,40.6610633719006,-73.97945255041122,297315
2019-12-09,40.68488,-73.96304,297315
2019-12-09,40.72917025,-73.99810231,297316
2019-12-09,40.72299208,-73.97995466,297316
2019-12-09,40.8086249,-73.9596214,297317
2019-12-09,40.809725,-73.953149,297317
2019-12-09,40.6772744,-73.98282002,297318
2019-12-09,40.6711978,-73.97484126,297318
2019-12-09,40.74232744,-73.95411749,297319
2019-12-09,40.73564,-73.95866,297319
2019-12-09,40.71602118,-73.99974372,297320
2019-12-09,40.711512,-74.015756,297320
2019-12-09,40.73827428,-73.98751968,297321
2019-12-09,40.71893904,-73.99266288,297321
2019-12-09,40.74173969,-73.99415556,297322
2019-12-09,40.74286877312112,-73.98918628692627,297322
2019-12-09,40.71273266,-74.0046073,297323
2019-12-09,40.71273266,-74.0046073,297323
2019-12-09,40.74765947,-73.98490707,297324
2019-12-09,40.74317449,-74.00366443,297324
2019-12-09,40.75255434,-73.97282625,297325
2019-12-09,40.72746420692392,-73.97950418293476,297325
2019-12-09,40.71273266,-74.0046073,297326
2019-12-09,40.71273266,-74.0046073,297326
2019-12-09,40.813358,-73.956461,297327
2019-12-09,40.7987859,-73.9523,297327
2019-12-09,40.7284186,-73.98713956,297328
2019-12-09,40.72082834,-73.97793172,297328
2019-12-09,40.75206862,-73.96784384,297329
2019-12-09,40.72966729392978,-73.98067966103554,297329
2019-12-09,40.75299641,-73.98721619,297330
2019-12-09,40.79406660818552,-73.96286845207214,297330
2019-12-09,40.73624527,-73.98473765,297331
2019-12-09,40.72217444,-73.98368779,297331
2019-12-09,40.74780373,-73.9734419,297332
2019-12-09,40.730563,-73.973984,297332
2019-12-09,40.7675487799971,-73.9209334552288,297333
2019-12-09,40.760339,-73.9222427,297333
2019-12-09,40.749156,-73.9916,297334
2019-12-09,40.74317449,-74.00366443,297334
2019-12-09,40.770513,-73.988038,297335
2019-12-09,40.77515953434235,-73.98918695747852,297335
2019-12-09,40.72953837,-73.98426726,297336
2019-12-09,40.74780373,-73.9734419,297336
2019-12-09,40.7689738,-73.95482273,297337
2019-12-09,40.77748046,-73.98288594,297337
2019-12-09,40.73454567,-73.99074142,297338
2019-12-09,40.72217444,-73.98368779,297338
2019-12-09,40.74937024193277,-73.99923384189606,297339
2019-12-09,40.74487634,-73.99529885,297339
2019-12-09,40.7675487799971,-73.9209334552288,297340
2019-12-09,40.760339,-73.9222427,297340
2019-12-09,40.70955958,-74.00653609,297341
2019-12-09,40.71117416,-74.00016545,297341
2019-12-09,40.735445,-73.99431,297342
2019-12-09,40.72966729392978,-73.98067966103554,297342
2019-12-09,40.71605866,-73.99190759,297343
2019-12-09,40.72307749068673,-73.98583620786667,297343
2019-12-09,40.73704984,-73.99009296,297344
2019-12-09,40.71427487,-73.98990025,297344
2019-12-09,40.7390169121,-74.0026376103,297345
2019-12-09,40.75929124,-73.98859651,297345
2019-12-09,40.77163851,-73.98261428,297346
2019-12-09,40.76360467795863,-73.98917958140373,297346
2019-12-09,40.76009437,-73.99461843,297347
2019-12-09,40.75513557,-73.98658032,297347
2019-12-09,40.71406667,-73.99293911,297348
2019-12-09,40.72368361,-73.97574813,297348
2019-12-09,40.746745,-74.007756,297349
2019-12-09,40.71754834,-74.01322069,297349
2019-12-09,40.761584,-73.925921,297350
2019-12-09,40.7668,-73.9347774,297350
2019-12-09,40.7921,-73.9739,297351
2019-12-09,40.76915505,-73.98191841,297351
2019-12-09,40.73704984,-73.99009296,297352
2019-12-09,40.74322681432173,-73.97449783980846,297352
2019-12-09,40.734232,-73.986923,297353
2019-12-09,40.73314259,-73.97573881,297353
2019-12-09,40.73704984,-73.99009296,297354
2019-12-09,40.73587678,-73.98205027,297354
2019-12-09,40.74734825,-73.99723551,297355
2019-12-09,40.739445,-73.976806,297355
2019-12-09,40.711863,-73.944024,297356
2019-12-09,40.70684203101325,-73.9544353965357,297356
2019-12-09,40.688417427540834,-73.98451656103134,297357
2019-12-09,40.6786115,-73.99037292,297357
2019-12-09,40.75797322,-73.96603308,297358
2019-12-09,40.7277140777778,-74.01129573583603,297358
2019-12-09,40.7575699,-73.99098507,297359
2019-12-09,40.751873,-73.977706,297359
2019-12-09,40.74708586,-73.94977234,297360
2019-12-09,40.7239567849954,-73.94984364509583,297360
2019-12-09,40.72079821,-73.95484712,297361
2019-12-09,40.71044554,-73.96525063,297361
2019-12-09,40.73143724085228,-73.99490341544151,297362
2019-12-09,40.71622644,-73.98261206,297362
2019-12-09,40.74708586,-73.94977234,297363
2019-12-09,40.72557,-73.94434,297363
2019-12-09,40.73827428,-73.98751968,297364
2019-12-09,40.751581,-73.97791,297364
2019-12-09,40.74286877312112,-73.98918628692627,297365
2019-12-09,40.73726186,-73.99238967,297365
2019-12-09,40.724812564400175,-73.94752621650696,297366
2019-12-09,40.72325,-73.94308,297366
2019-12-09,40.77492513,-73.98266566,297367
2019-12-09,40.76068327096592,-73.9845272898674,297367
2019-12-09,40.72621788,-73.98379855,297368
2019-12-09,40.73020660529954,-73.99102628231049,297368
2019-12-09,40.72953837,-73.98426726,297369
2019-12-09,40.749156,-73.9916,297369
2019-12-09,40.6746957,-73.99785768,297370
2019-12-09,40.6758329439129,-74.01472628116608,297370
2019-12-09,40.73047747,-73.99906065,297371
2019-12-09,40.73223272,-73.98889957,297371
2019-12-09,40.768254,-73.988639,297372
2019-12-09,40.754691750226016,-73.99740189313889,297372
2019-12-09,40.76370739,-73.9851615,297373
2019-12-09,40.76360467795863,-73.98917958140373,297373
2019-12-09,40.782593,-73.971211,297374
2019-12-09,40.78472675,-73.96961715,297374
2019-12-09,40.668132,-73.97363831,297375
2019-12-09,40.6630619,-73.9538746,297375
2019-12-09,40.73912601,-73.97973776,297376
2019-12-09,40.71427487,-73.98990025,297376
2019-12-09,40.71939226,-74.00247214,297377
2019-12-09,40.70834698,-74.01713445,297377
2019-12-09,40.722103786686034,-73.99724900722504,297378
2019-12-09,40.72903917,-73.99404649,297378
2019-12-09,40.7746671,-73.98470567,297379
2019-12-09,40.76915505,-73.98191841,297379
2019-12-09,40.71413311,-73.95234386,297380
2019-12-09,40.70538077,-73.94976519,297380
2019-12-09,40.74394314,-73.97966069,297381
2019-12-09,40.74290902,-73.97706058,297381
2019-12-09,40.74238787,-73.99726235,297382
2019-12-09,40.735445,-73.99431,297382
2019-12-09,40.73020660529954,-73.99102628231049,297383
2019-12-09,40.72966729392978,-73.98067966103554,297383
2019-12-09,40.71924,-73.95242,297384
2019-12-09,40.72226,-73.93889,297384
2019-12-09,40.7671,-73.9169858,297385
2019-12-09,40.773763,-73.96222088,297385
2019-12-09,40.7746671,-73.98470567,297386
2019-12-09,40.73587678,-73.98205027,297386
2019-12-09,40.7457121,-73.98194829,297387
2019-12-09,40.74311555376486,-73.98215353488922,297387
2019-12-09,40.71334184275907,-74.00935515761375,297388
2019-12-09,40.7153379,-74.01658354,297388
2019-12-09,40.73143724085228,-73.99490341544151,297389
2019-12-09,40.72521311,-73.97768752,297389
2019-12-09,40.76360467795863,-73.98917958140373,297390
2019-12-09,40.76030096,-73.99884222,297390
2019-12-09,40.761584,-73.925921,297391
2019-12-09,40.7659,-73.930819,297391
2019-12-09,40.75929124,-73.98859651,297392
2019-12-09,40.74311555376486,-73.98215353488922,297392
2019-12-09,40.70924826276157,-73.96063148975372,297393
2019-12-09,40.71044554,-73.96525063,297393
2019-12-09,40.777507027547976,-73.98888587951659,297394
2019-12-09,40.7746671,-73.98470567,297394
2019-12-09,40.7403432,-73.98955109,297395
2019-12-09,40.72710258,-74.00297088,297395
2019-12-09,40.680611,-73.99475825,297396
2019-12-09,40.6828003,-73.99990419,297396
2019-12-09,40.73454567,-73.99074142,297397
2019-12-09,40.76068327096592,-73.9845272898674,297397
2019-12-09,40.76227205,-73.98788205,297398
2019-12-09,40.75513557,-73.98658032,297398
2019-12-09,40.7934337,-73.94945003,297399
2019-12-09,40.8025566,-73.9490782,297399
2019-12-09,40.73143724085228,-73.99490341544151,297400
2019-12-09,40.72779126,-73.98564945,297400
2019-12-09,40.6765304,-73.97846879,297401
2019-12-09,40.6772744,-73.98282002,297401
2019-12-09,40.697481,-73.935877,297402
2019-12-09,40.700003,-73.92834,297402
2019-12-09,40.76068327096592,-73.9845272898674,297403
2019-12-09,40.73827428,-73.98751968,297403
2019-12-09,40.78414472,-73.98362492,297404
2019-12-09,40.7770575,-73.97898475,297404
2019-12-09,40.73047309,-73.98672378,297405
2019-12-09,40.77140426,-73.9535166,297405
2019-12-09,40.735238,-74.000271,297406
2019-12-09,40.74475148,-73.99915362,297406
2019-12-09,40.722103786686034,-73.99724900722504,297407
2019-12-09,40.71323,-73.93894,297407
2019-12-09,40.69795031569544,-73.97077560424805,297408
2019-12-09,40.71915571696044,-73.94885390996933,297408
2019-12-09,40.73020660529954,-73.99102628231049,297409
2019-12-09,40.74096374,-73.98602213,297409
2019-12-09,40.787801,-73.953559,297410
2019-12-09,40.79329668,-73.9432083,297410
2019-12-09,40.68962188790333,-73.98304268717766,297411
2019-12-09,40.697787,-73.973736,297411
2019-12-09,40.72951496224949,-73.99075269699097,297412
2019-12-09,40.73269,-73.98974,297412
2019-12-09,40.70538,-73.92535,297413
2019-12-09,40.69047,-73.923511,297413
2019-12-09,40.7489006,-73.97604882,297414
2019-12-09,40.741459,-73.983293,297414
2019-12-09,40.6776147,-73.97324283,297415
2019-12-09,40.6802133,-73.98432695,297415
2019-12-09,40.7403432,-73.98955109,297416
2019-12-09,40.76360467795863,-73.98917958140373,297416
2019-12-09,40.71044554,-73.96525063,297417
2019-12-09,40.72906,-73.95779,297417
2019-12-09,40.73020660529954,-73.99102628231049,297418
2019-12-09,40.74144387,-73.97536082,297418
2019-12-09,40.711066,-74.009447,297419
2019-12-09,40.72299208,-73.97995466,297419
2019-12-09,40.7689738,-73.95482273,297420
2019-12-09,40.78112229934166,-73.94965589046478,297420
2019-12-09,40.73143724085228,-73.99490341544151,297421
2019-12-09,40.72453734,-73.98185424,297421
2019-12-09,40.75510267,-73.97498696,297422
2019-12-09,40.752165280621966,-73.97992193698882,297422
2019-12-09,40.7262807,-73.98978041,297423
2019-12-09,40.72521311,-73.97768752,297423
2019-12-09,40.74144387,-73.97536082,297424
2019-12-09,40.75019995,-73.99093085,297424
2019-12-09,40.8025566,-73.9490782,297425
2019-12-09,40.8014866,-73.9442507,297425
2019-12-09,40.70569254,-74.01677685,297426
2019-12-09,40.74734825,-73.99723551,297426
2019-12-09,40.697842,-73.926241,297427
2019-12-09,40.68929,-73.90951,297427
2019-12-09,40.73291553,-74.00711384,297428
2019-12-09,40.7505853470215,-73.9946848154068,297428
2019-12-09,40.74780373,-73.9734419,297429
2019-12-09,40.73726186,-73.99238967,297429
2019-12-09,40.7003,-73.991581,297430
2019-12-09,40.6902375,-73.99203074,297430
2019-12-09,40.7546011026,-73.971878855,297431
2019-12-09,40.739445,-73.976806,297431
2019-12-09,40.7817212,-73.94594,297432
2019-12-09,40.7862586,-73.94552579,297432
2019-12-09,40.72456089,-73.99565293,297433
2019-12-09,40.749156,-73.9916,297433
2019-12-09,40.7923272,-73.9383,297434
2019-12-09,40.7949879,-73.9333349,297434
2019-12-09,40.74177603,-74.00149746,297435
2019-12-09,40.73624527,-73.98473765,297435
2019-12-09,40.720747,-73.986274,297436
2019-12-09,40.72299208,-73.97995466,297436
2019-12-09,40.73221853,-73.98165557,297437
2019-12-09,40.73221853,-73.98165557,297437
2019-12-09,40.6707767,-73.9576801,297438
2019-12-09,40.6630619,-73.9538746,297438
2019-12-09,40.802692,-73.96295,297439
2019-12-09,40.804213,-73.96699104,297439
2019-12-09,40.746745,-74.007756,297440
2019-12-09,40.71754834,-74.01322069,297440
2019-12-09,40.751396,-74.005226,297441
2019-12-09,40.74444921,-73.98303529,297441
2019-12-09,40.76228826,-73.98336183,297442
2019-12-09,40.76590936,-73.97634151,297442
2019-12-09,40.746647,-73.993915,297443
2019-12-09,40.74096374,-73.98602213,297443
2019-12-09,40.76269882,-73.99301222,297444
2019-12-09,40.74238787,-73.99726235,297444
2019-12-09,40.73624527,-73.98473765,297445
2019-12-09,40.72953837,-73.98426726,297445
2019-12-09,40.77477944895728,-73.95427465438843,297446
2019-12-09,40.77677702,-73.9590097,297446
2019-12-09,40.7687620293096,-73.95840793848038,297447
2019-12-09,40.77140426,-73.9535166,297447
2019-12-09,40.75019995,-73.99093085,297448
2019-12-09,40.6776147,-73.97324283,297448
2019-12-09,40.689888,-73.981013,297449
2019-12-09,40.69363137,-73.96223558,297449
2019-12-09,40.66514681533792,-73.97637605667114,297450
2019-12-09,40.68415748,-73.96922273,297450
2019-12-09,40.752957,-74.00264,297451
2019-12-09,40.74901271,-73.98848395,297451
2019-12-09,40.7575699,-73.99098507,297452
2019-12-09,40.76663814,-73.95348296,297452
2019-12-09,40.70583339,-73.94644578,297453
2019-12-09,40.70255088,-73.98940236,297453
2019-12-09,40.73143724085228,-73.99490341544151,297454
2019-12-09,40.72746420692392,-73.97950418293476,297454
2019-12-09,40.7675487799971,-73.9209334552288,297455
2019-12-09,40.7739825,-73.9309134,297455
2019-12-09,40.751581,-73.97791,297456
2019-12-09,40.75019995,-73.99093085,297456
2019-12-09,40.72903917,-73.99404649,297457
2019-12-09,40.72621788,-73.98379855,297457
2019-12-09,40.73269,-73.98974,297458
2019-12-09,40.73704984,-73.99009296,297458
2019-12-09,40.72951496224949,-73.99075269699097,297459
2019-12-09,40.72779126,-73.98564945,297459
2019-12-09,40.72746420692392,-73.97950418293476,297460
2019-12-09,40.72453734,-73.98185424,297460
2019-12-09,40.75640548,-73.9900262,297461
2019-12-09,40.734232,-73.986923,297461
2019-12-09,40.73038599,-74.00214988,297462
2019-12-09,40.738046142482766,-73.99642959237099,297462
2019-12-09,40.746745,-74.007756,297463
2019-12-09,40.746745,-74.007756,297463
2019-12-09,40.734232,-73.986923,297464
2019-12-09,40.734814,-73.992085,297464
2019-12-09,40.711066,-74.009447,297465
2019-12-09,40.71911552,-74.00666661,297465
2019-12-09,40.73401143,-74.00293877,297466
2019-12-09,40.739323,-74.008119,297466
2019-12-09,40.7390169121,-74.0026376103,297467
2019-12-09,40.72317958,-73.99480012,297467
2019-12-09,40.70277159,-73.99383605,297468
2019-12-09,40.69839895,-73.98068914,297468
2019-12-09,40.77282817,-73.96685276,297469
2019-12-09,40.7770575,-73.97898475,297469
2019-12-09,40.72368361,-73.97574813,297470
2019-12-09,40.7575699,-73.99098507,297470
2019-12-09,40.74177603,-74.00149746,297471
2019-12-09,40.71910537,-73.99973337,297471
2019-12-09,40.72456089,-73.99565293,297472
2019-12-09,40.7361967,-74.00859207,297472
2019-12-09,40.76019252,-73.9912551,297473
2019-12-09,40.76370739,-73.9851615,297473
2019-12-09,40.74311555376486,-73.98215353488922,297474
2019-12-09,40.7462009,-73.98855723,297474
2019-12-09,40.7462009,-73.98855723,297475
2019-12-09,40.75898481399634,-73.99379968643188,297475
2019-12-09,40.69308257,-73.97178913,297476
2019-12-09,40.68753406,-73.97265183,297476
2019-12-09,40.7489006,-73.97604882,297477
2019-12-09,40.7596276,-73.9321455,297477
2019-12-09,40.72903917,-73.99404649,297478
2019-12-09,40.73314259,-73.97573881,297478
2019-12-09,40.75500254,-73.98014437,297479
2019-12-09,40.76009437,-73.99461843,297479
2019-12-09,40.72903917,-73.99404649,297480
2019-12-09,40.73314259,-73.97573881,297480
2019-12-09,40.7643971,-73.97371465,297481
2019-12-09,40.751581,-73.97791,297481
2019-12-09,40.77966809007312,-73.98093044757842,297482
2019-12-09,40.77966809007312,-73.98093044757842,297482
2019-12-09,40.71307916,-73.99851193,297483
2019-12-09,40.73047309,-73.98672378,297483
2019-12-09,40.713126,-73.984844,297484
2019-12-09,40.734232,-73.986923,297484
2019-12-09,40.704508,-73.9351,297485
2019-12-09,40.70684203101325,-73.9544353965357,297485
2019-12-09,40.73454567,-73.99074142,297486
2019-12-09,40.72966729392978,-73.98067966103554,297486
2019-12-09,40.770845,-73.934171,297487
2019-12-09,40.7633589,-73.9286471,297487
2019-12-09,40.75510267,-73.97498696,297488
2019-12-09,40.76068327096592,-73.9845272898674,297488
2019-12-09,40.73624527,-73.98473765,297489
2019-12-09,40.7262807,-73.98978041,297489
2019-12-09,40.6707767,-73.9576801,297490
2019-12-09,40.672695,-73.954131,297490
2019-12-09,40.735445,-73.99431,297491
2019-12-09,40.720747,-73.986274,297491
2019-12-09,40.7158155,-73.99422366,297492
2019-12-09,40.69608941,-73.97803415,297492
2019-12-09,40.74144387,-73.97536082,297493
2019-12-09,40.7862586,-73.94552579,297493
2019-12-09,40.711066,-74.009447,297494
2019-12-09,40.70255065,-74.0127234,297494
2019-12-09,40.7489006,-73.97604882,297495
2019-12-09,40.74311555376486,-73.98215353488922,297495
2019-12-09,40.70955958,-74.00653609,297496
2019-12-09,40.722103786686034,-73.99724900722504,297496
2019-12-09,40.74487634,-73.99529885,297497
2019-12-09,40.74734825,-73.99723551,297497
2019-12-09,40.73223272,-73.98889957,297498
2019-12-09,40.74311555376486,-73.98215353488922,297498
2019-12-09,40.7262807,-73.98978041,297499
2019-12-09,40.72299208,-73.97995466,297499
2019-12-09,40.72953837,-73.98426726,297500
2019-12-09,40.7390169121,-74.0026376103,297500
2019-12-09,40.73143724085228,-73.99490341544151,297501
2019-12-09,40.75466591,-73.99138152,297501
2019-12-09,40.72710258,-74.00297088,297502
2019-12-09,40.72743423,-73.99379025,297502
2019-12-09,40.73827428,-73.98751968,297503
2019-12-09,40.75466591,-73.99138152,297503
2019-12-09,40.74395411,-73.99144871,297504
2019-12-09,40.741459,-73.983293,297504
2019-12-09,40.72779126,-73.98564945,297505
2019-12-09,40.7403432,-73.98955109,297505
2019-12-09,40.8045555,-73.9396861,297506
2019-12-09,40.8014866,-73.9442507,297506
2019-12-09,40.72453734,-73.98185424,297507
2019-12-09,40.72746420692392,-73.97950418293476,297507
2019-12-09,40.75500254,-73.98014437,297508
2019-12-09,40.75500254,-73.98014437,297508
2019-12-09,40.76095756,-73.96724467,297509
2019-12-09,40.75466591,-73.99138152,297509
2019-12-09,40.68940747,-73.96885458,297510
2019-12-09,40.6823687,-73.944118,297510
2019-12-09,40.71625008,-74.0091059,297511
2019-12-09,40.711512,-74.015756,297511
2019-12-09,40.72307749068673,-73.98583620786667,297512
2019-12-09,40.72082834,-73.97793172,297512
2019-12-09,40.72906,-73.95779,297513
2019-12-09,40.70538077,-73.94976519,297513
2019-12-09,40.74475148,-73.99915362,297514
2019-12-09,40.7390169121,-74.0026376103,297514
2019-12-09,40.755293,-73.967641,297515
2019-12-09,40.76227205,-73.98788205,297515
2019-12-09,40.76370739,-73.9851615,297516
2019-12-09,40.76370739,-73.9851615,297516
2019-12-09,40.72906,-73.95779,297517
2019-12-09,40.7169811,-73.94485918,297517
2019-12-09,40.76915505,-73.98191841,297518
2019-12-09,40.77515953434235,-73.98918695747852,297518
2019-12-09,40.73944820130404,-74.00507032871246,297519
2019-12-09,40.74475148,-73.99915362,297519
2019-12-09,40.72299208,-73.97995466,297520
2019-12-09,40.735445,-73.99431,297520
2019-12-09,40.75466591,-73.99138152,297521
2019-12-09,40.76370739,-73.9851615,297521
2019-12-09,40.70834698,-74.01713445,297522
2019-12-09,40.70706456,-74.00731853,297522
2019-12-09,40.73047747,-73.99906065,297523
2019-12-09,40.7262807,-73.98978041,297523
2019-12-09,40.73221853,-73.98165557,297524
2019-12-09,40.75466591,-73.99138152,297524
2019-12-09,40.73532427,-73.99800419,297525
2019-12-09,40.73172428,-74.00674436,297525
2019-12-09,40.72066442,-73.98517977,297526
2019-12-09,40.7390169121,-74.0026376103,297526
2019-12-09,40.741459,-73.983293,297527
2019-12-09,40.7475739589548,-73.9788007736206,297527
2019-12-09,40.7169811,-73.94485918,297528
2019-12-09,40.7169811,-73.94485918,297528
2019-12-09,40.770513,-73.988038,297529
2019-12-09,40.73726186,-73.99238967,297529
2019-12-09,40.73266,-73.95826,297530
2019-12-09,40.74232744,-73.95411749,297530
2019-12-09,40.73532427,-73.99800419,297531
2019-12-09,40.72082834,-73.97793172,297531
2019-12-09,40.75019995,-73.99093085,297532
2019-12-09,40.7451677,-73.98683077,297532
2019-12-09,40.70924826276157,-73.96063148975372,297533
2019-12-09,40.71260486,-73.96264403,297533
2019-12-09,40.72229346,-73.99147535,297534
2019-12-09,40.71605866,-73.99190759,297534
2019-12-09,40.74232744,-73.95411749,297535
2019-12-09,40.73564,-73.95866,297535
2019-12-09,40.7435337324616,-74.00367558002472,297536
2019-12-09,40.74937024193277,-73.99923384189606,297536
2019-12-09,40.73331967,-73.99510132,297537
2019-12-09,40.739445,-73.976806,297537
2019-12-09,40.77163851,-73.98261428,297538
2019-12-09,40.77149671054441,-73.99046033620834,297538
2019-12-09,40.722055,-73.989111,297539
2019-12-09,40.722103786686034,-73.99724900722504,297539
2019-12-09,40.75466591,-73.99138152,297540
2019-12-09,40.73291553,-74.00711384,297540
2019-12-09,40.74765947,-73.98490707,297541
2019-12-09,40.73935542,-73.99931783,297541
2019-12-09,40.73726186,-73.99238967,297542
2019-12-09,40.739445,-73.976806,297542
2019-12-09,40.69296,-73.91605,297543
2019-12-09,40.68565,-73.91564,297543
2019-12-09,40.74096374,-73.98602213,297544
2019-12-09,40.73624527,-73.98473765,297544
2019-12-09,40.7451677,-73.98683077,297545
2019-12-09,40.71602118,-73.99974372,297545
2019-12-09,40.7781314,-73.96069399,297546
2019-12-09,40.7806284,-73.9521667,297546
2019-12-09,40.71146364,-74.00552427,297547
2019-12-09,40.70411791,-73.94818595,297547
2019-12-09,40.70924826276157,-73.96063148975372,297548
2019-12-09,40.71924,-73.95242,297548
2019-12-09,40.754691750226016,-73.99740189313889,297549
2019-12-09,40.7454973,-74.00197139,297549
2019-12-09,40.73047747,-73.99906065,297550
2019-12-09,40.7158155,-73.99422366,297550
2019-12-09,40.70538077,-73.94976519,297551
2019-12-09,40.69502,-73.92825,297551
2019-12-09,40.71816969454208,-73.95520135760307,297552
2019-12-09,40.72158,-73.94546,297552
2019-12-09,40.802692,-73.96295,297553
2019-12-09,40.79406660818552,-73.96286845207214,297553
2019-12-09,40.7403432,-73.98955109,297554
2019-12-09,40.73587678,-73.98205027,297554
2019-12-09,40.751551,-73.993934,297555
2019-12-09,40.76009437,-73.99461843,297555
2019-12-09,40.72502876,-73.99069656,297556
2019-12-09,40.72494672359416,-74.00165855884552,297556
2019-12-09,40.77112927,-73.95772297,297557
2019-12-09,40.71605866,-73.99190759,297557
2019-12-09,40.75797322,-73.96603308,297558
2019-12-09,40.75892386377695,-73.96226227283478,297558
2019-12-09,40.68312489,-73.97895137,297559
2019-12-09,40.6792788,-73.98154004,297559
2019-12-09,40.75929124,-73.98859651,297560
2019-12-09,40.751551,-73.993934,297560
2019-12-09,40.72502876,-73.99069656,297561
2019-12-09,40.71605866,-73.99190759,297561
2019-12-09,40.7919557,-73.968087,297562
2019-12-09,40.801694,-73.957145,297562
2019-12-09,40.7451677,-73.98683077,297563
2019-12-09,40.73454567,-73.99074142,297563
2019-12-09,40.73143724085228,-73.99490341544151,297564
2019-12-09,40.73223272,-73.98889957,297564
2019-12-09,40.71286844,-73.95698119,297565
2019-12-09,40.72557,-73.94434,297565
2019-12-09,40.70569254,-74.01677685,297566
2019-12-09,40.711512,-74.015756,297566
2019-12-09,40.6610633719006,-73.97945255041122,297567
2019-12-09,40.6765198,-73.9596082,297567
2019-12-09,40.6831164,-73.99785267,297568
2019-12-09,40.6831164,-73.99785267,297568
2019-12-09,40.8143256,-73.9590255,297569
2019-12-09,40.8025566,-73.9490782,297569
2019-12-09,40.718822,-73.99596,297570
2019-12-09,40.724308321602166,-74.00473035871983,297570
2019-12-09,40.759125,-73.962658,297571
2019-12-09,40.75828065,-73.97069431,297571
2019-12-09,40.7849032,-73.950503,297572
2019-12-09,40.76500525,-73.95818491,297572
2019-12-09,40.734814,-73.992085,297573
2019-12-09,40.713126,-73.984844,297573
2019-12-09,40.73454567,-73.99074142,297574
2019-12-09,40.735238,-74.000271,297574
2019-12-09,40.75660359,-73.9979009,297575
2019-12-09,40.75066386,-74.00176802,297575
2019-12-09,40.74444921,-73.98303529,297576
2019-12-09,40.74780373,-73.9734419,297576
2019-12-09,40.72917025,-73.99810231,297577
2019-12-09,40.73047309,-73.98672378,297577
2019-12-09,40.71285887,-73.96590294,297578
2019-12-09,40.70862144,-74.00722156,297578
2019-12-09,40.74322681432173,-73.97449783980846,297579
2019-12-09,40.75466591,-73.99138152,297579
2019-12-09,40.6851443,-73.95380904,297580
2019-12-09,40.6767,-73.969024,297580
2019-12-09,40.7806284,-73.9521667,297581
2019-12-09,40.7981856,-73.9605909006,297581
2019-12-09,40.73912601,-73.97973776,297582
2019-12-09,40.730563,-73.973984,297582
2019-12-09,40.741459,-73.983293,297583
2019-12-09,40.75660359,-73.9979009,297583
2019-12-09,40.72621788,-73.98379855,297584
2019-12-09,40.72708584,-73.95299117,297584
2019-12-09,40.70706456,-74.00731853,297585
2019-12-09,40.70834698,-74.01713445,297585
2019-12-09,40.73143724085228,-73.99490341544151,297586
2019-12-09,40.73381219196632,-73.98054420948029,297586
2019-12-09,40.74232744,-73.95411749,297587
2019-12-09,40.73555,-73.95284,297587
2019-12-09,40.73143724085228,-73.99490341544151,297588
2019-12-09,40.72966729392978,-73.98067966103554,297588
2019-12-09,40.76269882,-73.99301222,297589
2019-12-09,40.751396,-74.005226,297589
2019-12-09,40.746647,-73.993915,297590
2019-12-09,40.730563,-73.973984,297590
2019-12-09,40.722103786686034,-73.99724900722504,297591
2019-12-09,40.722055,-73.989111,297591
2019-12-09,40.7031724,-73.940636,297592
2019-12-09,40.705517,-73.93936,297592
2019-12-09,40.72917025,-73.99810231,297593
2019-12-09,40.730563,-73.973984,297593
2019-12-09,40.7787185,-73.9145645,297594
2019-12-09,40.7701477,-73.9120938,297594
2019-12-09,40.75797322,-73.96603308,297595
2019-12-09,40.73587678,-73.98205027,297595
2019-12-09,40.73331967,-73.99510132,297596
2019-12-09,40.715143,-73.944507,297596
2019-12-09,40.70122128,-74.01234218,297597
2019-12-09,40.72621788,-73.98379855,297597
2019-12-09,40.7462009,-73.98855723,297598
2019-12-09,40.72621788,-73.98379855,297598
2019-12-09,40.73912601,-73.97973776,297599
2019-12-09,40.7454973,-74.00197139,297599
2019-12-09,40.734814,-73.992085,297600
2019-12-09,40.72966729392978,-73.98067966103554,297600
2019-12-09,40.76068327096592,-73.9845272898674,297601
2019-12-09,40.76269882,-73.99301222,297601
2019-12-09,40.751873,-73.977706,297602
2019-12-09,40.75934501,-73.96759673,297602
2019-12-09,40.72362738,-73.99949601,297603
2019-12-09,40.73226398,-73.99852205,297603
2019-12-09,40.76350532,-73.97109243,297604
2019-12-09,40.75510267,-73.97498696,297604
2019-12-09,40.77966809007312,-73.98093044757842,297605
2019-12-09,40.79127,-73.964839,297605
2019-12-09,40.77966809007312,-73.98093044757842,297606
2019-12-09,40.79127,-73.964839,297606
2019-12-09,40.76068327096592,-73.9845272898674,297607
2019-12-09,40.75828065,-73.97069431,297607
2019-12-09,40.763189,-73.978434,297608
2019-12-09,40.75640548,-73.9900262,297608
2019-12-09,40.79127,-73.964839,297609
2019-12-09,40.7987859,-73.9523,297609
2019-12-09,40.76068327096592,-73.9845272898674,297610
2019-12-09,40.72746420692392,-73.97950418293476,297610
2019-12-09,40.7475739589548,-73.9788007736206,297611
2019-12-09,40.74311555376486,-73.98215353488922,297611
2019-12-09,40.720747,-73.986274,297612
2019-12-09,40.73221853,-73.98165557,297612
2019-12-09,40.67260298150126,-73.98983001708984,297613
2019-12-09,40.6705135,-73.98876585,297613
2019-12-09,40.74487634,-73.99529885,297614
2019-12-09,40.75038009,-73.98338988,297614
2019-12-09,40.7652654,-73.98192338,297615
2019-12-09,40.76727216,-73.99392888,297615
2019-12-09,40.6851443,-73.95380904,297616
2019-12-09,40.69128258,-73.9452416,297616
2019-12-09,40.768254,-73.988639,297617
2019-12-09,40.77149671054441,-73.99046033620834,297617
2019-12-09,40.73381219196632,-73.98054420948029,297618
2019-12-09,40.74322681432173,-73.97449783980846,297618
2019-12-09,40.702461,-73.986842,297619
2019-12-09,40.698568,-73.918877,297619
2019-12-09,40.69610226,-73.96751037,297620
2019-12-09,40.70411791,-73.94818595,297620
2019-12-09,40.72019576,-73.98997825,297621
2019-12-09,40.707873,-74.00167,297621
2019-12-09,40.749717753,-74.002950346,297622
2019-12-09,40.73291553,-74.00711384,297622
2019-12-09,40.7867947,-73.977112,297623
2019-12-09,40.7973721,-73.97041192,297623
2019-12-09,40.686371,-73.99383324,297624
2019-12-09,40.678045,-73.962408,297624
2019-12-09,40.72243797,-74.00566443,297625
2019-12-09,40.7153379,-74.01658354,297625
2019-12-09,40.72903917,-73.99404649,297626
2019-12-09,40.73221853,-73.98165557,297626
2019-12-09,40.7546011026,-73.971878855,297627
2019-12-09,40.72110063,-73.9919254,297627
2019-12-09,40.682601,-73.938037,297628
2019-12-09,40.68415748,-73.96922273,297628
2019-12-09,40.72307749068673,-73.98583620786667,297629
2019-12-09,40.71559509,-73.9870295,297629
2019-12-09,40.77477944895728,-73.95427465438843,297630
2019-12-09,40.76663814,-73.95348296,297630
2019-12-09,40.76228826,-73.98336183,297631
2019-12-09,40.77282817,-73.96685276,297631
2019-12-09,40.72966729392978,-73.98067966103554,297632
2019-12-09,40.7172274,-73.98802084,297632
2019-12-09,40.72317958,-73.99480012,297633
2019-12-09,40.71307916,-73.99851193,297633
2019-12-09,40.7546011026,-73.971878855,297634
2019-12-09,40.7859201,-73.94860294,297634
2019-12-09,40.69236178,-73.98631746,297635
2019-12-09,40.6883337,-73.950916,297635
2019-12-09,40.78524672,-73.97667321,297636
2019-12-09,40.77966809007312,-73.98093044757842,297636
2019-12-09,40.71910537,-73.99973337,297637
2019-12-09,40.73020660529954,-73.99102628231049,297637
2019-12-09,40.6804836,-73.9646795,297638
2019-12-09,40.676368,-73.952918,297638
2019-12-09,40.72243797,-74.00566443,297639
2019-12-09,40.72405549,-74.00965965,297639
2019-12-09,40.70413,-73.90737,297640
2019-12-09,40.70793,-73.91092,297640
2019-12-09,40.71260486,-73.96264403,297641
2019-12-09,40.7190095,-73.95852515,297641
2019-12-09,40.724055,-73.955736,297642
2019-12-09,40.73124,-73.95161,297642
2019-12-09,40.73652889,-74.00618026,297643
2019-12-09,40.7454973,-74.00197139,297643
2019-12-09,40.76800889305947,-73.96845281124115,297644
2019-12-09,40.76712840349542,-73.96224617958069,297644
2019-12-09,40.69363137,-73.96223558,297645
2019-12-09,40.69128258,-73.9452416,297645
2019-12-09,40.7284186,-73.98713956,297646
2019-12-09,40.73020660529954,-73.99102628231049,297646
2019-12-09,40.72036775298455,-73.96165072917938,297647
2019-12-09,40.70877084,-73.95095259,297647
2019-12-09,40.744219,-73.97121214,297648
2019-12-09,40.72621788,-73.98379855,297648
2019-12-09,40.73704984,-73.99009296,297649
2019-12-09,40.73587678,-73.98205027,297649
2019-12-09,40.72966729392978,-73.98067966103554,297650
2019-12-09,40.72368361,-73.97574813,297650
2019-12-09,40.71910537,-73.99973337,297651
2019-12-09,40.72917025,-73.99810231,297651
2019-12-09,40.754120810779256,-73.98025184869766,297652
2019-12-09,40.741459,-73.983293,297652
2019-12-09,40.76019252,-73.9912551,297653
2019-12-09,40.73912601,-73.97973776,297653
2019-12-09,40.7806284,-73.9521667,297654
2019-12-09,40.795,-73.9645,297654
2019-12-09,40.72066442,-73.98517977,297655
2019-12-09,40.7208736,-73.98085795,297655
2019-12-09,40.74177603,-74.00149746,297656
2019-12-09,40.72746420692392,-73.97950418293476,297656
2019-12-09,40.68565,-73.91564,297657
2019-12-09,40.69055,-73.91181,297657
2019-12-09,40.73047747,-73.99906065,297658
2019-12-09,40.72903917,-73.99404649,297658
2019-12-09,40.76360467795863,-73.98917958140373,297659
2019-12-09,40.7652654,-73.98192338,297659
2019-12-09,40.74096374,-73.98602213,297660
2019-12-09,40.7457121,-73.98194829,297660
2019-12-09,40.73224119,-74.00026394,297661
2019-12-09,40.73535398,-74.00483091,297661
2019-12-09,40.735445,-73.99431,297662
2019-12-09,40.74487634,-73.99529885,297662
2019-12-09,40.735445,-73.99431,297663
2019-12-09,40.75929124,-73.98859651,297663
2019-12-09,40.6763947,-73.99869893,297664
2019-12-09,40.6793307,-73.97519523,297664
2019-12-09,40.734814,-73.992085,297665
2019-12-09,40.73401143,-74.00293877,297665
2019-12-09,40.70907,-73.92157,297666
2019-12-09,40.69128258,-73.9452416,297666
2019-12-09,40.7546011026,-73.971878855,297667
2019-12-09,40.757186,-73.932719,297667
2019-12-09,40.78499979,-73.97283406,297668
2019-12-09,40.7770575,-73.97898475,297668
2019-12-09,40.71286844,-73.95698119,297669
2019-12-09,40.6740123,-73.9671457,297669
2019-12-09,40.76360467795863,-73.98917958140373,297670
2019-12-09,40.73944820130404,-74.00507032871246,297670
2019-12-09,40.735445,-73.99431,297671
2019-12-09,40.75929124,-73.98859651,297671
2019-12-09,40.693261,-73.968896,297672
2019-12-09,40.6851443,-73.95380904,297672
2019-12-09,40.7728384,-73.94989233,297673
2019-12-09,40.70463,-74.01507,297673
2019-12-09,40.73401143,-74.00293877,297674
2019-12-09,40.72185379,-74.00771779,297674
2019-12-09,40.735445,-73.99431,297675
2019-12-09,40.7361967,-74.00859207,297675
2019-12-09,40.751581,-73.97791,297676
2019-12-09,40.73944820130404,-74.00507032871246,297676
2019-12-09,40.77801203,-73.95407149,297677
2019-12-09,40.77801203,-73.95407149,297677
2019-12-09,40.72229346,-73.99147535,297678
2019-12-09,40.71285887,-73.96590294,297678
2019-12-09,40.74780373,-73.9734419,297679
2019-12-09,40.722055,-73.989111,297679
2019-12-09,40.6707767,-73.9576801,297680
2019-12-09,40.6765198,-73.9596082,297680
2019-12-09,40.76068327096592,-73.9845272898674,297681
2019-12-09,40.77862688,-73.95772073,297681
2019-12-09,40.72494672359416,-74.00165855884552,297682
2019-12-09,40.718822,-73.99596,297682
2019-12-09,40.74734825,-73.99723551,297683
2019-12-09,40.749156,-73.9916,297683
2019-12-09,40.71907891179564,-73.94223690032959,297684
2019-12-09,40.71924,-73.95242,297684
2019-12-09,40.693261,-73.968896,297685
2019-12-09,40.69573398,-73.97129668,297685
2019-12-09,40.72066442,-73.98517977,297686
2019-12-09,40.72453734,-73.98185424,297686
2019-12-09,40.79406660818552,-73.96286845207214,297687
2019-12-09,40.7941654,-73.974124,297687
2019-12-09,40.698617,-73.941342,297688
2019-12-09,40.69539817,-73.94954908,297688
2019-12-09,40.71939226,-74.00247214,297689
2019-12-09,40.73535398,-74.00483091,297689
2019-12-09,40.73935542,-73.99931783,297690
2019-12-09,40.76269882,-73.99301222,297690
2019-12-09,40.744219,-73.97121214,297691
2019-12-09,40.72066442,-73.98517977,297691
2019-12-09,40.74718234,-73.9432635,297692
2019-12-09,40.745038,-73.957539,297692
2019-12-09,40.7047177,-74.00926027,297693
2019-12-09,40.71427487,-73.98990025,297693
2019-12-09,40.78499979,-73.97283406,297694
2019-12-09,40.7770575,-73.97898475,297694
2019-12-09,40.69236178,-73.98631746,297695
2019-12-09,40.68461653897949,-73.98721285164356,297695
2019-12-09,40.746647,-73.993915,297696
2019-12-09,40.77515953434235,-73.98918695747852,297696
2019-12-09,40.78472675,-73.96961715,297697
2019-12-09,40.78414472,-73.98362492,297697
2019-12-09,40.70029511,-73.95032283,297698
2019-12-09,40.70853074,-73.96408963,297698
2019-12-09,40.77163851,-73.98261428,297699
2019-12-09,40.777507027547976,-73.98888587951659,297699
2019-12-09,40.75066386,-74.00176802,297700
2019-12-09,40.75466591,-73.99138152,297700
2019-12-09,40.72917025,-73.99810231,297701
2019-12-09,40.72066442,-73.98517977,297701
2019-12-09,40.71605866,-73.99190759,297702
2019-12-09,40.72746420692392,-73.97950418293476,297702
2019-12-09,40.761584,-73.925921,297703
2019-12-09,40.7692475,-73.9354504,297703
2019-12-09,40.68506807308177,-73.97790759801863,297704
2019-12-09,40.68415748,-73.96922273,297704
2019-12-09,40.668127,-73.98377641,297705
2019-12-09,40.6703837,-73.97839676,297705
2019-12-09,40.73223272,-73.98889957,297706
2019-12-09,40.73223272,-73.98889957,297706
2019-12-09,40.720747,-73.986274,297707
2019-12-09,40.7451677,-73.98683077,297707
2019-12-09,40.71406667,-73.99293911,297708
2019-12-09,40.71782143,-73.97628939,297708
2019-12-09,40.722103786686034,-73.99724900722504,297709
2019-12-09,40.720747,-73.986274,297709
2019-12-09,40.7489006,-73.97604882,297710
2019-12-09,40.73912601,-73.97973776,297710
2019-12-09,40.699304,-73.923044,297711
2019-12-09,40.69811,-73.90904,297711
2019-12-09,40.70924826276157,-73.96063148975372,297712
2019-12-09,40.7172274,-73.98802084,297712
2019-12-09,40.75066386,-74.00176802,297713
2019-12-09,40.741459,-73.983293,297713
2019-12-09,40.680944723477296,-73.97567331790923,297714
2019-12-09,40.676368,-73.952918,297714
2019-12-09,40.7505853470215,-73.9946848154068,297715
2019-12-09,40.70834698,-74.01713445,297715
2019-12-09,40.755293,-73.967641,297716
2019-12-09,40.79904139288298,-73.96649479866028,297716
2019-12-09,40.746745,-74.007756,297717
2019-12-09,40.71754834,-74.01322069,297717
2019-12-09,40.71910537,-73.99973337,297718
2019-12-09,40.72229346,-73.99147535,297718
2019-12-09,40.76009437,-73.99461843,297719
2019-12-09,40.76360467795863,-73.98917958140373,297719
2019-12-09,40.72228087,-73.97668709,297720
2019-12-09,40.72521311,-73.97768752,297720
2019-12-09,40.6707767,-73.9576801,297721
2019-12-09,40.6765198,-73.9596082,297721
2019-12-09,40.73047747,-73.99906065,297722
2019-12-09,40.7284186,-73.98713956,297722
2019-12-09,40.6707767,-73.9576801,297723
2019-12-09,40.6721683,-73.9609,297723
2019-12-09,40.7949879,-73.9333349,297724
2019-12-09,40.7949879,-73.9333349,297724
2019-12-09,40.70411791,-73.94818595,297725
2019-12-09,40.70870368,-73.9448625,297725
2019-12-09,40.69165183,-73.9999786,297726
2019-12-09,40.6853761,-73.98302136,297726
2019-12-09,40.73726186,-73.99238967,297727
2019-12-09,40.73038599,-74.00214988,297727
2019-12-09,40.73331967,-73.99510132,297728
2019-12-09,40.73401143,-74.00293877,297728
2019-12-09,40.77862688,-73.95772073,297729
2019-12-09,40.75828065,-73.97069431,297729
2019-12-09,40.8082,-73.9641,297730
2019-12-09,40.801694,-73.957145,297730
2019-12-09,40.73726186,-73.99238967,297731
2019-12-09,40.7262807,-73.98978041,297731
2019-12-09,40.73726186,-73.99238967,297732
2019-12-09,40.7262807,-73.98978041,297732
2019-12-09,40.73935542,-73.99931783,297733
2019-12-09,40.74734825,-73.99723551,297733
2019-12-09,40.73291553,-74.00711384,297734
2019-12-09,40.7390169121,-74.0026376103,297734
2019-12-09,40.70365182,-74.01167797,297735
2019-12-09,40.71427487,-73.98990025,297735
2019-12-09,40.69517,-73.90311,297736
2019-12-09,40.69047,-73.923511,297736
2019-12-09,40.773763,-73.96222088,297737
2019-12-09,40.76009437,-73.99461843,297737
2019-12-09,40.76068327096592,-73.9845272898674,297738
2019-12-09,40.74901271,-73.98848395,297738
2019-12-09,40.7652654,-73.98192338,297739
2019-12-09,40.75513557,-73.98658032,297739
2019-12-09,40.777507027547976,-73.98888587951659,297740
2019-12-09,40.79127,-73.964839,297740
2019-12-09,40.75992262,-73.97648516,297741
2019-12-09,40.7597108,-73.97402311,297741
2019-12-09,40.7770575,-73.97898475,297742
2019-12-09,40.8013066,-73.9398167,297742
2019-12-09,40.75934501,-73.96759673,297743
2019-12-09,40.751873,-73.977706,297743
2019-12-09,40.73944820130404,-74.00507032871246,297744
2019-12-09,40.738046142482766,-73.99642959237099,297744
2019-12-09,40.749717753,-74.002950346,297745
2019-12-09,40.74734825,-73.99723551,297745
2019-12-09,40.75513557,-73.98658032,297746
2019-12-09,40.75001986,-73.96905301,297746
2019-12-09,40.76915505,-73.98191841,297747
2019-12-09,40.751396,-74.005226,297747
2019-12-09,40.75038009,-73.98338988,297748
2019-12-09,40.73221853,-73.98165557,297748
2019-12-09,40.72243797,-74.00566443,297749
2019-12-09,40.718822,-73.99596,297749
2019-12-09,40.76095756,-73.96724467,297750
2019-12-09,40.78839,-73.9747,297750
2019-12-09,40.7277140777778,-74.01129573583603,297751
2019-12-09,40.7149787,-74.013012,297751
2019-12-09,40.75742,-73.945133,297752
2019-12-09,40.75742,-73.945133,297752
2019-12-09,40.75066386,-74.00176802,297753
2019-12-09,40.759125,-73.962658,297753
2019-12-09,40.680944723477296,-73.97567331790923,297754
2019-12-09,40.68415748,-73.96922273,297754
2019-12-09,40.73532427,-73.99800419,297755
2019-12-09,40.73912601,-73.97973776,297755
2019-12-09,40.7862586,-73.94552579,297756
2019-12-09,40.7961535,-73.94782145,297756
2019-12-09,40.68691865,-73.976682,297757
2019-12-09,40.6809741,-73.9710097,297757
2019-12-09,40.71307916,-73.99851193,297758
2019-12-09,40.70862144,-74.00722156,297758
2019-12-09,40.73020660529954,-73.99102628231049,297759
2019-12-09,40.73704984,-73.99009296,297759
2019-12-09,40.7689738,-73.95482273,297760
2019-12-09,40.7728384,-73.94989233,297760
2019-12-09,40.67260298150126,-73.98983001708984,297761
2019-12-09,40.68841,-73.979458,297761
2019-12-09,40.72577,-73.94173,297762
2019-12-09,40.7239567849954,-73.94984364509583,297762
2019-12-09,40.6729679,-73.97087984,297763
2019-12-09,40.66314,-73.9605695,297763
2019-12-09,40.7597108,-73.97402311,297764
2019-12-09,40.75992262,-73.97648516,297764
2019-12-09,40.71413089,-73.9970468,297765
2019-12-09,40.71782143,-73.97628939,297765
2019-12-09,40.73143724085228,-73.99490341544151,297766
2019-12-09,40.73454567,-73.99074142,297766
2019-12-09,40.7806284,-73.9521667,297767
2019-12-09,40.773763,-73.96222088,297767
2019-12-09,40.75466591,-73.99138152,297768
2019-12-09,40.76095756,-73.96724467,297768
2019-12-09,40.69081,-73.90448,297769
2019-12-09,40.70076,-73.93641,297769
2019-12-09,40.77579376683666,-73.9762057363987,297770
2019-12-09,40.801694,-73.957145,297770
2019-12-09,40.73555,-73.95284,297771
2019-12-09,40.75325964,-73.94335788,297771
2019-12-09,40.7904828,-73.95033068,297772
2019-12-09,40.79329668,-73.9432083,297772
2019-12-09,40.720747,-73.986274,297773
2019-12-09,40.71926081,-73.98178024,297773
2019-12-09,40.73223272,-73.98889957,297774
2019-12-09,40.72951496224949,-73.99075269699097,297774
2019-12-09,40.76915505,-73.98191841,297775
2019-12-09,40.75714758,-73.97207836,297775
2019-12-09,40.76663814,-73.95348296,297776
2019-12-09,40.7699426,-73.96060712,297776
2019-12-09,40.749717753,-74.002950346,297777
2019-12-09,40.7882213,-73.97041561,297777
2019-12-09,40.75992262,-73.97648516,297778
2019-12-09,40.7597108,-73.97402311,297778
2019-12-09,40.72317958,-73.99480012,297779
2019-12-09,40.72953837,-73.98426726,297779
2019-12-09,40.7941654,-73.974124,297780
2019-12-09,40.7835016,-73.955327,297780
2019-12-09,40.69757,-73.93098,297781
2019-12-09,40.69905,-73.91516,297781
2019-12-09,40.71335226222875,-73.9491033554077,297782
2019-12-09,40.715353,-73.93856,297782
2019-12-09,40.73652889,-74.00618026,297783
2019-12-09,40.73827428,-73.98751968,297783
2019-12-09,40.71939226,-74.00247214,297784
2019-12-09,40.72951496224949,-73.99075269699097,297784
2019-12-09,40.77149671054441,-73.99046033620834,297785
2019-12-09,40.768254,-73.988639,297785
2019-12-09,40.72307749068673,-73.98583620786667,297786
2019-12-09,40.7208736,-73.98085795,297786
2019-12-09,40.6776147,-73.97324283,297787
2019-12-09,40.6883337,-73.950916,297787
2019-12-09,40.75898481399634,-73.99379968643188,297788
2019-12-09,40.75172632,-73.98753523,297788
2019-12-09,40.6859296,-74.00242364,297789
2019-12-09,40.6859296,-74.00242364,297789
2019-12-09,40.7597108,-73.97402311,297790
2019-12-09,40.75992262,-73.97648516,297790
2019-12-09,40.75323098,-73.97032517,297791
2019-12-09,40.72228087,-73.97668709,297791
2019-12-09,40.6867443,-73.99063168,297792
2019-12-09,40.6849668,-73.98620772,297792
2019-12-09,40.78524672,-73.97667321,297793
2019-12-09,40.7829391,-73.9786517,297793
2019-12-09,40.71850211,-73.98329859,297794
2019-12-09,40.72966729392978,-73.98067966103554,297794
2019-12-09,40.7923272,-73.9383,297795
2019-12-09,40.7949879,-73.9333349,297795
2019-12-09,40.69239502,-73.99337909,297796
2019-12-09,40.69165183,-73.9999786,297796
2019-12-09,40.73331967,-73.99510132,297797
2019-12-09,40.71939226,-74.00247214,297797
2019-12-09,40.74765947,-73.98490707,297798
2019-12-09,40.799139,-73.9389152,297798
2019-12-09,40.7934337,-73.94945003,297799
2019-12-09,40.7892529,-73.93956237,297799
2019-12-09,40.74901271,-73.98848395,297800
2019-12-09,40.74322681432173,-73.97449783980846,297800
2019-12-09,40.75992262,-73.97648516,297801
2019-12-09,40.7597108,-73.97402311,297801
2019-12-09,40.730563,-73.973984,297802
2019-12-09,40.74286877312112,-73.98918628692627,297802
2019-12-09,40.74395411,-73.99144871,297803
2019-12-09,40.739445,-73.976806,297803
2019-12-09,40.77282817,-73.96685276,297804
2019-12-09,40.759107,-73.959223,297804
2019-12-09,40.76500525,-73.95818491,297805
2019-12-09,40.76227205,-73.98788205,297805
2019-12-09,40.735367055605394,-73.98797392845154,297806
2019-12-09,40.73221853,-73.98165557,297806
2019-12-09,40.77579376683666,-73.9762057363987,297807
2019-12-09,40.801694,-73.957145,297807
2019-12-09,40.75797322,-73.96603308,297808
2019-12-09,40.77477944895728,-73.95427465438843,297808
2019-12-09,40.76663814,-73.95348296,297809
2019-12-09,40.76108,-73.930562,297809
2019-12-09,40.7277140777778,-74.01129573583603,297810
2019-12-09,40.73291553,-74.00711384,297810
2019-12-09,40.7829391,-73.9786517,297811
2019-12-09,40.77515953434235,-73.98918695747852,297811
2019-12-09,40.6729679,-73.97087984,297812
2019-12-09,40.68683208,-73.9796772,297812
2019-12-09,40.7277140777778,-74.01129573583603,297813
2019-12-09,40.73652889,-74.00618026,297813
2019-12-09,40.69236178,-73.98631746,297814
2019-12-09,40.693261,-73.968896,297814
2019-12-09,40.6902375,-73.99203074,297815
2019-12-09,40.6829151,-73.99318208,297815
2019-12-09,40.7973721,-73.97041192,297816
2019-12-09,40.75797322,-73.96603308,297816
2019-12-09,40.73912601,-73.97973776,297817
2019-12-09,40.74096374,-73.98602213,297817
2019-12-09,40.72066442,-73.98517977,297818
2019-12-09,40.7208736,-73.98085795,297818
2019-12-09,40.71273266,-74.0046073,297819
2019-12-09,40.71117416,-74.00016545,297819
2019-12-09,40.688417427540834,-73.98451656103134,297820
2019-12-09,40.68926942,-73.98912867,297820
2019-12-09,40.6902375,-73.99203074,297821
2019-12-09,40.6829151,-73.99318208,297821
2019-12-09,40.6772744,-73.98282002,297822
2019-12-09,40.675146838709786,-73.97523209452629,297822
2019-12-09,40.71939226,-74.00247214,297823
2019-12-09,40.72966729392978,-73.98067966103554,297823
2019-12-09,40.7597108,-73.97402311,297824
2019-12-09,40.75797322,-73.96603308,297824
2019-12-09,40.6794268,-73.9298911,297825
2019-12-09,40.68319988172761,-73.91166642308235,297825
2019-12-09,40.8011939,-73.9500739,297826
2019-12-09,40.7981856,-73.9605909006,297826
2019-12-09,40.7449067,-73.9534573,297827
2019-12-09,40.74708586,-73.94977234,297827
2019-12-09,40.75513557,-73.98658032,297828
2019-12-09,40.76360467795863,-73.98917958140373,297828
2019-12-09,40.71534825,-73.96024116,297829
2019-12-09,40.71285887,-73.96590294,297829
2019-12-09,40.78472675,-73.96961715,297830
2019-12-09,40.7867947,-73.977112,297830
2019-12-09,40.75828065,-73.97069431,297831
2019-12-09,40.75255434,-73.97282625,297831
2019-12-09,40.722055,-73.989111,297832
2019-12-09,40.71605866,-73.99190759,297832
2019-12-09,40.7489006,-73.97604882,297833
2019-12-09,40.74322681432173,-73.97449783980846,297833
2019-12-09,40.77492513,-73.98266566,297834
2019-12-09,40.8143256,-73.9590255,297834
2019-12-09,40.74901271,-73.98848395,297835
2019-12-09,40.76590936,-73.97634151,297835
2019-12-09,40.71745169,-73.95850939,297836
2019-12-09,40.716887,-73.963198,297836
2019-12-09,40.72082834,-73.97793172,297837
2019-12-09,40.749717753,-74.002950346,297837
2019-12-09,40.72951496224949,-73.99075269699097,297838
2019-12-09,40.74317449,-74.00366443,297838
2019-12-09,40.7390169121,-74.0026376103,297839
2019-12-09,40.73944820130404,-74.00507032871246,297839
2019-12-09,40.7172274,-73.98802084,297840
2019-12-09,40.71260486,-73.96264403,297840
2019-12-09,40.68929,-73.90951,297841
2019-12-09,40.69676,-73.92302,297841
2019-12-09,40.74901271,-73.98848395,297842
2019-12-09,40.7457121,-73.98194829,297842
2019-12-09,40.73704984,-73.99009296,297843
2019-12-09,40.739445,-73.976806,297843
2019-12-09,40.75001986,-73.96905301,297844
2019-12-09,40.75466591,-73.99138152,297844
2019-12-09,40.749156,-73.9916,297845
2019-12-09,40.75466591,-73.99138152,297845
2019-12-09,40.74290902,-73.97706058,297846
2019-12-09,40.730563,-73.973984,297846
2019-12-09,40.7839636,-73.9471673,297847
2019-12-09,40.8045555,-73.9396861,297847
2019-12-09,40.75594159,-74.0021163,297848
2019-12-09,40.77149671054441,-73.99046033620834,297848
2019-12-09,40.668127,-73.98377641,297849
2019-12-09,40.666287,-73.98895053,297849
2019-12-09,40.71534825,-73.96024116,297850
2019-12-09,40.71167351,-73.95141312,297850
2019-12-09,40.7262807,-73.98978041,297851
2019-12-09,40.72019576,-73.98997825,297851
2019-12-09,40.756913,-73.921631,297852
2019-12-09,40.7713615,-73.9246145,297852
2019-12-09,40.71559509,-73.9870295,297853
2019-12-09,40.7208736,-73.98085795,297853
2019-12-09,40.76341379,-73.99667444,297854
2019-12-09,40.7997568,-73.9621128676,297854
2019-12-09,40.71605866,-73.99190759,297855
2019-12-09,40.71076228,-73.99400398,297855
2019-12-09,40.74317449,-74.00366443,297856
2019-12-09,40.75466591,-73.99138152,297856
2019-12-09,40.78948541553215,-73.95242929458618,297857
2019-12-09,40.8013066,-73.9398167,297857
2019-12-09,40.70684203101325,-73.9544353965357,297858
2019-12-09,40.71469,-73.95739,297858
2019-12-09,40.73704984,-73.99009296,297859
2019-12-09,40.73726186,-73.99238967,297859
2019-12-09,40.7575699,-73.99098507,297860
2019-12-09,40.76030096,-73.99884222,297860
2019-12-09,40.6803560840434,-73.9476791024208,297861
2019-12-09,40.682601,-73.938037,297861
2019-12-09,40.71907891179564,-73.94223690032959,297862
2019-12-09,40.71167351,-73.95141312,297862
2019-12-09,40.718822,-73.99596,297863
2019-12-09,40.71939226,-74.00247214,297863
2019-12-09,40.78472675,-73.96961715,297864
2019-12-09,40.7987859,-73.9523,297864
2019-12-09,40.76500525,-73.95818491,297866
2019-12-09,40.77140426,-73.9535166,297866
2019-12-09,40.70834698,-74.01713445,297867
2019-12-09,40.711512,-74.015756,297867
2019-12-09,40.73726186,-73.99238967,297868
2019-12-09,40.71910537,-73.99973337,297868
2019-12-09,40.71907891179564,-73.94223690032959,297869
2019-12-09,40.71167351,-73.95141312,297869
2019-12-09,40.74691959,-74.00451887,297870
2019-12-09,40.74475148,-73.99915362,297870
2019-12-09,40.746745,-74.007756,297871
2019-12-09,40.74475148,-73.99915362,297871
2019-12-09,40.75660359,-73.9979009,297872
2019-12-09,40.76019252,-73.9912551,297872
2019-12-09,40.7505853470215,-73.9946848154068,297873
2019-12-09,40.76360467795863,-73.98917958140373,297873
2019-12-09,40.72740794,-73.98142006,297874
2019-12-09,40.72966729392978,-73.98067966103554,297874
2019-12-09,40.739323,-74.008119,297875
2019-12-09,40.73291553,-74.00711384,297875
2019-12-09,40.71076228,-73.99400398,297876
2019-12-09,40.71076228,-73.99400398,297876
2019-12-09,40.728846,-74.008591,297877
2019-12-09,40.72953837,-73.98426726,297877
2019-12-09,40.72299208,-73.97995466,297878
2019-12-09,40.72299208,-73.97995466,297878
2019-12-09,40.72066442,-73.98517977,297879
2019-12-09,40.744219,-73.97121214,297879
2019-12-09,40.73401143,-74.00293877,297880
2019-12-09,40.73143724085228,-73.99490341544151,297880
2019-12-09,40.75500254,-73.98014437,297881
2019-12-09,40.7575699,-73.99098507,297881
2019-12-09,40.77966809007312,-73.98093044757842,297882
2019-12-09,40.7667405590595,-73.9790689945221,297882
2019-12-09,40.73026,-73.95394,297883
2019-12-09,40.73181401720966,-73.95995020866394,297883
2019-12-09,40.741459,-73.983293,297884
2019-12-09,40.75455731,-73.96592976,297884
2019-12-09,40.734814,-73.992085,297885
2019-12-09,40.71427487,-73.98990025,297885
2019-12-09,40.73781509,-73.99994661,297886
2019-12-09,40.735238,-74.000271,297886
2019-12-09,40.72217444,-73.98368779,297887
2019-12-09,40.72019576,-73.98997825,297887
2019-12-09,40.741459,-73.983293,297888
2019-12-09,40.74177603,-74.00149746,297888
2019-12-09,40.805159,-73.954692,297889
2019-12-09,40.8025566,-73.9490782,297889
2019-12-09,40.72953837,-73.98426726,297890
2019-12-09,40.72217444,-73.98368779,297890
2019-12-09,40.7262807,-73.98978041,297891
2019-12-09,40.71269042,-73.98776323,297891
2019-12-09,40.8067581,-73.9607082,297892
2019-12-09,40.77862688,-73.95772073,297892
2019-12-09,40.74238787,-73.99726235,297893
2019-12-09,40.72917025,-73.99810231,297893
2019-12-09,40.6746957,-73.99785768,297894
2019-12-09,40.6769993,-74.00647134,297894
2019-12-09,40.728846,-74.008591,297895
2019-12-09,40.74334935,-74.00681753,297895
2019-12-09,40.76019252,-73.9912551,297896
2019-12-09,40.76370739,-73.9851615,297896
2019-12-09,40.68312489,-73.97895137,297897
2019-12-09,40.677027,-73.9865,297897
2019-12-09,40.7770575,-73.97898475,297898
2019-12-09,40.76370739,-73.9851615,297898
2019-12-09,40.73047747,-73.99906065,297899
2019-12-09,40.72966729392978,-73.98067966103554,297899
2019-12-09,40.6794268,-73.9298911,297900
2019-12-09,40.6814598,-73.934903,297900
2019-12-09,40.72453734,-73.98185424,297902
2019-12-09,40.73221853,-73.98165557,297902
2019-12-09,40.73944820130404,-74.00507032871246,297903
2019-12-09,40.75038009,-73.98338988,297903
2019-12-09,40.74232744,-73.95411749,297904
2019-12-09,40.72906,-73.95779,297904
2019-12-09,40.73944820130404,-74.00507032871246,297905
2019-12-09,40.75038009,-73.98338988,297905
2019-12-09,40.73587678,-73.98205027,297906
2019-12-09,40.73454567,-73.99074142,297906
2019-12-09,40.795,-73.9645,297907
2019-12-09,40.7882213,-73.97041561,297907
2019-12-09,40.74691959,-74.00451887,297908
2019-12-09,40.741459,-73.983293,297908
2019-12-09,40.71335226222875,-73.9491033554077,297909
2019-12-09,40.73396,-73.95204,297909
2019-12-09,40.72453734,-73.98185424,297910
2019-12-09,40.72966729392978,-73.98067966103554,297910
2019-12-09,40.7652654,-73.98192338,297911
2019-12-09,40.77163851,-73.98261428,297911
2019-12-09,40.8086249,-73.9596214,297912
2019-12-09,40.805159,-73.954692,297912
2019-12-09,40.73221853,-73.98165557,297913
2019-12-09,40.71269042,-73.98776323,297913
2019-12-09,40.741459,-73.983293,297914
2019-12-09,40.72966729392978,-73.98067966103554,297914
2019-12-09,40.6716493,-73.9631145,297915
2019-12-09,40.6765198,-73.9596082,297915
2019-12-09,40.70862144,-74.00722156,297916
2019-12-09,40.71413089,-73.9970468,297916
2019-12-09,40.739323,-74.008119,297917
2019-12-09,40.7505853470215,-73.9946848154068,297917
2019-12-09,40.75992262,-73.97648516,297918
2019-12-09,40.74901271,-73.98848395,297918
2019-12-09,40.69047,-73.923511,297919
2019-12-09,40.69122,-73.91693,297919
2019-12-09,40.72710258,-74.00297088,297920
2019-12-09,40.71413089,-73.9970468,297920
2019-12-09,40.73781509,-73.99994661,297921
2019-12-09,40.74937024193277,-73.99923384189606,297921
2019-12-09,40.70877084,-73.95095259,297922
2019-12-09,40.7190095,-73.95852515,297922
2019-12-09,40.74290902,-73.97706058,297923
2019-12-09,40.734232,-73.986923,297923
2019-12-09,40.79127,-73.964839,297924
2019-12-09,40.8006721,-73.9349,297924
2019-12-09,40.7451677,-73.98683077,297925
2019-12-09,40.72502876,-73.99069656,297925
2019-12-09,40.72110063,-73.9919254,297926
2019-12-09,40.72019576,-73.98997825,297926
2019-12-09,40.7451677,-73.98683077,297927
2019-12-09,40.72502876,-73.99069656,297927
2019-12-09,40.7829391,-73.9786517,297928
2019-12-09,40.77579376683666,-73.9762057363987,297928
2019-12-09,40.69236178,-73.98631746,297929
2019-12-09,40.6786115,-73.99037292,297929
2019-12-09,40.71167351,-73.95141312,297930
2019-12-09,40.71534825,-73.96024116,297930
2019-12-09,40.71167351,-73.95141312,297931
2019-12-09,40.71285887,-73.96590294,297931
2019-12-09,40.71910537,-73.99973337,297932
2019-12-09,40.70706456,-74.00731853,297932
2019-12-09,40.68506807308177,-73.97790759801863,297933
2019-12-09,40.686371,-73.99383324,297933
2019-12-09,40.73726186,-73.99238967,297934
2019-12-09,40.7457121,-73.98194829,297934
2019-12-09,40.75714758,-73.97207836,297935
2019-12-09,40.75466591,-73.99138152,297935
2019-12-09,40.73223272,-73.98889957,297936
2019-12-09,40.73143724085228,-73.99490341544151,297936
2019-12-09,40.7652654,-73.98192338,297937
2019-12-09,40.7652654,-73.98192338,297937
2019-12-09,40.72740794,-73.98142006,297938
2019-12-09,40.72966729392978,-73.98067966103554,297938
2019-12-09,40.7839636,-73.9471673,297939
2019-12-09,40.7892529,-73.93956237,297939
2019-12-09,40.689888,-73.981013,297940
2019-12-09,40.68981035,-73.97493121,297940
2019-12-09,40.74444921,-73.98303529,297941
2019-12-09,40.749156,-73.9916,297941
2019-12-09,40.73652889,-74.00618026,297942
2019-12-09,40.74177603,-74.00149746,297942
2019-12-09,40.74286877312112,-73.98918628692627,297944
2019-12-09,40.75513557,-73.98658032,297944
2019-12-09,40.7652654,-73.98192338,297945
2019-12-09,40.777507027547976,-73.98888587951659,297945
2019-12-09,40.70255088,-73.98940236,297946
2019-12-09,40.69165183,-73.9999786,297946
2019-12-09,40.7612274,-73.96094022,297947
2019-12-09,40.76500525,-73.95818491,297947
2019-12-09,40.77579376683666,-73.9762057363987,297948
2019-12-09,40.7643971,-73.97371465,297948
2019-12-09,40.6829151,-73.99318208,297949
2019-12-09,40.686312,-73.935775,297949
2019-12-09,40.6803560840434,-73.9476791024208,297950
2019-12-09,40.6851532,-73.94111,297950
2019-12-09,40.73401143,-74.00293877,297951
2019-12-09,40.73020660529954,-73.99102628231049,297951
2019-12-09,40.74475148,-73.99915362,297952
2019-12-09,40.7770575,-73.97898475,297952
2019-12-09,40.73047747,-73.99906065,297953
2019-12-09,40.72494672359416,-74.00165855884552,297953
2019-12-09,40.74177603,-74.00149746,297954
2019-12-09,40.75466591,-73.99138152,297954
2019-12-09,40.73587678,-73.98205027,297955
2019-12-09,40.730563,-73.973984,297955
2019-12-09,40.7262807,-73.98978041,297956
2019-12-09,40.72217444,-73.98368779,297956
2019-12-09,40.68676793,-73.95928168,297957
2019-12-09,40.686203,-73.944694,297957
2019-12-09,40.76360467795863,-73.98917958140373,297958
2019-12-09,40.76009437,-73.99461843,297958
2019-12-09,40.73038599,-74.00214988,297959
2019-12-09,40.722055,-73.989111,297959
2019-12-09,40.71926081,-73.98178024,297960
2019-12-09,40.7172274,-73.98802084,297960
2019-12-09,40.74901271,-73.98848395,297961
2019-12-09,40.74322681432173,-73.97449783980846,297961
2019-12-09,40.79127,-73.964839,297962
2019-12-09,40.76915505,-73.98191841,297962
2019-12-09,40.73020660529954,-73.99102628231049,297963
2019-12-09,40.718822,-73.99596,297963
2019-12-09,40.75594159,-74.0021163,297964
2019-12-09,40.73454567,-73.99074142,297964
2019-12-09,40.75828065,-73.97069431,297965
2019-12-09,40.75019995,-73.99093085,297965
2019-12-09,40.74964,-73.98805,297966
2019-12-09,40.739445,-73.976806,297966
2019-12-09,40.72217444,-73.98368779,297967
2019-12-09,40.72502876,-73.99069656,297967
2019-12-09,40.72307749068673,-73.98583620786667,297968
2019-12-09,40.7284186,-73.98713956,297968
2019-12-09,40.6729679,-73.97087984,297969
2019-12-09,40.668132,-73.97363831,297969
2019-12-09,40.8067581,-73.9607082,297970
2019-12-09,40.799484,-73.955613,297970
2019-12-09,40.73020660529954,-73.99102628231049,297971
2019-12-09,40.72746420692392,-73.97950418293476,297971
2019-12-09,40.720747,-73.986274,297972
2019-12-09,40.72036775298455,-73.96165072917938,297972
2019-12-09,40.73827428,-73.98751968,297973
2019-12-09,40.720747,-73.986274,297973
2019-12-09,40.71739973,-73.98016555,297974
2019-12-09,40.71739973,-73.98016555,297974
2019-12-09,40.734232,-73.986923,297975
2019-12-09,40.713126,-73.984844,297975
2019-12-09,40.72951496224949,-73.99075269699097,297976
2019-12-09,40.72453734,-73.98185424,297976
2019-12-09,40.7643971,-73.97371465,297977
2019-12-09,40.743,-73.93561,297977
2019-12-09,40.71291224,-74.01020234,297978
2019-12-09,40.70834698,-74.01713445,297978
2019-12-09,40.72966729392978,-73.98067966103554,297979
2019-12-09,40.739445,-73.976806,297979
2019-12-09,40.70717936,-74.00887308,297980
2019-12-09,40.72521311,-73.97768752,297980
2019-12-09,40.75066386,-74.00176802,297981
2019-12-09,40.74317449,-74.00366443,297981
2019-12-09,40.75066386,-74.00176802,297982
2019-12-09,40.74317449,-74.00366443,297982
2019-12-09,40.6802133,-73.98432695,297983
2019-12-09,40.6767,-73.969024,297983
2019-12-09,40.76132983124814,-73.97982001304626,297984
2019-12-09,40.751551,-73.993934,297984
2019-12-09,40.73269,-73.98974,297985
2019-12-09,40.71939226,-74.00247214,297985
2019-12-09,40.72740794,-73.98142006,297986
2019-12-09,40.72951496224949,-73.99075269699097,297986
2019-12-09,40.7381765,-73.97738662,297987
2019-12-09,40.730563,-73.973984,297987
2019-12-09,40.76712840349542,-73.96224617958069,297988
2019-12-09,40.7689738,-73.95482273,297988
2019-12-09,40.6711978,-73.97484126,297989
2019-12-09,40.675146838709786,-73.97523209452629,297989
2019-12-09,40.70706456,-74.00731853,297990
2019-12-09,40.70905623,-74.01043382,297990
2019-12-09,40.72708584,-73.95299117,297992
2019-12-09,40.73026,-73.95394,297992
2019-12-09,40.8067581,-73.9607082,297993
2019-12-09,40.7987859,-73.9523,297993
2019-12-09,40.72621788,-73.98379855,297994
2019-12-09,40.72066442,-73.98517977,297994
2019-12-09,40.73704984,-73.99009296,297995
2019-12-09,40.74487634,-73.99529885,297995
2019-12-09,40.73652889,-74.00618026,297996
2019-12-09,40.73291553,-74.00711384,297996
2019-12-09,40.6767,-73.969024,297997
2019-12-09,40.6769694,-73.96579,297997
2019-12-09,40.746647,-73.993915,297998
2019-12-09,40.72951496224949,-73.99075269699097,297998
2019-12-09,40.735445,-73.99431,297999
2019-12-09,40.72307749068673,-73.98583620786667,297999
2019-12-09,40.6802133,-73.98432695,298000
2019-12-09,40.6772744,-73.98282002,298000
2019-12-09,40.75513557,-73.98658032,298001
2019-12-09,40.74734825,-73.99723551,298001
2019-12-09,40.6831164,-73.99785267,298002
2019-12-09,40.6849668,-73.98620772,298002
2019-12-09,40.751873,-73.977706,298003
2019-12-09,40.74444921,-73.98303529,298003
2019-12-09,40.74395411,-73.99144871,298004
2019-12-09,40.74345335,-74.00004031,298004
2019-12-09,40.728846,-74.008591,298005
2019-12-09,40.73038599,-74.00214988,298005
2019-12-09,40.751873,-73.977706,298006
2019-12-09,40.7381765,-73.97738662,298006
2019-12-09,40.7262807,-73.98978041,298008
2019-12-09,40.72299208,-73.97995466,298008
2019-12-09,40.71285887,-73.96590294,298009
2019-12-09,40.72325,-73.94308,298009
2019-12-09,40.6867443,-73.99063168,298010
2019-12-09,40.69512845,-73.99595065,298010
2019-12-09,40.739445,-73.976806,298012
2019-12-09,40.73221853,-73.98165557,298012
2019-12-09,40.76030096,-73.99884222,298013
2019-12-09,40.7505853470215,-73.9946848154068,298013
2019-12-09,40.7949879,-73.9333349,298014
2019-12-09,40.7817212,-73.94594,298014
2019-12-09,40.6831164,-73.99785267,298015
2019-12-09,40.680611,-73.99475825,298015
2019-12-09,40.74395411,-73.99144871,298016
2019-12-09,40.73971301,-73.99456405,298016
2019-12-09,40.73726186,-73.99238967,298018
2019-12-09,40.74322681432173,-73.97449783980846,298018
2019-12-09,40.73535398,-74.00483091,298019
2019-12-09,40.71754834,-74.01322069,298019
2019-12-09,40.6864442,-73.98759104,298022
2019-12-09,40.6686273,-73.98700053,298022
2019-12-09,40.76068327096592,-73.9845272898674,298023
2019-12-09,40.75513557,-73.98658032,298023
2019-12-09,40.6851443,-73.95380904,298024
2019-12-09,40.6707767,-73.9576801,298024
2019-12-09,40.69089272,-73.99612349,298025
2019-12-09,40.6861758,-73.99645295,298025
2019-12-09,40.78948541553215,-73.95242929458618,298026
2019-12-09,40.7923272,-73.9383,298026
2019-12-09,40.76030096,-73.99884222,298028
2019-12-09,40.75513557,-73.98658032,298028
2019-12-09,40.735238,-74.000271,298031
2019-12-09,40.74173969,-73.99415556,298031
2019-12-09,40.736502,-73.97809472,298032
2019-12-09,40.72580614,-73.97422494,298032
2019-12-09,40.711512,-74.015756,298033
2019-12-09,40.71748752,-74.0104554,298033
2019-12-09,40.76915505,-73.98191841,298034
2019-12-09,40.76341379,-73.99667444,298034
2019-12-09,40.734814,-73.992085,298035
2019-12-09,40.73291553,-74.00711384,298035
2019-12-09,40.72502876,-73.99069656,298036
2019-12-09,40.72217444,-73.98368779,298036
2019-12-09,40.7457121,-73.98194829,298037
2019-12-09,40.74901271,-73.98848395,298037
2019-12-09,40.7489006,-73.97604882,298039
2019-12-09,40.741459,-73.983293,298039
2019-12-09,40.71273266,-74.0046073,298040
2019-12-09,40.711512,-74.015756,298040
2019-12-09,40.7949879,-73.9333349,298041
2019-12-09,40.7923272,-73.9383,298041
2019-12-09,40.73781509,-73.99994661,298043
2019-12-09,40.74345335,-74.00004031,298043
2019-12-09,40.72557,-73.94434,298046
2019-12-09,40.71929301,-73.94500379,298046
2019-12-09,40.7949879,-73.9333349,298048
2019-12-09,40.797911,-73.9423,298048
2019-12-09,40.71625008,-74.0091059,298054
2019-12-09,40.71754834,-74.01322069,298054
